-2.263260173753998217e+01
-2.225447766697260121e+01
-2.188160133366720572e+01
-2.151390299640712911e+01
-2.115131425362569573e+01
-2.079376800640354972e+01
-2.044119842233082096e+01
-2.009354090021881944e+01
-1.975073203564517499e+01
-1.941270958731674412e+01
-1.907941244423572158e+01
-1.875078059365240080e+01
-1.842675508979115406e+01
-1.810727802333340719e+01
-1.779229249164440674e+01
-1.748174256972860263e+01
-1.717557328189905874e+01
-1.687373057414842137e+01
-1.657616128720618676e+01
-1.628281313026920429e+01
-1.599363465539226326e+01
-1.570857523252518462e+01
-1.542758502518344343e+01
-1.515061496673986241e+01
-1.487761673732385148e+01
-1.460854274131706632e+01
-1.434334608543145251e+01
-1.408198055735936371e+01
-1.382440060498234047e+01
-1.357056131612788263e+01
-1.332041839886163892e+01
-1.307392816230466082e+01
-1.283104749796343746e+01
-1.259173386156265373e+01
-1.235594525536868282e+01
-1.212364021099421940e+01
-1.189477777267263292e+01
-1.166931748099190358e+01
-1.144721935707840288e+01
-1.122844388721924780e+01
-1.101295200791488327e+01
-1.080070509135086532e+01
-1.059166493127979258e+01
-1.038579372930402123e+01
-1.018305408154967040e+01
-9.983408965723072015e+00
-9.786821728540074261e+00
-9.593256073520384675e+00
-9.402676049137365766e+00
-9.215046037315177685e+00
-9.030330742264897737e+00
-8.848495179651443721e+00
-8.669504666082694655e+00
-8.493324808914081814e+00
-8.319921496359029334e+00
-8.149260887899528072e+00
-7.981309404987957379e+00
-7.816033722033310482e+00
-7.653400757664546639e+00
-7.493377666263956627e+00
-7.335931829763525869e+00
-7.181030849697245699e+00
-7.028642539503232811e+00
-6.878734917068479504e+00
-6.731276197509910908e+00
-6.586234786185757528e+00
-6.443579271930749641e+00
-6.303278420508756419e+00
-6.165301168277820487e+00
-6.029616616060623713e+00
-5.896194023215501012e+00
-5.765002801901941254e+00
-5.636012511535509972e+00
-5.509192853426214675e+00
-5.384513665595525467e+00
-5.261944917766908425e+00
-5.141456706524480502e+00
-5.023019250635119448e+00
-4.906602886529299212e+00
-4.792178063935506493e+00
-4.679715341664264727e+00
-4.569185383536486178e+00
-4.460558954452589653e+00
-4.353806916597246612e+00
-4.248900225776350403e+00
-4.145809927881213497e+00
-4.044507155477053750e+00
-3.944963124510703079e+00
-3.847149131134680822e+00
-3.751036548643255308e+00
-3.656596824517244215e+00
-3.563801477573702581e+00
-3.472622095217361871e+00
-3.383030330790026685e+00
-3.294997901015109143e+00
-3.208496583533684721e+00
-3.123498214529199402e+00
-3.039974686437568963e+00
-2.957897945740009416e+00
-2.877239990835375849e+00
-2.797972869989331812e+00
-2.720068679357776187e+00
-2.643499561081546823e+00
-2.568237701450035271e+00
-2.494255329131148002e+00
-2.421524713465092571e+00
-2.350018162819672796e+00
-2.279708023004775708e+00
-2.210566675743777409e+00
-2.142566537199555476e+00
-2.075680056553333319e+00
-2.009879714633819425e+00
-1.945138022595113814e+00
-1.881427520640892359e+00
-1.818720776793669724e+00
-1.756990385706495905e+00
-1.696208967516114940e+00
-1.636349166735155736e+00
-1.577383651182175051e+00
-1.519285110947647732e+00
-1.462026257394423379e+00
-1.405579822191121986e+00
-1.349918556376930479e+00
-1.295015229456361716e+00
-1.240842628522666136e+00
-1.187373557408359703e+00
-1.134580835861713544e+00
-1.082437298747831900e+00
-1.030915795273101843e+00
-9.799891882317570690e-01
-9.296303532734653263e-01
-8.798121781906933503e-01
-8.305075622248248024e-01
-7.816894153898613640e-01
-7.333306578127467557e-01
-6.854042190891855846e-01
-6.378830376540224334e-01
-5.907400601651763283e-01
-5.439482409001855645e-01
-4.974805411643877795e-01
-4.513099287098927270e-01
-4.054093771643584310e-01
-3.597518654687819062e-01
-3.143103773233617559e-01
-2.690579006406395024e-01
-2.239674270050371341e-01
-1.790119511380064699e-01
-1.341644703679320816e-01
-8.939798410400393025e-02
-4.468549331326344964e-02
0.000000000000000000e+00
4.468549331326344964e-02
8.939798410400393025e-02
1.341644703679320816e-01
1.790119511380064699e-01
2.239674270050371341e-01
2.690579006406395024e-01
3.143103773233617559e-01
3.597518654687819062e-01
4.054093771643584310e-01
4.513099287098927270e-01
4.974805411643877795e-01
5.439482409001855645e-01
5.907400601651763283e-01
6.378830376540224334e-01
6.854042190891855846e-01
7.333306578127467557e-01
7.816894153898613640e-01
8.305075622248248024e-01
8.798121781906933503e-01
9.296303532734653263e-01
9.799891882317570690e-01
1.030915795273101843e+00
1.082437298747831900e+00
1.134580835861713544e+00
1.187373557408359703e+00
1.240842628522666136e+00
1.295015229456361716e+00
1.349918556376930479e+00
1.405579822191121986e+00
1.462026257394423379e+00
1.519285110947647732e+00
1.577383651182175051e+00
1.636349166735155736e+00
1.696208967516114940e+00
1.756990385706495905e+00
1.818720776793669724e+00
1.881427520640892359e+00
1.945138022595113814e+00
2.009879714633819425e+00
2.075680056553333319e+00
2.142566537199555476e+00
2.210566675743777409e+00
2.279708023004775708e+00
2.350018162819672796e+00
2.421524713465092571e+00
2.494255329131148002e+00
2.568237701450035271e+00
2.643499561081546823e+00
2.720068679357776187e+00
2.797972869989331812e+00
2.877239990835375849e+00
2.957897945740009416e+00
3.039974686437568963e+00
3.123498214529199402e+00
3.208496583533684721e+00
3.294997901015109143e+00
3.383030330790026685e+00
3.472622095217361871e+00
3.563801477573702581e+00
3.656596824517244215e+00
3.751036548643255308e+00
3.847149131134680822e+00
3.944963124510703079e+00
4.044507155477053750e+00
4.145809927881213497e+00
4.248900225776350403e+00
4.353806916597246612e+00
4.460558954452589653e+00
4.569185383536486178e+00
4.679715341664264727e+00
4.792178063935506493e+00
4.906602886529299212e+00
5.023019250635119448e+00
5.141456706524480502e+00
5.261944917766908425e+00
5.384513665595525467e+00
5.509192853426214675e+00
5.636012511535509972e+00
5.765002801901941254e+00
5.896194023215501012e+00
6.029616616060623713e+00
6.165301168277820487e+00
6.303278420508756419e+00
6.443579271930749641e+00
6.586234786185757528e+00
6.731276197509910908e+00
6.878734917068479504e+00
7.028642539503232811e+00
7.181030849697245699e+00
7.335931829763525869e+00
7.493377666263956627e+00
7.653400757664546639e+00
7.816033722033310482e+00
7.981309404987957379e+00
8.149260887899528072e+00
8.319921496359029334e+00
8.493324808914081814e+00
8.669504666082694655e+00
8.848495179651443721e+00
9.030330742264897737e+00
9.215046037315177685e+00
9.402676049137365766e+00
9.593256073520384675e+00
9.786821728540074261e+00
9.983408965723072015e+00
1.018305408154967040e+01
1.038579372930402123e+01
1.059166493127979258e+01
1.080070509135086532e+01
1.101295200791488327e+01
1.122844388721924780e+01
1.144721935707840288e+01
1.166931748099190358e+01
1.189477777267263292e+01
1.212364021099421940e+01
1.235594525536868282e+01
1.259173386156265373e+01
1.283104749796343746e+01
1.307392816230466082e+01
1.332041839886163892e+01
1.357056131612788263e+01
1.382440060498234047e+01
1.408198055735936371e+01
1.434334608543145251e+01
1.460854274131706632e+01
1.487761673732385148e+01
1.515061496673986241e+01
1.542758502518344343e+01
1.570857523252518462e+01
1.599363465539226326e+01
1.628281313026920429e+01
1.657616128720618676e+01
1.687373057414842137e+01
1.717557328189905874e+01
1.748174256972860263e+01
1.779229249164440674e+01
1.810727802333340719e+01
1.842675508979115406e+01
1.875078059365240080e+01
1.907941244423572158e+01
1.941270958731674412e+01
1.975073203564517499e+01
2.009354090021881944e+01
2.044119842233082096e+01
2.079376800640354972e+01
2.115131425362569573e+01
2.151390299640712911e+01
2.188160133366720572e+01
2.225447766697260121e+01
