-1.508840115835998752e+01
-1.493589105165946052e+01
-1.478486576599136271e+01
-1.463530816082116459e+01
-1.448720154357925871e+01
-1.434052965958865755e+01
-1.419527668217417471e+01
-1.405142720295022229e+01
-1.390896622228531854e+01
-1.376787913994095902e+01
-1.362815174588266132e+01
-1.348977021126072628e+01
-1.335272107955880472e+01
-1.321699125790759055e+01
-1.308256800856207391e+01
-1.294943894053969835e+01
-1.281759200141720534e+01
-1.268701546928451762e+01
-1.255769794485317448e+01
-1.242962834371694747e+01
-1.230279588876328489e+01
-1.217719010273271074e+01
-1.205280080092457418e+01
-1.192961808404713864e+01
-1.180763233120940470e+01
-1.168683419305365234e+01
-1.156721458502537025e+01
-1.144876468077997167e+01
-1.133147590572323793e+01
-1.121533993068419832e+01
-1.110034866571802326e+01
-1.098649425403752744e+01
-1.087376906607071447e+01
-1.076216569364330056e+01
-1.065167694428334499e+01
-1.054229583564714723e+01
-1.043401559006371571e+01
-1.032682962919637681e+01
-1.022073156881999623e+01
-1.011571521371104154e+01
-1.001177455264990535e+01
-9.908903753532904091e+00
-9.807097158592403829e+00
-9.706349279723379908e+00
-9.606654793914787049e+00
-9.508008538783885299e+00
-9.410405508211622916e+00
-9.313840848078042356e+00
-9.218309852095469381e+00
-9.123807957737795959e+00
-9.030330742264897737e+00
-8.937873918839839504e+00
-8.846433332737440480e+00
-8.756004957643387598e+00
-8.666584892040669175e+00
-8.578169355683717967e+00
-8.490754686157414355e+00
-8.404337335519684871e+00
-8.318913867026672904e+00
-8.234480951938410342e+00
-8.151035366403913685e+00
-8.068573988423871413e+00
-7.987093794890038012e+00
-7.906591858699401953e+00
-7.827065345941758068e+00
-7.748511513159711761e+00
-7.670927704679447956e+00
-7.594311350010546136e+00
-7.518659961314422269e+00
-7.443971130939047498e+00
-7.370242529019371602e+00
-7.297471901141689088e+00
-7.225657066071172530e+00
-7.154795913540529462e+00
-7.084886402099366265e+00
-7.015926557022550192e+00
-6.947914468276317201e+00
-6.880848288541252522e+00
-6.814726231290696212e+00
-6.749546568923253886e+00
-6.685307630948944535e+00
-6.622007802226797857e+00
-6.559645521253804290e+00
-6.498219278503358787e+00
-6.437727614812654764e+00
-6.378169119817250987e+00
-6.319542430432884217e+00
-6.261846229382067364e+00
-6.205079243765615260e+00
-6.149240243677467355e+00
-6.094328040862079021e+00
-6.040341487413064314e+00
-5.987279474512702038e+00
-5.935140931210564297e+00
-5.883924823241276414e+00
-5.833630151879437342e+00
-5.784255952831851566e+00
-5.735801295165221525e+00
-5.688265280269244606e+00
-5.641647040853681183e+00
-5.595945739978663624e+00
-5.551160570117913196e+00
-5.507290752253229726e+00
-5.464335535000075517e+00
-5.422294193763366188e+00
-5.381166029922423988e+00
-5.340950370044722284e+00
-5.301646565127393629e+00
-5.263253989866129245e+00
-5.225772041950143887e+00
-5.189200141383337517e+00
-5.153537729830315328e+00
-5.118784269987125768e+00
-5.084939244975394956e+00
-5.052002157760177248e+00
-5.019972530589983606e+00
-4.988849904459163653e+00
-4.958633838591386400e+00
-4.929323909944299587e+00
-4.900919712734347122e+00
-4.873420857981414223e+00
-4.846826973072842826e+00
-4.821137701346184024e+00
-4.796352701690231868e+00
-4.772471648164095193e+00
-4.749494229633438813e+00
-4.727420149423794626e+00
-4.706249124990574906e+00
-4.685980887605007084e+00
-4.666615182055972255e+00
-4.648151766367330850e+00
-4.630590411529955652e+00
-4.613930901249013949e+00
-4.598173031705060865e+00
-4.583316611329668611e+00
-4.569361460594562274e+00
-4.556307411814458419e+00
-4.544154308962883526e+00
-4.532902007501538044e+00
-4.522550374221712133e+00
-4.513099287098931711e+00
-4.504548635159549619e+00
-4.496898318359776603e+00
-4.490148247476599686e+00
-4.484298344010645643e+00
-4.479348540100747122e+00
-4.475298778450170545e+00
-4.472149012264398316e+00
-4.469899205200200676e+00
-4.468549331326338248e+00
-4.468099375095263781e+00
-4.468549331326338248e+00
-4.469899205200200676e+00
-4.472149012264398316e+00
-4.475298778450170545e+00
-4.479348540100747122e+00
-4.484298344010645643e+00
-4.490148247476599686e+00
-4.496898318359776603e+00
-4.504548635159549619e+00
-4.513099287098931711e+00
-4.522550374221712133e+00
-4.532902007501538044e+00
-4.544154308962883526e+00
-4.556307411814458419e+00
-4.569361460594562274e+00
-4.583316611329668611e+00
-4.598173031705060865e+00
-4.613930901249013949e+00
-4.630590411529955652e+00
-4.648151766367330850e+00
-4.666615182055972255e+00
-4.685980887605007084e+00
-4.706249124990574906e+00
-4.727420149423794626e+00
-4.749494229633438813e+00
-4.772471648164095193e+00
-4.796352701690231868e+00
-4.821137701346184024e+00
-4.846826973072842826e+00
-4.873420857981414223e+00
-4.900919712734347122e+00
-4.929323909944299587e+00
-4.958633838591386400e+00
-4.988849904459163653e+00
-5.019972530589983606e+00
-5.052002157760177248e+00
-5.084939244975394956e+00
-5.118784269987125768e+00
-5.153537729830315328e+00
-5.189200141383337517e+00
-5.225772041950143887e+00
-5.263253989866129245e+00
-5.301646565127393629e+00
-5.340950370044722284e+00
-5.381166029922423988e+00
-5.422294193763366188e+00
-5.464335535000075517e+00
-5.507290752253229726e+00
-5.551160570117913196e+00
-5.595945739978663624e+00
-5.641647040853681183e+00
-5.688265280269244606e+00
-5.735801295165221525e+00
-5.784255952831851566e+00
-5.833630151879437342e+00
-5.883924823241276414e+00
-5.935140931210564297e+00
-5.987279474512702038e+00
-6.040341487413064314e+00
-6.094328040862079021e+00
-6.149240243677467355e+00
-6.205079243765615260e+00
-6.261846229382067364e+00
-6.319542430432884217e+00
-6.378169119817250987e+00
-6.437727614812654764e+00
-6.498219278503358787e+00
-6.559645521253804290e+00
-6.622007802226797857e+00
-6.685307630948944535e+00
-6.749546568923253886e+00
-6.814726231290696212e+00
-6.880848288541252522e+00
-6.947914468276317201e+00
-7.015926557022550192e+00
-7.084886402099366265e+00
-7.154795913540529462e+00
-7.225657066071172530e+00
-7.297471901141689088e+00
-7.370242529019371602e+00
-7.443971130939047498e+00
-7.518659961314422269e+00
-7.594311350010546136e+00
-7.670927704679447956e+00
-7.748511513159711761e+00
-7.827065345941758068e+00
-7.906591858699401953e+00
-7.987093794890038012e+00
-8.068573988423871413e+00
-8.151035366403913685e+00
-8.234480951938410342e+00
-8.318913867026672904e+00
-8.404337335519684871e+00
-8.490754686157414355e+00
-8.578169355683717967e+00
-8.666584892040669175e+00
-8.756004957643387598e+00
-8.846433332737440480e+00
-8.937873918839839504e+00
-9.030330742264897737e+00
-9.123807957737795959e+00
-9.218309852095469381e+00
-9.313840848078042356e+00
-9.410405508211622916e+00
-9.508008538783885299e+00
-9.606654793914787049e+00
-9.706349279723379908e+00
-9.807097158592403829e+00
-9.908903753532904091e+00
-1.001177455264990535e+01
-1.011571521371104154e+01
-1.022073156881999623e+01
-1.032682962919637681e+01
-1.043401559006371571e+01
-1.054229583564714723e+01
-1.065167694428334499e+01
-1.076216569364330056e+01
-1.087376906607071447e+01
-1.098649425403752744e+01
-1.110034866571802326e+01
-1.121533993068419832e+01
-1.133147590572323793e+01
-1.144876468077997167e+01
-1.156721458502537025e+01
-1.168683419305365234e+01
-1.180763233120940470e+01
-1.192961808404713864e+01
-1.205280080092457418e+01
-1.217719010273271074e+01
-1.230279588876328489e+01
-1.242962834371694747e+01
-1.255769794485317448e+01
-1.268701546928451762e+01
-1.281759200141720534e+01
-1.294943894053969835e+01
-1.308256800856207391e+01
-1.321699125790759055e+01
-1.335272107955880472e+01
-1.348977021126072628e+01
-1.362815174588266132e+01
-1.376787913994095902e+01
-1.390896622228531854e+01
-1.405142720295022229e+01
-1.419527668217417471e+01
-1.434052965958865755e+01
-1.448720154357925871e+01
-1.463530816082116459e+01
-1.478486576599136271e+01
-1.493589105165946052e+01
