1.011050
0.982977
0.971113
0.979798
0.969836
0.987807
1.051767
1.029038
1.012621
0.926873
0.922583
1.013264
0.999955
0.949200
1.005599
0.940402
1.077777
0.953335
1.026327
0.992502
1.026139
1.067108
1.077926
1.062800
1.045430
0.957955
1.050279
0.948810
1.009089
0.979166
1.098920
1.095872
0.948450
0.975834
0.967746
1.003017
1.027397
1.042257
0.939641
1.018742
1.047117
0.982437
1.022987
0.997574
1.020774
0.964906
1.009273
1.023417
1.001976
1.035807
0.975916
0.997375
0.986386
1.015399
0.911967
1.057511
0.989113
0.938971
0.982819
1.077438
0.989601
0.987916
0.993770
1.028046
1.065441
1.047413
1.039600
0.990475
0.999637
0.966231
0.962104
0.937387
0.961745
1.066371
1.012303
1.003392
0.965945
0.993931
0.958654
0.925882
1.022612
1.022910
1.061700
0.941366
1.036155
1.015636
1.062326
0.927840
0.973483
0.945554
0.989055
1.010183
1.037158
1.022089
1.016498
1.020168
0.954832
0.997458
1.052669
0.930516
0.921142
1.028437
0.947230
0.938426
0.987804
0.988198
1.029317
0.908026
0.935144
0.934553
0.966858
1.008768
0.917752
1.042663
1.008530
0.916978
1.104973
1.063569
0.964552
1.008810
0.896700
1.054907
0.974306
0.937401
0.997090
0.932481
0.973529
1.010289
1.075051
1.028732
1.002105
1.060353
0.983288
0.976458
1.038316
0.973856
0.959780
1.043222
0.981773
1.026461
1.001495
0.967627
1.047448
0.997334
1.047692
0.978586
1.022104
1.017245
0.961455
0.987033
0.990464
0.951251
0.997504
0.986373
0.957832
0.997217
1.034574
0.961872
0.987456
0.931453
0.943142
0.965534
0.957587
0.977742
1.020451
1.109628
1.007779
0.992370
0.941864
1.035611
0.845500
0.904819
0.958953
1.009609
1.105175
1.015665
0.993050
0.821639
1.057920
0.967910
0.954323
0.991923
1.065722
0.948064
0.943522
0.986531
0.985629
1.082753
0.986576
0.950876
1.021411
0.934658
0.994238
1.032796
1.028015
1.028670
1.037234
0.921891
0.902014
1.036613
0.928695
1.068849
1.014605
1.024947
1.054975
1.018698
1.058304
1.047507
1.037009
1.045377
0.939995
0.965528
1.020691
0.982613
1.015766
1.085283
1.007288
0.928644
1.045444
0.972538
1.079719
1.030090
0.967577
0.974260
1.031136
1.022464
0.920505
0.945144
0.981752
1.016718
1.000672
0.949257
0.917208
1.063367
0.985844
0.934640
0.993157
0.916631
0.983668
1.038463
0.984067
1.012365
1.024233
1.047244
0.961487
1.017460
0.982429
1.075831
1.045228
0.967248
1.086185
0.992464
0.953665
0.989862
1.035782
0.965767
0.998588
1.079898
0.990986
1.009380
1.009413
1.031817
1.020106
1.059755
1.018367
1.018345
1.036142
0.990442
0.954118
0.848742
0.988565
1.000160
0.961963
0.910675
0.982996
0.958774
1.072489
1.027887
0.945904
1.033979
1.002183
0.905884
1.003664
0.961584
0.998424
1.100426
1.088063
0.960690
1.112834
0.980372
1.003502
1.033821
0.952340
1.050736
1.009264
1.080484
0.985584
1.014615
0.981665
0.965728
0.988419
1.010238
1.028983
0.973455
0.997630
0.904939
1.013925
0.974657
0.984095
1.041549
1.082505
0.936671
1.011858
0.963738
1.033784
0.946147
0.886904
0.922012
1.042415
1.015390
1.055822
0.975664
1.014469
1.060417
0.953298
1.005391
1.065659
0.990401
1.074988
0.988719
1.006203
1.021215
0.995551
0.988192
0.878985
0.957207
1.080551
1.020205
0.957761
0.920928
1.038671
0.966602
0.956967
1.003985
0.992710
0.974807
1.009837
1.039000
0.918873
1.059935
1.060849
1.038309
0.934856
1.017094
1.023974
0.940945
0.931902
0.970263
0.998046
0.985575
0.959828
0.935609
0.915653
1.000065
1.048878
0.955047
1.056305
1.101493
1.020694
1.059075
1.013740
0.968803
0.964568
0.985319
0.974807
0.973988
0.929811
0.990643
0.965147
1.051366
1.039761
1.122808
0.919902
1.006773
1.004712
1.020801
0.945030
0.913095
0.972433
1.121333
1.056069
0.999272
0.989323
1.004942
1.027103
0.943190
1.047446
0.963364
0.983075
1.068301
1.051182
0.956815
0.916794
1.043608
1.039063
0.872724
0.929565
0.966268
1.019280
0.983409
0.980172
0.973179
0.981812
1.027543
0.994307
1.036050
0.946976
1.043028
0.994886
1.045662
0.977387
0.984496
0.944143
1.022920
1.030362
0.972905
0.980569
0.982814
1.019233
0.981428
0.924071
0.907094
0.987167
1.025888
1.035599
0.962327
1.021879
1.001871
0.975920
0.947293
0.979968
0.966042
1.005296
0.993940
1.004573
1.042641
1.128725
1.095866
1.027735
1.060293
0.939517
1.019539
0.909548
0.957167
0.892733
0.994081
1.074866
0.987497
1.017990
1.064749
1.057793
0.963835
0.974919
0.996875
0.983883
0.995112
0.904162
1.021975
0.946657
0.922628
0.974888
1.018918
0.993992
0.925862
1.074103
1.046329
1.004002
1.051688
0.947302
0.979996
1.039947
0.928725
0.972610
1.035582
0.966021
1.104425
0.903508
0.987548
1.026069
0.910009
1.049411
0.990788
1.045675
0.959260
0.982509
0.932639
0.987786
1.158374
1.081345
1.037327
0.956223
1.052803
1.018613
0.890696
1.059527
0.972126
0.948964
1.025848
1.017647
1.077318
0.928857
0.978674
0.917704
0.949130
0.996939
1.034734
1.108897
0.991427
1.017758
1.064949
0.929965
0.932538
1.005822
1.031277
1.010873
0.966108
1.047594
1.005333
1.066786
0.982186
1.005665
0.973489
0.995539
0.981500
0.931331
0.961967
1.057652
0.974715
0.990025
0.986859
1.042741
1.032269
0.890010
1.027007
0.955444
0.997660
1.068291
1.068028
0.976766
1.003893
1.062032
0.893586
1.008176
0.989076
0.993288
0.965175
0.966119
1.057271
1.006719
1.079684
0.975947
0.957547
0.929365
1.013532
0.980808
0.993619
0.938726
1.031317
1.078161
1.038309
0.966067
0.989488
1.092743
0.978483
1.030675
0.922023
0.999370
0.909570
1.035705
0.925839
1.017620
0.955260
1.012073
1.046468
0.964343
0.999103
1.030113
0.996843
0.972595
1.016341
1.060279
1.033880
1.053421
1.042240
1.065930
0.938563
1.018570
0.980346
1.038622
0.957031
1.018688
0.991318
1.014103
1.093366
1.139199
0.987965
0.991966
0.997010
0.979744
1.036634
1.001150
1.086456
1.132785
0.982387
0.933026
0.942362
1.012680
1.045938
1.024715
0.973153
1.036911
0.973957
1.028275
0.963388
0.984468
0.992639
0.966395
0.970602
0.943443
0.903641
0.977329
0.956028
1.047303
0.882278
1.016075
1.050346
1.030318
1.026001
0.962958
0.970878
1.012584
1.014112
0.978359
1.035221
0.923447
1.063240
1.038378
1.026232
1.021914
0.997174
1.124864
0.994043
1.029743
0.978128
0.991487
0.932397
1.111047
1.032794
1.012803
0.976053
0.888210
0.967941
0.982767
0.980299
1.018014
0.993357
0.987739
0.969882
1.002878
0.990677
0.929968
1.017930
0.970347
0.952098
0.930627
1.074456
0.940359
0.982518
1.013053
0.958602
0.992746
0.988656
1.038935
0.895639
0.955048
0.988453
0.892788
1.041140
0.944624
1.034475
1.007061
0.938133
1.087150
0.996546
0.936390
0.995637
0.921578
0.871425
1.006229
1.018350
0.967256
1.038319
0.957443
0.985624
1.043297
1.064017
1.038162
1.008993
0.899339
0.965115
0.953143
1.076742
1.018090
1.023554
1.042265
0.956044
1.014123
1.022915
0.948160
1.022040
0.967541
1.008574
0.942583
1.030218
1.052164
1.005366
1.017880
0.914036
1.034144
0.913412
1.003131
0.936736
0.960223
0.997732
1.021251
1.045130
0.965086
0.953915
0.894953
0.916833
0.945872
1.003866
1.049722
1.011168
0.959277
0.951309
1.038383
0.981855
0.993065
1.009061
1.016687
1.043841
0.910141
1.039054
1.016673
0.954996
1.035590
1.115301
1.094312
1.031399
0.954076
1.012891
0.987740
0.978283
1.057577
1.047158
0.995105
0.946432
0.986942
1.021341
0.955414
0.964890
0.987625
1.019096
1.074983
0.999253
0.972132
1.041210
0.993043
1.063010
0.980029
1.027197
1.119513
0.950700
1.025934
1.016289
0.951654
1.058315
0.974565
1.028242
1.044191
1.014217
1.000104
1.031208
0.992126
1.021209
0.977024
0.967923
1.033487
0.916636
1.068843
1.025102
1.027303
0.963348
1.013123
1.000342
0.925878
1.003852
0.938044
1.011026
0.939624
1.019245
1.013300
0.975716
0.921611
1.046499
0.961316
1.112571
0.878135
0.959082
0.984800
1.056585
1.063718
1.003209
1.006567
1.041928
1.020570
0.881437
0.947095
1.001106
1.002601
0.957946
0.917758
1.096299
0.972988
0.917242
1.023605
1.065738
1.005026
1.055926
0.887095
1.039464
0.939197
1.116649
1.016617
1.097138
1.069509
0.907794
1.060925
1.046217
0.968621
0.926289
1.095393
1.021739
1.035515
0.996860
0.936549
0.980801
1.061442
0.921414
1.076023
0.990812
0.997198
0.980045
1.081699
0.997003
1.039988
1.007226
1.028635
1.075662
0.972744
0.963788
1.051099
1.001698
1.018250
0.995261
0.970982
1.015499
0.938747
0.972892
0.966723
1.077377
0.969764
0.935933
0.998917
1.092105
1.057398
0.989734
0.981973
1.008734
0.935430
0.959150
1.014134
0.932696
1.049782
0.943696
1.025797
1.007639
1.105350
0.899335
1.055214
0.960076
1.048578
1.014070
0.983236
1.066316
0.963039
0.985085
0.993138
0.990845
1.048736
1.025818
1.072582
1.022216
0.982098
0.967583
1.010650
0.967215
1.035593
0.992065
1.084042
0.981861
1.008882
0.937025
0.938648
1.021595
1.083598
0.986711
0.975469
1.020975
0.999959
0.987278
1.017177
0.968822
1.085908
1.055213
0.979712
0.916132
0.994330
0.976485
0.898864
0.933046
1.055918
1.006116
1.018759
0.955845
1.015859
0.958115
1.033176
0.948433
0.894972
0.999209
1.000318
0.984185
1.003276
0.910065
0.998404
0.984786
1.020122
1.077374
0.999181
1.063618
0.977245
1.003554
0.990795
0.911618
1.041808
1.074007
1.045905
1.005374
1.045007
0.991455
0.907016
1.030265
0.909062
1.051202
1.002907
1.005325
1.018490
0.947199
1.020042
1.004024
1.072396
1.003363
1.041760
1.026571
1.031473
1.103101
1.008056
0.939031
1.033878
1.021096
0.958051
0.995518
1.023515
1.059677
1.022627
0.992544
0.920337
1.037871
0.896493
0.996934
0.978365
1.009547
1.005041
0.982909
0.988008
0.993914
0.970179
0.958700
0.970212
0.996629
0.981623
0.920367
1.012289
1.021474
0.915496
1.021680
0.999157
1.055720
1.001969
0.995848
1.025422
1.018021
0.983125
1.027829
1.067398
1.057030
1.012511
1.007316
0.983936
0.975090
0.987002
0.889006
1.043625
1.000859
1.021148
0.988292
0.955970
1.009296
0.967797
0.939943
0.915266
0.950580
1.113689
0.974566
1.022242
0.946335
1.038045
0.954097
1.107164
1.039717
1.054757
0.932915
0.984779
0.961146
1.036941
0.958343
1.084457
1.010210
0.936952
1.017629
0.963797
1.010347
1.026559
0.989776
0.961809
1.045848
0.912865
1.105471
0.980220
1.014564
0.991599
1.005438
1.007098
1.007681
1.066134
0.995146
1.070279
0.892213
1.051222
1.074791
0.930545
1.061030
1.033092
1.059276
0.972051
0.956562
0.964623
1.025861
0.979023
0.970782
1.004194
0.939001
0.867779
0.894748
1.098594
1.019999
1.095744
0.972335
0.994638
1.064596
1.155422
0.991394
0.938501
0.854354
1.057245
0.953603
1.003258
0.993146
0.946039
1.013190
0.992380
1.036539
1.051398
0.983219
1.058688
1.007425
0.993914
1.004011
1.009776
0.954840
0.987549
1.019146
1.057756
0.972863
0.984296
1.001375
1.075390
0.963774
1.025602
0.965407
0.988300
0.983292
0.993323
0.982874
1.108012
1.014238
0.998535
0.974173
0.912410
1.061419
1.028426
0.915943
1.007750
1.001416
1.042362
0.927007
1.086899
0.947313
0.894780
1.081384
1.027280
0.966691
1.052080
0.989262
0.994959
1.086757
0.994927
1.057932
0.928382
1.032738
1.002257
1.052619
1.010606
1.010408
1.001737
1.054121
0.862852
1.003981
1.049550
0.949810
1.066596
0.984375
1.051292
0.990846
0.988035
0.967697
1.069830
1.004051
1.045961
0.964572
0.996536
1.087892
0.975682
0.958442
0.998044
0.971256
1.051795
1.116430
1.100835
0.964821
0.964372
1.065626
1.015536
1.059768
0.935135
0.907194
0.998715
1.009313
1.005421
1.051203
1.012001
0.969740
0.924650
1.024835
1.019626
0.982302
0.936879
0.930602
0.977075
1.051886
0.995784
1.035336
1.108050
1.004802
0.926846
1.083731
0.910650
1.025614
0.971951
0.999211
0.991858
1.024234
0.927494
0.957782
0.991167
1.014471
1.034942
0.990814
0.992671
0.947215
1.065750
0.899528
0.913206
0.943166
1.015983
1.032998
0.976720
1.001199
0.966741
0.949506
0.959697
0.963471
0.946406
1.093415
0.885476
0.968039
0.924148
0.954486
0.990832
1.108771
1.000452
1.039667
0.956815
0.961079
0.927529
1.082725
0.990267
1.049515
1.026974
1.012978
0.904016
1.018917
1.077841
0.993514
1.045554
0.974301
0.928188
0.952880
0.934129
0.987984
1.016545
1.021882
1.036111
0.935409
1.075016
1.040028
0.972748
0.936961
0.977057
0.962757
1.025414
0.978500
1.059044
0.925473
1.011022
1.061685
0.981888
1.034418
0.915996
1.029387
0.968555
1.013590
0.954306
1.011531
0.970029
1.009299
1.026060
0.987327
0.993145
0.979177
1.001389
1.003620
1.046906
0.993974
1.104160
0.939554
1.055964
1.010417
1.007537
1.029256
0.942208
1.025937
0.938021
0.998264
1.013072
0.975303
0.951393
1.044107
0.971007
1.003564
0.962093
1.041210
1.162367
0.924509
0.977028
1.065919
0.982605
0.981413
0.973713
0.973678
1.000331
1.002840
0.965048
1.085961
0.943479
1.033329
0.925054
1.009246
0.981414
1.018355
0.978310
1.070305
1.003770
0.935272
1.042655
1.018163
0.901922
0.934884
0.995267
1.063529
0.999488
0.965322
1.066755
0.990506
1.033192
0.909664
1.017721
1.074936
1.038345
0.923190
0.950280
1.052985
0.995603
0.973955
0.994761
0.963383
1.034448
0.946049
0.950852
0.973599
1.004463
1.036845
0.982883
0.920977
0.961169
0.941208
1.058644
1.040530
0.985904
1.082740
0.994186
0.941236
0.950588
0.958546
0.959145
0.913143
0.999047
0.938629
1.082891
0.956602
0.945083
1.019210
0.953205
1.056902
0.979625
1.031985
0.921988
0.920177
0.906951
0.947812
1.067230
1.076674
1.053365
1.008216
0.923562
1.062490
0.975070
1.013200
0.905456
0.973113
0.951385
1.134994
1.025771
1.013296
1.111872
1.036729
0.949314
0.951795
0.950226
1.038709
1.062775
0.922054
1.002579
1.009821
1.050840
1.017582
1.042471
0.993156
0.987140
0.981976
0.990629
1.037141
1.030381
0.971280
0.995030
1.032749
0.966488
0.991749
0.972990
0.962956
1.008134
0.957875
1.035237
0.914579
0.983912
1.005500
0.952224
1.100222
1.028037
0.975060
0.912767
1.032877
1.057986
1.010160
0.993854
0.994723
1.058874
1.084487
1.049132
1.031062
0.994214
0.957813
0.964640
0.972907
1.018300
0.915208
1.003026
1.019723
1.075626
0.852666
0.992741
1.013581
1.002833
1.008455
0.969902
1.039859
0.992414
0.964858
0.975023
1.048846
0.985941
0.914132
1.003612
0.991727
0.983543
1.012759
0.988263
1.097757
0.997909
0.993235
1.101592
0.961588
0.961392
1.012293
1.018635
0.982538
1.094258
1.047730
1.010087
0.911780
0.987383
0.904852
1.029672
0.986077
1.020159
1.001153
1.044510
0.879425
1.020270
0.999004
1.029924
0.995487
1.064104
1.030158
1.011579
0.992316
0.995255
1.055334
0.977552
0.984550
1.021567
1.086032
0.996093
0.889302
1.041573
1.063187
0.886982
1.009050
0.963796
1.003683
0.940988
0.954629
1.001584
1.029256
0.922094
0.975111
1.050841
1.064961
1.037200
0.948150
0.959778
0.903372
0.978086
1.024619
0.939254
1.019587
0.968713
1.018213
0.991778
1.023486
0.997705
1.034477
0.942907
0.984024
0.971082
0.998114
1.086879
1.011673
1.015299
0.887839
0.975584
1.040443
1.122944
1.033238
0.887734
1.009269
0.963532
0.886019
0.952042
0.846554
1.013588
0.963641
1.097317
0.973075
0.938100
1.040013
0.922082
1.020692
0.969520
0.980951
0.980718
0.950955
1.034682
1.049722
1.006953
0.953578
0.998294
1.035712
0.996506
1.023310
1.082704
1.016254
1.093599
0.997168
0.944442
0.988432
1.029238
1.015728
0.994205
0.938387
1.008878
1.046670
1.085469
0.987885
1.015202
0.976000
1.007535
1.099064
0.922795
1.039432
1.056559
0.977988
0.926908
0.996542
0.959835
0.932127
1.025228
1.139893
1.017415
0.950294
0.954379
0.979424
1.074996
1.046008
1.018989
1.037947
0.975908
0.957135
0.920951
0.944111
0.947270
1.055076
0.944839
0.924523
1.006100
0.991688
1.002470
1.040573
0.988503
1.076928
0.984813
0.985767
0.988722
0.950477
0.978413
1.001273
1.010691
1.083720
1.039460
1.014996
0.963522
0.962865
1.046518
0.996189
0.997493
1.055423
1.006051
1.006507
1.002766
1.115034
0.985397
0.988686
0.955774
1.100613
0.914245
0.968780
0.982914
1.010505
1.023777
1.005368
1.070177
0.921225
0.951138
1.022191
0.955926
1.064991
1.100153
0.893813
0.967601
1.053650
1.017048
0.948931
0.952921
1.023917
1.011049
1.006871
1.057164
0.996294
1.028695
1.023842
0.964605
0.913154
1.121546
0.903236
1.017195
1.015827
1.016846
0.916792
1.010436
1.118309
0.964717
0.930064
1.041862
1.031072
1.009377
0.998502
0.987091
0.913990
0.961459
1.096647
0.986767
0.946618
0.999040
0.973888
0.950575
1.048532
1.062818
1.038067
0.938144
1.035385
0.923659
0.965717
0.981431
1.012607
1.092524
0.945386
0.964512
1.014099
1.022410
1.050957
1.024494
0.993766
1.003885
1.036651
0.945372
1.051771
1.051665
1.063943
1.007868
0.977890
1.023900
1.029589
1.001950
1.011869
1.028966
1.032413
1.026075
0.941682
1.041759
0.959321
1.013291
1.046665
1.098332
0.991868
1.085934
1.042224
0.954427
1.021286
0.958576
1.025154
1.018276
0.991551
1.015332
0.963995
0.990968
1.061003
0.987913
0.981761
0.967600
1.001914
1.044828
0.995635
1.043052
1.012134
1.069097
1.000898
1.028024
1.070657
1.112113
0.927069
0.986044
1.006835
0.945432
0.996565
1.105819
1.054541
1.000345
0.965306
0.978993
0.977840
0.888266
1.039009
0.938032
1.052944
1.090672
1.193113
0.933206
0.949257
1.024693
1.029243
0.967503
0.983834
1.016599
1.011100
1.034744
0.881305
0.868332
1.016498
0.913823
1.017988
0.945808
1.046289
1.014169
0.932159
1.013731
0.922150
1.106430
0.975429
0.970125
0.997646
1.038118
1.014065
0.865575
1.021270
0.966967
0.978733
0.925315
0.960301
1.030963
0.937952
0.903690
0.975818
1.016808
0.912918
0.959639
0.965615
0.971100
1.041987
0.960868
0.975795
0.936183
0.993611
1.033839
1.000284
1.002813
1.077367
1.102474
1.008810
0.978487
1.062361
0.985633
1.010196
1.061249
0.968562
1.037588
1.020538
1.059400
1.021776
0.959568
1.038309
1.128579
1.029645
0.956610
0.955059
1.003432
1.046449
0.974731
0.984104
1.061194
0.943320
0.943587
1.087611
1.075711
1.056813
1.008122
0.950890
0.818243
1.048966
1.108350
1.012329
0.987952
1.070200
0.988469
0.970263
0.998833
1.015610
1.072579
1.052675
0.988905
0.918296
0.975162
1.020198
0.942994
1.026136
1.028617
1.004267
0.993367
0.971228
1.086145
1.032534
1.019199
1.073935
1.018163
1.043946
0.994969
1.003395
0.998991
1.036086
1.060068
0.987618
0.919299
0.947808
0.994507
1.033205
1.114134
1.006763
1.026366
1.043789
0.934548
0.917885
0.979632
1.012290
0.981950
1.049505
1.125461
1.050045
1.103364
1.014869
1.003689
1.027161
0.948530
1.073272
1.133336
0.997781
1.099923
1.058194
1.091158
1.016517
1.109004
0.903672
1.015494
1.117128
1.005771
0.895216
1.027813
0.957459
0.957984
1.006466
0.951727
1.033647
1.051560
1.048905
1.016838
0.935599
0.955035
0.984965
0.985805
0.931378
1.100471
0.922233
1.049055
0.948555
0.959017
1.135288
1.152614
0.942829
0.992022
1.045055
1.011824
0.987473
0.987765
0.999275
0.991386
1.037669
0.905721
1.022033
1.038347
0.972548
1.039009
0.971771
1.018766
0.872745
0.953392
0.982211
0.935362
1.047566
1.016495
1.067727
1.085463
1.082673
0.921859
1.024360
0.902939
0.997600
1.059701
1.041590
0.986094
0.982615
1.036282
0.965231
1.034058
0.921830
1.020324
0.944916
1.024229
0.925421
1.002099
0.963623
1.116848
1.030982
0.993935
0.997775
0.869360
0.970906
0.901033
0.938706
1.072621
0.916594
1.014808
0.955127
1.151392
1.069350
1.041895
0.956352
0.978621
1.051764
1.091770
0.995632
1.010664
0.948421
1.087698
0.996117
0.923097
1.056401
0.979218
1.044981
1.090352
0.976350
1.058305
0.992546
0.988305
1.050162
0.927060
0.964692
1.017933
0.973633
1.053978
0.997569
0.976082
0.860139
1.002952
1.031630
1.046470
1.115092
1.052799
1.138813
1.122984
1.039130
0.926232
1.051890
1.087588
0.921115
1.067578
1.101681
1.022108
1.021060
1.051124
1.091398
0.957767
0.954396
1.038918
0.975743
1.000570
0.984919
0.987810
1.053675
1.010648
0.975304
0.948140
0.966453
0.986484
1.036500
0.964597
0.969195
0.865341
0.953456
1.025850
0.857384
0.986108
1.086949
0.997421
1.062095
0.990758
0.977167
0.973896
1.070214
1.022183
0.989760
1.004113
0.946601
0.938432
0.977134
1.008988
0.975386
0.998250
0.997036
1.027002
0.989972
1.064284
0.966044
1.012935
1.007301
0.959928
1.028412
1.076181
0.952902
0.978233
0.981801
0.982529
1.029861
0.996378
1.071637
1.090094
1.005649
0.939630
1.038125
0.977099
0.985616
1.025216
1.084048
0.986494
1.006266
1.070437
1.033210
1.009966
1.058800
0.960897
1.017872
0.991472
1.038809
1.061683
0.969780
1.024860
0.952399
1.009692
1.028360
1.043852
0.980645
1.066393
1.053808
0.939083
0.993679
1.021349
0.973209
0.949988
1.000829
0.902317
1.055734
0.938626
1.028354
1.006559
1.047527
1.020135
0.996710
1.062510
1.139088
0.984422
0.993452
1.086555
1.071088
1.053774
0.966654
1.021185
0.957314
1.017076
1.070717
1.021330
0.942145
1.054258
1.023358
0.977277
0.909577
0.929343
0.958180
0.979728
1.059229
1.003788
1.037433
0.993212
0.950754
1.083663
1.042105
0.969748
0.927258
0.991434
1.051764
1.105434
0.992819
0.958453
1.016836
0.979992
0.950294
0.936603
1.039160
1.041939
0.892419
1.003854
0.927333
0.983348
0.997652
0.951627
1.066688
0.992189
0.963682
0.975840
0.948912
1.009300
0.991381
1.075296
0.935466
1.073543
0.897539
1.070351
0.841854
1.059868
1.055167
0.906207
0.956684
0.988267
0.999952
0.975148
1.044030
1.028173
0.914087
0.983799
0.960359
0.972495
0.952882
0.957884
1.051763
1.056752
1.072116
0.918834
0.967678
1.040273
0.911898
1.008801
0.951862
0.991029
0.973990
0.992744
0.995931
0.925514
0.968891
1.010129
0.934932
0.968201
0.945851
0.996272
0.954052
0.905595
0.946061
1.008570
0.967441
1.061906
0.973996
0.985645
1.104339
0.984178
0.935666
0.881380
1.014943
0.940482
1.010888
1.022000
1.078105
1.025432
0.990901
0.999972
0.964860
0.953561
0.963131
1.047183
1.042547
1.013863
1.004354
0.901291
0.980102
0.977536
1.044736
1.031376
1.004046
1.068797
0.888489
1.002461
1.003920
1.044549
0.998441
1.047439
0.928448
0.998774
1.019256
0.987363
0.993607
0.962382
0.944400
1.024224
1.049183
0.971036
1.023613
1.011498
0.953092
0.977360
1.023083
0.990624
1.026731
0.915801
0.961819
1.031344
1.038248
1.030495
1.061594
1.003979
0.919334
1.080265
1.078308
0.899983
1.148269
1.019470
1.033597
0.988601
0.979242
0.922925
0.999614
1.050101
0.991867
1.075818
0.964468
1.069316
1.164424
1.069952
1.033149
1.016953
1.000468
1.013996
1.061643
1.027995
1.035645
0.959011
1.018196
1.016658
0.994912
1.045714
0.932110
1.026294
0.907347
0.915961
0.943682
0.910347
1.012813
0.971832
1.004122
0.951625
1.051422
1.066667
0.978424
0.974949
1.049914
1.053211
1.021009
1.029353
0.912698
0.952650
1.056650
1.021227
0.875807
0.939109
1.059104
1.089443
0.969398
1.025398
0.890350
0.936580
0.869939
1.005288
1.050491
1.056065
0.935835
1.068824
0.971706
1.037915
1.013588
0.963517
1.047494
1.054745
1.013360
0.959762
1.048398
0.999498
0.952359
0.955039
1.059758
1.064405
0.971098
1.003158
1.042148
1.019860
0.937366
0.959508
1.037803
1.026471
1.008247
1.026175
0.958712
1.022466
0.964082
0.978027
0.919420
1.127413
1.071586
0.995942
1.018041
1.107831
0.972055
0.963632
1.032215
1.030094
0.961551
0.999016
1.059235
0.997458
1.026063
1.078842
0.909949
1.032931
0.998461
1.114644
0.966066
1.031751
0.903890
1.036153
0.911999
1.016804
1.084854
0.937312
1.039916
0.983297
1.012906
0.942374
1.083194
1.042001
1.091750
1.009811
0.915923
0.953738
0.997005
1.057754
1.031785
0.936022
1.017613
1.008612
1.025889
1.018368
0.996967
0.958000
1.116318
1.067594
1.036895
1.038330
1.148954
0.993597
0.949015
0.852040
0.965252
0.916309
1.005710
0.991283
1.012270
1.048507
0.988586
0.980673
0.947415
0.953746
1.048372
0.981312
0.971959
1.092645
0.965819
0.954252
1.023419
0.956545
1.055955
0.992338
1.029641
0.961999
0.975588
1.134575
0.966303
0.986647
0.892172
1.003073
0.946220
0.954206
0.985029
1.004130
1.002876
1.018232
0.992936
0.992480
0.983470
1.031730
1.093952
0.958741
1.045836
1.054803
1.006178
1.000618
1.128220
1.069498
1.005783
0.954641
0.970497
1.044623
0.979257
0.954012
0.997672
0.992986
0.962153
0.965347
0.953530
1.069198
1.005281
1.064513
0.928916
0.966967
0.993752
0.878662
0.981856
0.998050
0.960779
0.972128
1.016076
1.069268
1.078569
1.017316
1.039234
1.063320
0.904072
1.006741
0.946819
1.087736
1.042367
1.065308
0.992722
1.053863
0.956695
1.014282
0.990325
1.063993
1.021192
0.967740
1.116994
0.971920
0.984932
0.951722
1.078164
0.963819
1.079917
0.903258
1.068048
1.050303
1.030002
1.017901
1.049661
1.028897
1.056845
1.015703
1.058920
0.968480
0.973740
0.994116
0.961147
1.014721
1.018137
0.926269
0.983904
0.898228
1.107800
1.069901
1.013227
1.006939
1.134711
1.013194
1.024091
1.024887
0.960504
0.952018
1.027547
1.039881
0.918957
1.069581
0.969142
1.035465
0.956700
0.943273
0.934547
1.031418
0.952358
1.065989
1.028008
0.985875
1.055355
0.976386
0.978578
0.983167
1.053366
1.088964
0.915317
0.939774
0.947901
1.137422
1.053902
0.922379
1.083512
0.986589
1.026253
1.029552
1.011791
1.065340
0.981679
0.967441
1.059267
0.983415
1.010192
0.928299
0.967534
0.983013
1.038293
1.042861
0.982809
0.938893
0.989718
1.035002
0.988918
1.031633
0.973474
0.920590
0.904528
0.942763
0.983006
0.975467
0.945365
0.999372
1.033662
1.031070
0.990397
0.971952
1.032016
0.976070
1.015648
0.925791
0.993925
1.015321
0.988697
1.003577
0.988622
1.011863
0.970375
1.005968
0.972093
1.032677
0.934908
1.082776
1.027699
1.017696
1.023743
0.961895
0.949480
1.074932
0.971870
0.952937
0.925801
0.997485
0.929621
0.958290
0.995256
1.030349
0.976823
0.972098
1.010018
1.020847
1.013672
1.057526
1.038817
1.012243
1.050615
0.992345
1.043387
1.037088
0.913370
0.971137
0.935589
0.963050
1.073793
1.027609
0.961531
1.038128
1.011330
1.041744
1.019932
1.106699
1.048312
1.041260
1.072910
0.888705
0.930198
1.000947
1.018806
1.019623
0.979776
0.977986
0.944992
1.070143
0.978016
1.009307
0.979758
0.984110
0.951123
0.933987
1.060832
1.018623
0.989438
0.998657
0.974947
1.021870
0.999273
1.074700
0.944438
1.066489
0.884873
0.946995
0.985786
0.938706
0.986889
0.994068
0.975603
1.112414
0.998174
0.902914
0.963165
0.902102
1.029022
1.094051
0.982676
0.904026
1.095800
0.879450
0.940594
0.926362
1.014841
0.960432
1.006732
0.986305
0.999817
1.001614
0.931885
0.982292
0.949262
1.065249
0.977436
0.923502
1.061566
1.022057
1.057884
0.978582
0.937021
0.892698
0.879696
1.000201
0.973198
0.960614
1.004342
1.051512
1.045706
0.957776
0.932917
0.977822
1.041093
0.976081
1.012146
1.042462
1.053197
0.971198
0.951738
1.016858
1.006468
0.928023
1.012858
0.980086
0.978687
1.086887
1.040156
0.965531
1.039503
1.004750
1.097888
1.030255
1.014251
0.986354
0.986981
1.002487
1.016382
1.002253
0.986024
1.044031
1.006042
1.012797
0.980398
1.023109
1.041044
1.032612
1.011390
0.967154
0.981863
1.008860
0.988756
1.016308
1.102093
0.958803
0.968425
1.033651
0.970254
0.947733
1.012925
1.048382
1.052450
1.023655
0.969020
0.959181
1.043858
0.979551
1.038961
0.936153
1.011872
1.058418
0.997056
0.934545
0.993127
0.994837
0.985780
1.014327
1.054447
1.078363
1.054818
0.986027
0.994346
1.009352
1.045584
0.955508
1.007946
1.026405
0.977249
0.990674
1.028594
1.065632
1.010008
1.031364
1.031872
0.864038
1.034078
0.984057
1.022016
0.991167
1.129390
1.004166
1.064879
1.001737
1.026409
1.032638
0.966605
0.967701
0.988849
0.988532
1.048831
0.941782
0.970852
1.060074
1.016758
0.974073
1.001274
1.037416
1.039461
1.017080
1.080608
1.066660
0.879207
1.004737
0.982911
1.018577
0.973604
1.088611
1.065189
1.103973
0.922476
1.040854
1.048496
0.947509
1.095290
0.965672
1.022283
0.931875
1.015634
1.054643
1.074630
0.953170
0.972499
1.023753
1.002444
1.016252
1.042069
0.981004
1.084250
1.040868
0.885392
0.984161
0.955373
0.861962
0.975950
0.963000
1.021380
0.983927
1.079929
1.083906
1.011389
1.000037
0.944050
0.996014
1.004630
0.971669
0.987385
0.947760
0.990039
0.992493
1.012720
0.932068
0.981707
0.955095
0.958019
0.922486
0.994653
0.937417
0.986495
0.924320
0.972719
1.024729
1.026263
0.944482
0.913576
0.983596
0.991795
1.048185
1.005138
0.980053
1.048711
1.000727
0.933615
1.040248
1.010455
1.088320
1.000855
1.061129
1.078983
0.925462
1.037247
1.079232
0.974832
0.958339
0.982466
0.993181
0.987127
1.001842
0.999442
0.954839
1.000332
1.005808
0.991325
1.025234
0.998769
0.987925
1.012432
1.082719
1.083328
0.921616
1.075867
0.964845
0.931379
0.884871
0.989916
0.951409
1.005757
1.027651
0.933810
1.000626
1.006139
1.049804
0.979548
1.022128
1.079477
1.005162
1.072465
0.951040
1.002139
1.058203
1.019249
1.027600
0.992890
0.985239
1.038064
1.033238
1.041630
0.913910
0.939060
1.020977
1.023512
1.017629
0.967871
0.967641
0.949817
0.995428
1.005594
1.015983
1.000207
1.049612
0.925315
1.018320
1.003903
0.965808
1.011335
1.049080
0.993720
0.965237
0.985649
1.074599
1.057969
1.013454
0.963740
0.891318
0.935865
0.987877
0.958887
0.955048
1.008345
0.935825
0.998920
0.949235
0.962195
1.047857
1.024083
0.942691
1.004872
1.039219
0.931231
1.020917
1.031120
1.062141
1.009050
1.011116
0.971457
1.021560
1.030996
1.035654
0.953277
0.995802
0.945642
1.077266
1.011534
0.958911
0.998090
0.952875
1.085942
0.922857
1.044315
1.026548
0.981739
1.011532
0.921192
0.983503
0.994375
0.944706
1.025058
0.979880
1.012110
0.964584
0.995208
0.983102
0.939576
0.956273
1.078003
0.993010
1.039533
0.992726
1.006155
1.094439
1.007706
0.970294
1.023204
0.928913
1.023245
1.009045
1.009389
0.970315
1.063301
0.949974
1.055317
1.045001
1.035586
0.925934
1.018739
0.928393
0.945793
1.056639
1.029147
0.962184
0.978547
1.038305
1.065962
1.031454
1.048204
0.967693
1.061599
1.099232
0.965630
1.086063
1.025489
0.982640
1.019112
0.921231
0.986865
1.041627
1.054357
0.978029
0.956368
0.963639
1.010653
1.027918
0.990844
1.014395
0.898881
0.989775
0.977591
0.979410
1.031974
1.031218
0.973620
1.109319
0.927387
0.971426
1.069688
0.951538
0.998003
0.960817
1.081304
1.005685
1.017627
1.078486
0.939951
0.992312
0.973363
1.018234
1.011137
1.017984
0.993503
0.998049
1.007523
1.058499
1.005983
1.003771
0.960891
1.042816
0.955915
1.037550
0.962921
0.934103
1.000496
0.966945
0.949747
0.982983
1.033908
0.950115
1.029605
1.050585
1.014088
1.070786
1.006367
0.971205
0.983843
1.070494
1.025115
1.004974
0.969366
1.042479
0.969478
1.012388
1.013693
1.005219
0.979813
0.972153
1.036247
0.989128
0.945619
0.967807
1.109963
1.034258
0.932783
1.008245
0.985070
0.976322
0.986422
0.867001
0.984823
0.991457
0.920125
0.955325
0.955835
1.017965
1.046935
0.962711
1.029568
0.904445
0.981154
1.020168
1.022799
1.072594
0.977536
0.974422
0.949432
0.912224
1.074257
1.033524
1.002062
1.158835
1.034016
1.000765
1.009977
0.919210
0.976112
1.066880
0.984397
0.999706
0.964626
1.007168
1.076026
0.949262
0.955703
0.952446
1.042193
1.023116
0.951265
0.970956
1.059828
1.046705
0.970589
0.910408
1.007243
0.989083
1.106876
1.009165
0.986188
1.018507
0.932831
0.947860
1.047966
1.038613
1.039485
1.011610
0.992212
1.062229
0.971802
1.032444
0.989203
0.871912
1.023224
1.064510
1.056332
1.019265
1.019692
1.034678
0.991858
1.038190
0.965951
1.042842
1.030884
1.023466
1.002844
0.955370
0.972802
1.041439
1.032297
1.012583
1.083150
0.957179
0.977614
1.004266
1.036677
0.979702
1.063479
0.961519
1.029750
1.023415
1.023998
0.977874
0.999558
1.049497
0.961377
1.104862
1.064460
0.946358
1.003311
0.996871
0.981017
0.996723
0.963852
0.963554
1.044874
1.011326
0.997812
1.004859
1.032680
1.075979
1.080830
0.968964
1.015321
1.044243
1.001273
0.998663
0.990493
0.992010
0.851038
0.974920
0.950623
0.977910
0.976924
0.940804
1.058515
0.979257
1.018519
1.010816
1.024693
0.927482
1.062465
0.977319
0.969848
0.988978
0.979503
0.946004
1.018656
0.913943
1.021034
1.003855
0.918247
1.009117
1.017270
1.039690
0.987974
1.013843
1.057140
0.987164
1.039676
0.989986
1.006456
1.059139
0.935142
0.901880
1.105468
0.998883
0.979627
0.997826
1.091639
1.012305
1.068694
1.025547
1.025728
1.045225
0.981592
1.013136
1.014083
1.000191
0.914917
0.989926
0.923422
1.070295
1.036797
1.016406
0.932765
1.030387
1.089987
0.982733
1.094582
0.951624
1.041703
0.964722
0.965007
0.926885
0.977082
1.006764
0.981199
0.995156
1.011569
0.987663
1.070188
1.008202
1.101476
1.048643
1.073227
0.993629
1.064569
0.987134
0.956723
0.981510
0.974078
1.053730
1.033487
0.977727
0.952224
1.032087
0.998376
0.970345
1.035984
1.026216
1.090093
1.036459
0.947542
0.934301
0.953310
0.984648
0.994779
0.930469
0.968943
0.969017
0.932818
1.057122
1.024912
0.915248
1.017063
0.980860
1.019198
1.007930
0.994735
1.032181
1.011284
1.020661
0.988890
1.074549
0.946916
1.000193
0.999346
0.980076
0.993329
1.045729
1.006710
1.069438
0.956001
0.998418
1.048680
1.073366
0.929100
0.947024
1.019706
1.079602
1.060581
0.986739
1.024552
1.047908
1.023152
1.018493
1.018286
0.947340
1.077848
0.981072
1.031693
0.989520
0.963806
1.036209
0.990550
1.094530
1.028556
1.009636
1.018081
0.961825
1.023448
0.999358
0.998499
0.941489
0.990653
0.872052
0.956785
0.988720
1.034015
0.961515
1.095855
1.061310
0.932111
1.021009
0.941885
0.904444
0.977751
0.982363
1.015997
1.031275
1.020036
1.017761
0.916648
1.004454
1.039175
0.865816
0.991856
1.058036
0.937656
0.933310
1.088526
0.967400
0.972579
1.059283
0.972492
0.920013
1.136405
0.909459
0.996018
1.040074
1.041442
0.997512
0.917043
0.946263
0.926397
1.007298
0.949879
0.914879
0.907145
0.979894
1.003061
1.033279
0.990485
1.041938
1.032902
0.971451
1.015876
1.012175
1.034906
1.016569
1.044619
0.960773
1.108385
1.040989
1.031187
0.917358
1.118196
0.979023
1.024523
0.966600
0.982377
0.993441
0.979778
1.030049
0.976171
0.996747
1.024402
0.971148
0.980741
0.998196
0.963268
1.129566
0.968966
0.976381
1.000501
0.922697
1.021365
0.940927
0.981536
0.982247
1.008374
1.050346
0.946265
0.967927
0.986114
0.993374
1.023386
0.876246
1.008839
0.960073
1.044629
1.122306
1.005070
1.023349
0.948600
1.178953
0.925695
0.962361
0.968675
0.958050
1.060979
1.016550
0.851336
1.075567
0.995885
0.941954
0.982049
0.897708
1.035684
1.067113
0.931156
1.061525
1.055560
0.936833
0.978875
1.058167
1.019088
0.951721
1.016168
1.010680
0.891554
0.944467
0.930668
1.057065
0.960595
0.978920
0.951167
0.942190
1.057584
1.031593
1.056028
1.014143
1.008923
1.012682
1.034972
0.938916
1.066659
0.958204
0.992280
0.983622
1.012015
1.068380
1.027915
1.018766
1.046668
0.887157
0.955300
0.924900
1.019090
1.006210
0.907400
0.982936
0.969147
0.956980
0.958561
1.018268
1.012202
0.942270
1.025021
1.099469
1.003022
0.981416
1.041627
1.003652
0.934391
1.061274
0.927467
1.018166
1.020985
0.973700
0.963948
0.953074
0.919519
1.004314
1.012238
1.036157
1.048165
0.957423
0.934041
1.047794
1.044562
1.031321
0.966664
0.947369
1.038976
0.888202
1.004887
0.969532
0.983183
0.965422
1.086034
0.968420
0.993947
1.016624
1.013837
0.969784
1.033936
1.050464
1.017473
0.979662
1.036245
0.914066
1.020123
0.950272
1.027644
1.039929
0.945229
1.063234
0.970703
0.935449
1.034458
1.019262
1.016213
0.959630
1.051417
0.984218
0.959160
0.946456
0.979875
0.955589
0.999981
1.034991
1.096149
0.959936
1.110967
0.971041
0.974853
0.894947
1.043197
0.986448
0.982623
0.982775
1.125382
0.964252
0.936792
0.941570
1.022036
0.888739
0.912129
1.023738
0.980082
1.013533
0.969761
1.013838
0.939653
0.938837
1.035292
1.034677
1.005606
0.907112
0.978651
0.990499
0.981729
1.086757
1.050655
0.987634
0.999465
1.141534
1.031528
0.957376
0.952832
1.006217
1.009452
1.056597
0.927314
0.983092
0.985751
0.997972
0.959180
1.030489
1.029945
0.923734
0.999752
1.019846
1.022272
1.055716
0.986910
0.994541
0.932050
0.926019
0.918033
0.960386
1.050551
0.913004
1.074586
1.022710
0.993531
1.053106
0.898498
1.069221
1.070718
1.018811
1.008007
1.100869
0.917535
0.931638
0.943871
1.033010
1.055546
1.047583
0.948722
1.026586
1.056676
0.924200
1.014705
0.996081
0.997574
0.946014
0.942749
1.010236
1.132706
1.029037
1.028588
1.015222
0.910461
1.005548
0.986304
0.995803
0.944393
1.006967
1.000392
0.963067
1.016659
0.962975
0.961308
1.041764
1.060402
0.952806
0.941134
1.030391
1.053856
0.968357
0.959781
1.026468
0.981121
1.051804
1.005643
0.996837
0.995313
1.010585
0.997279
0.993431
0.931652
0.962992
1.028571
0.960399
1.036939
0.987829
1.037023
0.958795
0.999695
0.955651
0.962670
1.062390
1.006235
1.028809
1.070407
1.086037
0.995948
0.954834
1.043378
0.951134
0.928150
0.943103
0.990364
1.105118
1.060378
1.021053
0.983139
0.965527
0.998430
0.982630
0.924651
0.924699
0.944485
1.043622
1.009458
1.001809
1.052742
0.935046
0.986235
1.067632
1.002637
1.061985
1.011083
0.965148
0.978506
0.958779
0.905213
1.085464
0.951976
0.988498
1.018639
1.028923
1.010094
0.974104
0.934143
1.052694
0.996598
0.972093
1.007553
0.954976
1.024534
1.035841
0.991015
0.946655
0.960431
1.065050
1.022004
1.021151
0.971615
1.004011
0.967477
0.932746
0.966425
1.071855
1.002739
0.984070
0.946533
0.967120
1.013371
1.023908
1.052993
1.019443
1.054452
0.956635
1.030201
0.985807
1.085095
0.979009
0.980825
1.043681
0.959191
1.007285
0.973281
0.926086
0.903843
0.996324
0.974459
1.095404
1.054045
0.958496
0.970254
1.031167
1.020980
0.976146
1.031162
0.940123
0.937608
1.068458
1.066850
1.059852
0.932358
1.045676
0.978641
0.912386
0.991741
1.053646
0.891331
0.993322
0.965967
0.962531
0.953488
1.046186
1.055256
1.019475
1.024228
0.985472
1.024405
0.961208
1.058212
0.938954
1.026465
0.878364
0.973485
1.028603
1.044367
0.891474
1.028681
1.033772
0.962863
0.975197
1.044862
1.043913
0.968355
1.048619
1.012970
1.029021
0.931201
0.972755
1.040221
1.030945
1.009719
1.040771
0.985717
1.017514
1.039058
1.008319
1.013370
1.022165
1.018714
1.051563
1.029353
1.003212
0.970662
1.076863
1.025190
1.022538
1.055445
0.992679
0.961716
0.997397
1.033133
1.039864
0.980987
1.046333
0.998382
1.025571
1.017070
0.961354
1.016397
1.046821
1.020260
1.092748
0.921473
1.037993
0.994869
0.900415
0.991033
1.025352
1.112121
0.985968
0.982511
0.974007
0.911420
0.991096
0.959496
1.054114
1.068919
1.142592
0.949904
1.025503
0.918427
0.977553
1.010909
0.978119
1.024850
0.944355
0.988470
1.098915
0.930358
1.079365
0.971189
0.987231
0.983879
0.897147
1.036403
1.051922
0.921688
1.044718
0.972421
0.970671
0.989558
0.949006
1.040714
0.984296
1.013275
0.895823
0.964711
1.046436
0.997036
1.063668
0.909712
0.999053
1.033332
0.937901
0.893286
1.025648
0.978830
0.977355
1.037505
0.922760
0.978440
0.968303
1.029276
1.093176
0.997721
1.006795
0.979032
1.011616
1.017850
1.030400
0.997335
1.011428
1.080971
1.060130
0.924102
1.018362
1.048730
