0.961464
0.954145
0.917313
0.952363
0.941643
1.036458
1.020891
1.023923
0.962670
1.005932
0.947997
1.013849
1.064401
0.982065
1.014965
1.101284
1.070052
1.022333
0.913245
1.034897
1.001117
1.041807
0.928794
1.015283
1.070242
1.005782
1.076855
1.025444
0.997976
0.996927
0.940612
0.983483
0.973738
0.972274
0.943874
1.021539
0.963641
0.963672
1.010264
1.040194
0.976458
0.954020
0.983745
1.007571
0.975018
0.977430
0.978290
0.985011
0.920748
0.962975
0.991987
0.896536
0.988537
0.983279
0.977115
1.049953
1.021062
1.091587
0.957872
0.971048
0.995355
1.014965
1.004170
0.976468
0.967123
1.022985
1.004551
0.981574
1.058120
0.995268
1.015602
0.874114
0.963858
0.982228
0.991619
1.064523
1.034171
1.032900
0.985926
0.979934
1.003459
0.928296
1.003390
0.938816
1.028086
0.986645
0.922222
1.053893
1.055420
1.061845
0.962650
1.040302
1.112499
1.004013
0.925664
0.926065
1.073175
1.009250
0.975544
1.049862
1.016655
0.956989
0.981420
0.913487
0.951060
0.970466
0.945065
1.034754
0.939370
0.957403
0.932282
1.023369
0.949767
1.032640
0.959590
0.969086
0.997745
1.064774
1.024401
1.091535
1.092376
1.009309
1.013440
1.067731
0.997043
0.955080
1.084610
1.035652
1.010272
1.041846
0.979191
0.955454
1.026334
0.927478
0.964551
0.987047
0.980605
0.993037
1.081034
0.996489
0.968893
0.944508
1.014238
1.096977
0.968922
0.950748
1.060394
1.097342
0.972949
0.959773
0.886725
0.993709
0.947993
1.011584
1.017854
1.022723
0.998681
0.946270
1.018921
1.001314
1.064484
1.015644
1.013231
1.044038
1.017890
1.035088
1.048244
1.008937
1.064902
1.094938
1.064082
0.989032
0.992777
0.998503
0.972757
1.010627
0.979020
1.015738
0.971607
0.881274
1.012574
1.033175
0.952796
0.965693
1.064938
0.964915
1.011744
0.998106
0.929432
0.963501
1.045586
0.976925
1.035622
1.125383
1.026421
0.980517
0.911000
1.087065
1.026870
1.082487
0.998778
1.017961
0.980605
0.994504
0.864043
1.032206
0.970703
0.898573
1.010069
1.080589
1.051556
0.991360
0.947968
0.955900
1.036276
0.997519
0.981258
1.037013
0.973188
0.991863
0.955316
0.957303
1.029035
0.929009
0.986270
0.954918
0.985073
0.891121
1.021275
1.014939
1.030529
0.935065
0.968460
1.004761
1.014337
0.990773
1.015074
1.090699
0.995969
0.981855
1.040505
0.934804
1.014901
0.960525
0.926377
1.033856
1.023702
0.982252
1.000085
1.027412
1.014598
1.007476
0.973274
0.950543
0.909014
0.873993
0.995629
1.014820
0.936318
0.954874
1.010920
1.046347
1.017334
0.947203
1.013314
0.954618
0.945088
0.954755
1.110256
0.948351
0.988415
0.918079
0.979875
1.068001
1.033151
1.094962
0.933097
1.051023
1.013808
1.000666
0.993729
0.962950
1.122582
1.004872
0.961385
1.014526
0.998554
1.035684
1.034028
0.954422
0.966557
0.905684
0.977429
1.014761
0.924413
0.983271
0.944506
1.053264
1.022052
1.000961
1.011763
0.947284
1.004752
0.899770
1.039081
0.961608
0.954105
0.959467
0.954551
1.082710
1.010447
1.032489
1.013960
1.029650
1.101277
0.985751
1.091326
0.917461
0.937962
1.017020
1.023212
1.090536
0.968179
0.931478
0.966027
1.060185
0.969858
0.933810
1.081346
1.041679
1.002187
1.014034
1.024858
1.102736
0.995206
1.043413
0.914744
0.981057
1.004269
1.043028
1.013169
1.014387
1.020996
0.987438
0.954243
1.011242
1.028723
1.044018
1.001038
1.027806
1.055280
0.990407
1.006907
0.990522
0.984275
0.953383
1.013357
1.049711
0.997264
0.878637
1.062553
1.003071
1.066537
1.047073
0.988228
0.956526
0.985625
1.075827
1.008343
0.973222
0.998873
1.095793
1.075342
1.006525
0.886032
1.040380
0.937500
0.958966
1.042042
0.954033
0.983146
1.015178
0.947326
0.993340
1.036443
0.973710
0.971661
0.920544
0.972687
1.023342
0.970914
1.067716
0.977485
1.073251
0.963191
1.020333
0.926877
0.956619
0.960660
0.931749
1.001982
0.934575
0.996066
0.961220
1.025590
0.910720
0.962707
1.021958
0.927462
0.955481
0.954976
0.970815
0.993584
1.007595
1.028229
1.018148
0.926568
1.021182
0.989249
1.062884
1.043936
1.073131
0.971833
0.998242
0.955402
1.052266
1.000992
1.013099
0.975546
0.966502
0.932657
1.011048
0.894144
1.055680
0.981460
1.004397
1.046459
0.957171
0.993218
0.983421
1.059657
0.956897
1.088289
1.007193
0.861787
0.979892
1.034003
0.983393
0.942896
1.074445
1.008070
1.070573
0.892465
1.001385
0.923147
1.084370
1.015967
1.019738
1.007293
0.936738
1.121223
0.932793
1.073115
1.042439
0.959389
1.000050
1.097955
1.097905
0.936843
0.986345
0.995228
0.998771
0.998562
0.956361
1.054508
0.996100
0.972667
1.003618
0.899435
0.966156
1.032815
1.040255
1.039454
1.025219
1.043677
1.023924
1.068573
1.069590
1.001449
0.967780
0.888137
0.930374
1.015337
0.968949
0.971283
0.980658
1.098229
0.917067
1.074554
1.013616
0.981382
1.047122
0.953975
1.017373
0.930806
0.996211
0.988353
0.942704
0.999038
0.955699
0.965370
1.089254
1.032166
0.995073
1.006756
0.930174
0.997301
0.990555
0.955400
1.027150
0.999651
1.008925
0.978241
0.954018
0.995101
1.054961
0.942173
0.993612
1.052445
0.979164
1.085440
1.048509
0.925242
0.952922
0.998298
1.033365
1.045995
1.090472
1.000799
1.068482
0.956843
1.039971
0.967916
0.974434
0.975953
1.014448
0.915841
1.047096
0.999659
1.071118
0.961838
0.966101
1.009765
1.007829
1.124265
0.989048
1.044251
1.023560
0.987761
1.012490
1.011727
0.889211
0.914577
0.897369
0.970289
0.915446
1.028198
0.940403
0.943518
1.017717
0.995117
0.995628
0.982983
0.964121
1.061687
0.966204
1.032421
1.011966
1.025203
0.981588
1.029453
1.052559
0.941765
1.007017
0.968115
1.038080
1.016434
0.977453
0.994354
0.989937
1.036984
1.063263
1.035915
0.940350
0.993937
1.032488
1.038199
1.029535
1.045590
0.947203
1.037983
0.898522
1.031726
0.962456
0.972717
1.036228
0.999299
0.968418
1.044176
1.038769
1.056623
1.018881
1.066144
1.013371
1.066132
1.009348
1.001442
1.008177
0.984037
1.022085
1.063622
1.000477
1.031228
1.037969
0.944977
0.919102
0.910668
0.946274
1.005010
1.054458
0.925400
1.002533
0.984249
0.923272
1.023993
1.130472
0.902289
1.011530
1.034363
0.920569
0.985134
0.975751
1.014685
0.971452
1.020309
1.042096
1.020726
0.984405
0.973753
1.033524
0.982115
0.976122
0.918458
1.029914
0.960007
1.024170
1.021571
1.029875
0.917873
0.963075
0.940662
1.040087
0.983470
0.970638
0.881833
1.079638
0.941024
0.982497
0.915108
0.972345
1.039681
1.021891
1.024258
0.902293
0.933474
1.007054
1.057198
1.020038
0.996601
1.042530
1.053952
0.992176
0.990153
0.989156
1.021262
1.041523
0.968128
1.046012
1.007174
1.047211
1.049489
1.014422
1.016550
0.896676
1.063719
1.074041
1.054712
0.924275
1.016742
0.999172
0.968430
1.078421
0.963509
0.955529
1.123081
0.939250
1.004903
1.004105
1.019346
1.014511
1.004150
1.065783
0.987514
0.932428
1.031011
0.985685
0.991608
0.909607
1.041413
1.018424
1.041001
1.029406
0.870590
1.031135
0.924458
1.002390
1.107407
0.996246
0.983657
1.080552
0.993973
0.990432
0.957815
1.087779
0.998032
1.015007
1.058432
0.967103
0.939745
1.056792
0.958087
0.966006
1.001020
0.975115
0.928957
1.062483
0.950557
1.008860
0.974088
0.971326
1.100225
0.937062
1.071545
0.907378
1.017683
0.944902
0.971955
0.994319
1.020765
1.015199
0.990101
0.914785
1.002796
0.987926
0.999925
0.981576
1.011959
1.040703
1.022974
0.977912
1.015016
1.000769
0.947088
0.980971
0.944259
0.920613
0.883470
1.012547
1.026702
1.014436
0.986290
1.055622
1.027020
0.953547
1.062122
0.989155
0.984763
1.058226
0.989543
1.055549
0.912297
1.001232
0.988512
0.884452
0.942910
1.074610
0.939203
0.988753
1.111725
0.978964
1.026150
1.085812
1.030553
1.008727
1.076710
0.998518
0.960871
1.049968
0.904594
0.912516
1.032477
1.029609
1.023943
0.975670
1.015196
1.057632
0.993389
1.060020
0.975310
0.987603
1.040000
1.018224
0.973083
1.027225
0.964186
1.011482
0.941391
1.044065
1.120111
0.978295
0.940175
1.009473
0.985232
0.940025
1.013697
1.028423
0.997654
0.956228
1.055202
0.967729
0.986392
1.006150
1.067467
0.963107
1.036217
0.966488
0.992311
1.009593
0.966246
1.005029
1.079596
1.027946
0.983658
1.044766
1.031215
1.042530
1.037201
0.968962
1.009569
1.005012
1.049120
1.031556
1.028174
1.024393
0.986544
0.982375
1.040959
1.075107
0.982186
0.981012
1.040494
0.953320
0.938402
1.020543
0.983456
0.973534
0.958034
1.033544
0.988300
1.001066
1.033489
1.034964
1.046055
1.039747
0.954692
1.038594
0.980440
1.006866
0.931832
1.012682
0.989062
0.948212
0.956799
0.974274
1.004829
0.940110
0.995828
1.070491
1.027617
1.040225
1.018819
1.036152
0.991287
1.022769
0.945832
1.002632
0.997232
1.075695
0.946329
0.979975
1.008453
1.010467
1.025415
1.051662
1.000308
1.007399
1.019361
0.970883
1.045531
1.056426
1.002624
0.913432
1.057099
0.936881
1.055589
1.015988
0.945334
1.100119
1.043421
1.067928
0.933155
1.032174
0.967973
0.930356
0.933190
0.861960
0.978717
1.031104
1.011940
0.973922
0.990414
0.996042
0.993877
1.025105
1.038905
1.071840
1.021286
1.027056
0.985211
1.075145
1.015320
1.073061
0.969929
1.030718
0.911711
1.030618
1.072517
1.038171
0.970255
0.929916
1.075340
1.052760
1.062426
1.097893
1.020571
0.925535
0.980556
1.025015
1.053876
0.981546
0.956871
1.032254
0.982790
0.991194
0.978570
0.990180
1.011111
1.067994
1.044863
0.992928
0.987555
0.949932
0.954080
1.013055
1.005431
0.990268
1.019977
1.041485
0.936725
1.051209
1.108406
0.901883
1.036963
1.044918
0.950939
1.013223
1.031142
0.954092
1.036879
1.058140
0.944078
0.995771
0.946109
1.027673
1.075787
0.965575
1.008091
1.016592
0.927587
0.972620
1.090807
1.103479
0.958625
0.987319
0.974088
0.995119
1.020310
0.979856
1.004221
1.030253
1.026439
1.052694
1.040050
1.060507
1.040895
0.987101
0.891260
0.937749
0.981215
1.006433
1.090934
0.978746
0.946932
0.993270
1.035025
1.076954
1.022165
1.046171
1.005802
0.985143
1.033393
0.974016
1.043566
1.001438
1.059919
0.889980
0.968943
1.004631
1.073926
1.048176
0.955571
0.965774
1.008788
1.033216
1.055220
0.938441
0.985461
1.077905
0.998637
1.026179
0.976135
1.058661
1.072324
1.018420
1.020325
1.030252
1.007071
0.995533
0.994495
1.010760
1.013837
0.936235
1.028425
1.019558
1.043342
0.971738
1.057158
1.039574
1.008328
0.997767
0.983862
1.054601
0.970845
0.941041
1.043871
0.987353
1.096711
0.980447
1.040064
1.011463
1.072682
1.036960
0.937675
1.087327
0.958878
0.992444
0.976707
0.991345
0.988918
1.048973
1.109144
0.937470
0.994360
0.963934
1.044150
0.969020
0.928029
1.074845
1.008749
0.952675
0.995387
1.013178
1.001816
1.109839
1.059233
1.010365
1.033703
0.935479
0.960204
1.045599
0.987322
1.052206
1.059035
1.041719
0.956117
1.046587
1.046393
1.017938
0.942879
0.957479
0.990591
1.039129
0.961336
0.960425
1.107930
1.037782
1.040444
1.049598
1.009542
0.974995
1.023211
1.049620
0.999888
0.998253
0.990686
1.019711
0.968676
0.950430
0.994313
0.972784
1.021744
0.907738
1.040148
1.000401
1.043257
0.964618
1.085777
1.020928
1.050869
0.964231
1.021666
0.909475
1.037269
1.048627
1.009014
0.969461
1.005686
0.955440
0.934550
1.054861
0.937646
0.990587
1.044657
0.996581
0.978219
0.997351
1.018569
0.990879
1.021304
0.966552
0.957258
1.006543
1.004378
0.969441
0.946690
1.042302
1.004271
0.948247
0.943066
1.068916
1.077886
1.007616
0.985072
0.937665
0.982711
1.014541
1.066840
1.037259
1.031760
0.944393
1.041463
0.985348
0.970970
1.033355
1.075342
0.997912
0.921031
1.028068
0.982125
1.033057
1.047212
0.969690
1.034820
0.940588
1.007902
0.991433
1.027447
1.005223
1.058372
0.929088
1.046590
0.976566
0.963599
1.029416
1.065865
1.011181
1.040151
1.044441
0.984461
1.016474
0.986217
0.904778
0.968297
0.919325
0.964883
0.961087
0.941253
0.975264
0.929715
1.038104
1.006499
1.018820
0.953848
1.065346
1.106154
1.011604
1.005121
1.018101
0.995526
0.893292
1.034985
1.044721
0.974387
1.035318
0.947500
0.902936
0.933740
0.981158
0.914040
0.975636
0.954104
0.983540
0.983306
0.979247
1.078879
1.043189
0.997011
0.938614
0.940837
1.011251
0.902813
0.989336
0.945867
0.994127
0.983437
0.982929
0.920027
0.913196
1.007912
0.990306
0.991259
1.001272
1.009124
1.017950
1.036430
0.986720
0.938449
0.904977
0.922495
0.953379
1.020874
1.097273
0.933311
1.063921
0.908708
0.995259
0.985620
1.001197
0.946686
1.047271
0.933634
1.100691
0.978139
1.036277
0.945742
1.011745
1.038208
1.048426
1.056933
0.948851
0.995581
0.994510
0.935461
0.931434
0.971718
1.044709
1.025581
0.954793
1.054050
1.097272
1.012372
1.050872
1.072380
0.936558
1.045215
1.040720
0.960718
1.005532
1.051405
0.983812
1.052011
0.940774
1.073357
1.068527
1.034487
0.989398
1.036068
0.970991
1.068163
1.004828
1.006425
1.021130
1.070500
0.909039
1.065014
0.943123
1.009494
0.934851
0.989485
1.002233
0.872420
1.002495
1.007255
0.986633
1.023474
0.900747
1.090635
1.027787
0.987715
1.075994
0.944473
0.993019
1.019254
1.003468
1.046156
1.070710
1.013539
0.957806
1.007610
0.931405
0.983244
1.114220
0.932699
0.912087
1.015590
0.915101
0.952066
0.983160
0.957990
0.940840
0.940295
0.926074
0.952147
0.952942
0.978857
0.964816
0.979183
0.962864
0.940612
1.087830
1.037798
1.011009
1.030033
0.985096
0.987500
0.996496
1.045798
1.065294
1.001096
0.970866
0.960486
0.996290
1.075863
0.999054
1.005292
0.892197
0.931778
0.946184
1.026788
1.059937
1.035671
0.987369
1.027957
0.894384
0.965222
1.007449
0.983316
0.967982
0.979052
0.948096
0.999746
0.917748
0.992469
1.096818
1.017758
1.064501
0.981247
1.007908
1.019704
1.011139
0.924093
0.981842
0.938764
1.135226
1.008301
0.937216
1.061397
0.954856
0.974047
1.120135
0.961961
1.024861
1.019899
0.978774
0.937921
0.991733
0.849433
0.979166
1.011971
1.036299
1.039950
0.967728
0.978153
0.959899
1.022255
0.867098
1.034514
0.982095
0.934220
0.904730
1.041031
1.052734
0.996313
1.024006
1.026510
1.016739
1.037609
1.064027
1.043245
0.929406
0.882837
1.007005
1.025580
1.027623
0.992418
0.986724
1.009115
1.011027
1.033471
1.019462
0.941639
0.986057
1.009144
0.986717
0.986852
0.999901
1.007913
0.925111
0.994714
0.988736
0.984337
0.996113
1.046500
0.897895
0.925614
0.861054
0.988538
1.051991
1.006840
1.045730
0.952613
0.955773
1.027499
1.056250
1.083803
1.039091
1.041137
1.093017
0.835410
0.982780
1.017183
0.952199
0.991900
1.103407
1.022261
0.996036
1.030909
1.002826
0.956424
0.928345
1.089481
0.957997
0.973829
0.973170
0.937476
0.989967
1.158041
0.967753
0.932816
0.978947
1.085265
1.027195
0.998576
1.037807
0.953953
0.958506
1.035094
0.971907
1.076691
1.015954
0.891843
1.124165
1.003341
1.015715
0.977475
0.964747
0.990194
0.974837
1.000911
1.008993
1.023931
0.973037
0.993393
0.979212
1.023343
0.951514
0.961821
1.072389
1.074908
0.981856
0.983503
1.052171
0.959219
0.948783
0.980780
1.047698
1.004171
1.071589
0.938050
0.940796
0.995754
1.009928
1.002058
0.981156
0.910717
0.924955
1.024038
0.918187
1.007468
0.973557
1.023026
0.991245
0.999375
1.003392
1.052877
1.064343
0.921678
0.953667
0.986029
0.949119
0.979284
1.007863
0.985024
1.091235
0.919024
0.952356
1.059213
0.964927
1.036236
1.068939
0.952672
0.954415
0.971850
1.055952
0.991258
0.952868
0.992198
1.098873
0.944253
0.896427
0.999691
1.032796
1.025312
0.999973
0.989741
1.075768
1.042582
1.016443
0.996682
1.003773
0.920022
1.064873
0.937728
1.098548
1.111605
1.079672
0.971957
1.008698
0.948059
1.039849
0.894280
1.067530
1.012927
0.978064
0.976388
1.026533
1.036699
1.006354
0.988099
0.978567
1.020532
0.970044
0.970039
1.036760
0.985325
1.013166
0.935730
1.007254
1.014506
1.001093
0.952758
1.014884
1.028076
1.028537
1.027971
1.009407
0.968945
0.969045
0.978867
0.995881
1.004524
1.024693
1.057853
0.930282
1.029717
0.982824
1.019568
0.972301
0.975664
1.043979
1.072782
0.942000
0.960325
0.932939
1.035918
1.005478
0.909688
0.947849
0.984153
1.012408
1.005071
0.984539
1.028660
1.025319
0.988554
1.006876
0.976600
1.013946
1.006356
1.042281
1.056169
1.005104
1.025456
1.047775
1.058077
0.998672
1.023285
0.955692
0.982942
0.910782
1.009799
1.020223
1.018811
1.024951
0.966555
0.936758
1.066575
1.004791
0.986681
0.994785
0.914447
0.984667
1.016750
0.958198
1.096760
1.017229
0.975960
1.047845
0.982618
1.001683
0.989583
0.927366
0.952043
0.995382
1.074155
0.994430
0.998175
0.991712
0.926948
0.975619
0.997417
1.030217
1.001529
0.909378
1.006353
1.035538
0.976705
0.933911
0.998543
1.046452
1.056445
1.036340
1.035443
0.876184
0.878957
0.979153
1.053414
0.988023
0.942521
0.980130
0.952646
1.020777
0.981395
0.926364
1.058666
1.002643
0.976118
0.930421
1.049403
0.970234
0.935039
0.987631
1.026055
0.945200
0.961923
1.014555
0.992151
0.955946
0.921897
1.009771
0.991518
1.033111
1.109837
1.070894
1.020995
1.024128
0.995495
0.971887
1.051165
0.973183
1.029032
0.874880
1.004675
0.999489
0.987043
0.949505
0.939337
0.922288
1.069155
1.020980
0.946253
0.998270
0.943111
1.011533
0.960603
0.980360
0.889328
1.016831
0.993526
1.034922
0.927296
1.058664
0.941521
0.983967
0.947716
0.911397
1.093688
0.972374
0.917331
0.976189
0.957957
1.020555
1.107581
0.996647
0.994781
0.978934
0.905777
1.007548
0.918028
1.009673
1.001506
1.060797
1.006752
0.972147
0.969250
1.079459
1.009831
0.947591
0.943567
0.987066
0.980851
0.972987
0.933969
1.075835
0.969556
1.086736
0.961633
0.981550
1.003380
1.014874
0.930069
0.947183
0.922063
1.021475
0.994510
1.002114
0.998003
0.929840
0.976992
0.943152
1.002967
0.917548
1.013366
1.039791
1.022288
0.926741
0.942464
1.028319
0.963208
1.005736
1.008084
0.993787
0.932084
0.917843
0.985414
0.911600
1.021924
1.049790
0.989305
0.994863
0.943072
0.978441
1.009749
1.043630
1.042736
0.958549
0.971057
0.953022
1.048062
1.043527
0.937654
1.050950
1.013461
1.088086
1.053090
1.013280
0.945456
0.932742
0.947174
0.941702
1.047661
1.030379
1.060560
1.115210
0.903837
1.012786
1.027211
0.992329
0.912933
1.131119
0.945325
0.962175
1.079337
1.015691
1.042364
0.899695
0.976842
0.989680
0.927846
1.072081
1.016094
1.029982
0.963935
1.106411
0.947405
1.052819
0.986876
1.028747
1.000702
0.905857
1.043507
1.007120
1.079312
0.984530
0.937727
0.986794
0.999648
0.943369
1.031711
0.943888
0.847425
0.979308
0.978787
0.988490
0.968892
1.010527
1.069150
1.040043
1.050453
0.952706
0.979781
1.004208
1.073577
1.044024
0.911792
0.953417
1.012885
1.061244
1.011238
1.125525
0.920580
0.936053
1.065022
1.052559
1.040002
1.095999
1.017893
1.041305
1.022967
0.926316
0.891123
0.955032
1.026171
1.039519
0.957208
1.009706
0.980986
1.055444
0.968341
1.040254
1.019591
1.007784
1.012594
0.958032
1.011132
0.955524
1.048688
1.063344
0.954566
1.067579
1.058396
0.948635
0.996988
1.008887
1.009084
1.003835
1.017159
0.995269
0.975872
1.077920
0.955924
0.972308
1.000800
0.985292
0.942601
1.048056
1.010816
1.066475
1.001590
0.964309
1.003703
0.941106
0.990749
1.066011
1.016301
0.981018
1.032376
0.971477
0.971420
1.076884
0.986984
0.973194
1.045675
1.007561
0.952556
0.977655
0.961047
0.993429
0.982813
1.000712
1.024207
1.063874
1.026016
0.935691
1.080863
0.978152
0.955191
0.955498
1.015384
0.989293
0.997246
0.916717
1.029067
0.938379
0.870213
1.008542
0.943234
1.001441
0.970148
0.955845
1.021924
0.945053
1.009459
0.992967
1.029773
0.971852
0.991894
0.989317
0.982016
1.054414
0.867590
0.947012
1.018776
0.997680
1.040783
0.951667
0.954771
1.011051
0.995070
0.908186
0.985663
1.009675
1.044033
1.008792
0.989663
0.976020
1.055753
1.073112
1.001324
0.959801
0.888285
1.022604
0.972802
1.042182
0.976471
1.038876
1.026617
0.976083
1.020146
1.063812
1.031676
0.977658
0.944666
0.964375
1.007454
1.022321
0.994951
1.096152
0.987607
1.054958
0.996894
0.967766
1.054066
1.030918
1.033600
1.024125
0.950791
0.984565
0.984695
0.966821
1.105524
0.996030
0.936648
1.011459
1.081475
1.027866
0.945837
0.974925
1.076049
1.069273
0.986351
1.024062
0.924328
1.025056
1.016242
0.954461
1.092965
1.079428
0.989470
1.037870
0.976692
1.134602
1.061616
1.124179
1.116685
0.975395
1.134455
0.920267
1.065770
0.909137
1.010567
1.068852
1.013184
1.060929
0.996103
0.868726
0.983283
0.993471
1.020740
1.047783
0.998962
0.921369
0.995885
0.992906
0.996183
0.964902
1.008638
1.027872
1.063769
1.002367
0.959111
1.111439
1.002706
1.029398
1.056456
0.983692
0.992754
1.012307
0.959234
0.923425
0.965618
0.984088
1.003551
0.899494
0.920196
0.948101
0.964068
1.031522
0.907684
1.008955
0.978462
1.057611
1.012305
1.036282
0.979587
1.110795
1.010924
1.061738
1.031417
1.057758
0.942457
0.949667
0.997046
1.074179
1.022174
1.019286
0.960651
0.970019
0.945857
1.035708
0.940046
1.045991
1.102010
0.991665
1.045447
1.050523
0.974423
1.029181
0.922765
0.943681
0.936452
0.997227
0.915127
1.098712
0.867433
1.048761
0.977881
0.989567
0.979282
1.011189
0.964081
1.053012
0.967355
0.936534
1.019650
1.062961
0.919326
1.018258
1.006253
0.927877
0.856906
0.970645
1.054062
1.049069
1.000614
1.017629
1.028191
0.992185
1.012456
1.077572
1.061004
0.922775
0.989263
1.017737
1.059618
0.960061
0.951393
0.995652
0.939804
0.998625
0.912642
0.939975
1.010978
1.032905
1.025736
1.052684
1.107644
1.057709
0.961457
0.965847
1.001517
0.981865
0.963797
1.025512
1.039018
1.041091
1.045684
0.945784
0.917252
1.004556
0.970829
0.930383
0.983965
0.948478
1.009288
0.958393
0.985143
0.917842
0.939865
0.923754
1.013212
1.039188
1.057054
1.026548
0.985343
0.922883
0.925483
0.991646
1.025119
0.994117
1.068643
0.933259
0.977146
0.975225
0.979271
1.020832
1.061133
1.004149
0.966254
1.013622
1.046293
1.123525
1.040120
0.936090
1.013217
0.991563
1.048422
1.013567
1.041664
0.992147
0.995312
1.040540
1.035296
1.021596
0.984193
0.975059
1.067930
0.838017
1.014983
1.007141
0.925573
0.999523
0.987903
1.000840
1.062068
1.044902
0.911631
1.063070
1.060535
0.966983
0.953990
0.982952
0.934944
1.052561
1.030541
1.041199
0.998872
0.968677
1.012377
1.059727
0.962827
1.070634
1.011890
0.990923
1.037653
0.935529
1.092677
1.055154
1.010146
1.058800
1.053646
0.966896
1.047967
1.083780
0.941368
1.024671
1.011760
0.972405
0.968499
1.027805
0.970201
1.106769
0.990121
0.937741
0.981266
1.051279
0.941698
1.028187
0.941432
0.966883
1.025703
1.011876
1.100169
0.926247
0.974595
0.985341
0.948323
1.004134
0.969585
0.964185
1.026506
0.970308
1.048161
1.059608
0.941225
0.970649
1.021805
0.984725
0.960779
0.988366
1.005190
0.976610
0.973818
0.994186
1.058121
1.025441
0.969485
0.876733
1.031558
0.953615
0.994955
0.979522
1.120642
1.013866
0.955057
0.995404
1.011969
0.935767
0.968293
0.929758
1.002561
1.031852
0.918124
0.997575
0.897258
0.899174
0.910766
1.067684
0.985526
0.965337
0.949398
0.951911
0.982684
0.870814
1.023372
0.946456
0.981421
1.149683
0.929951
0.934918
1.038602
1.053688
1.021351
0.969499
1.030774
0.953807
0.984481
0.964520
1.007821
0.965492
1.033727
0.941702
1.077194
1.029612
0.989271
1.061755
1.089639
0.950484
1.070151
0.993226
0.974448
1.032543
1.009392
0.945969
0.940154
1.014331
1.096927
1.010050
1.177360
0.921404
1.052995
1.041739
1.089774
0.964356
0.928283
1.011370
0.963809
0.981859
1.010899
0.949325
1.001792
0.968022
0.998468
1.045337
0.984764
1.052125
0.999708
1.075990
0.976721
1.017755
0.993283
1.014428
0.897025
0.935054
1.043946
1.039747
1.047555
0.950687
1.039183
0.973033
1.037543
0.936467
0.993806
0.957052
0.985379
0.980966
1.052869
1.046136
0.988145
1.029504
0.981113
1.103376
1.009888
0.950043
0.927297
0.987006
0.965329
0.927860
1.052945
0.941056
0.926933
0.997312
0.963397
1.033834
1.033291
0.951568
1.015554
1.015983
1.029154
1.034907
1.001259
0.989797
0.992643
0.957536
0.948646
0.921045
1.131569
0.980353
0.902671
0.916317
0.997496
1.021681
1.016277
0.982167
0.983033
0.941820
0.915640
0.966995
1.039974
0.935812
0.963711
0.975811
1.053611
1.020288
0.964813
1.027836
0.966269
0.951186
1.099493
0.949802
1.043972
1.072685
1.049869
0.969628
1.045485
0.987137
1.038720
1.044305
0.997249
1.081376
0.975385
0.999553
0.973169
1.008840
1.019482
1.019480
1.023885
1.009413
0.937053
0.982811
0.942176
1.038995
1.006328
1.022162
1.001141
0.970163
0.994504
0.966471
0.947428
0.935407
1.073607
1.024413
1.011935
1.020450
0.964407
0.943733
1.029152
0.938866
1.018881
1.104402
1.098688
0.960527
1.063027
1.003656
1.088961
0.991388
0.925231
1.042377
0.981329
0.949448
0.991647
1.017786
1.067044
1.046047
0.920933
1.026688
0.994845
0.986113
1.106277
1.034038
1.086291
0.931951
1.037912
0.970848
1.000448
1.082214
0.976218
0.938179
0.970417
1.015198
1.007754
1.012484
1.068255
0.971191
1.031895
0.987202
0.975806
1.104071
1.018697
0.998289
0.983318
1.013016
1.058595
1.013259
0.952104
1.027777
0.929959
0.879645
1.039256
0.948985
0.982892
1.040043
0.941877
0.993929
1.067722
0.972175
0.967246
1.065415
1.075280
1.006225
1.074918
1.019052
0.942160
0.984512
0.985569
1.026867
0.967877
1.022058
0.972374
0.983214
0.993298
0.990913
1.003392
1.130357
0.942250
1.042539
0.993166
1.036953
1.073810
0.992316
1.105332
0.949915
0.941798
0.986478
1.083323
1.015005
0.995477
1.006551
1.094970
0.951471
1.057788
1.041296
1.029507
1.069488
1.001022
1.057228
0.911191
0.967153
0.944484
1.034960
0.899647
0.963053
1.052802
0.990898
1.085976
0.951899
1.010261
0.895602
0.942589
1.053979
0.925435
1.025916
1.075036
1.007766
1.015138
0.924630
1.041732
0.938637
1.065778
0.983331
1.051199
0.950622
1.002143
1.038417
1.025194
0.931517
1.018657
0.993609
0.912980
1.023940
1.021936
1.008765
1.018224
0.959625
1.061151
0.976703
1.169220
1.061454
1.002101
1.027341
0.994745
0.958729
0.955923
0.946425
1.035252
1.009396
1.119955
0.982543
0.963828
1.020746
1.017823
1.042454
1.023855
1.033555
0.939935
1.004192
1.006055
1.012994
1.002421
0.954784
1.026799
0.968919
1.069001
1.025139
1.035380
0.968475
0.967255
0.947067
1.026962
0.946450
1.003288
0.999392
0.877119
0.986966
1.042390
0.983701
1.060787
1.023041
0.992705
1.102397
1.069429
1.053994
1.069971
0.905788
1.004168
1.097870
1.011830
1.024015
0.963736
1.027747
1.007618
1.028094
0.944499
1.032017
0.984029
1.005754
1.065446
1.090629
1.066980
1.030579
1.054569
1.041426
1.033158
1.043562
0.989108
1.009510
0.943911
1.003402
0.958287
1.087595
0.981191
0.925574
1.107497
1.034196
0.964551
0.827895
1.051912
0.956727
0.897366
0.961107
1.008359
1.013527
1.034072
1.045739
0.971741
0.983161
1.018126
0.970371
1.038914
1.041990
0.996144
0.938961
0.966429
1.025055
0.982983
0.996170
0.978421
1.001914
1.026838
0.996606
1.034878
0.993511
1.036133
0.958810
0.966188
1.020403
1.022197
1.066165
0.989788
1.017624
0.994075
0.966108
0.960692
1.059887
0.935089
0.931666
0.985984
0.943537
1.055858
0.916510
1.013061
1.079413
0.984401
0.917917
1.033733
0.954657
0.918671
0.950099
1.009552
0.979763
1.091231
0.999150
1.015998
1.069729
0.944446
1.055667
0.970158
1.083131
1.013473
0.993785
1.049184
1.033786
1.024997
1.044771
1.126889
0.988082
1.015275
1.018283
0.998757
0.927045
1.023275
0.996616
1.028872
0.915576
0.965618
1.062715
0.977142
1.014139
1.022638
1.026626
0.938355
0.915249
0.995332
1.072657
0.966999
0.946478
1.046429
1.036629
1.012302
1.081046
1.038147
1.014206
1.074369
1.008255
1.024214
0.915141
0.975751
0.898750
0.997374
1.013851
0.962630
1.001027
1.152996
1.076651
1.019914
0.970667
1.071442
0.958189
0.987647
0.914941
1.075822
0.944178
0.987535
1.006588
1.010355
0.967697
1.020658
1.001283
0.994961
0.993285
1.019593
0.951739
1.034409
1.011789
1.079992
1.099670
1.044337
1.032583
1.003617
1.034030
1.009739
0.948836
0.863714
1.077338
0.968053
0.952456
1.093040
0.968233
0.890560
1.094844
0.974407
0.947850
0.998520
0.985244
1.048440
0.983347
1.035668
0.903314
1.052650
1.032701
0.956250
0.979398
0.915735
1.027422
0.998924
1.007805
0.927729
0.974580
0.988946
0.881729
0.954887
1.065691
0.985149
1.028727
1.016454
1.007077
1.073884
0.998459
1.001197
1.002204
1.011714
0.925413
1.050238
1.015100
1.001243
1.001418
0.987007
0.974840
0.965755
0.965443
1.036557
0.947617
0.987194
1.010682
1.050605
0.971383
1.003687
1.002333
0.963415
0.940446
0.995671
0.922359
0.936336
0.958377
1.021576
1.090167
1.000251
0.997925
0.953235
1.060113
1.062869
1.035581
1.031095
0.982842
1.012716
0.902294
1.046047
0.977048
0.893016
0.985779
0.987027
1.088034
1.057364
1.134915
1.038540
0.994516
1.012197
0.980268
0.930233
0.943532
0.982661
1.027074
0.976811
1.003898
0.968423
1.021239
0.954643
0.911405
0.936568
0.967654
0.953253
1.003190
0.934172
0.962750
0.899449
1.048527
1.030144
1.004695
0.981152
1.001885
1.031792
0.983306
1.032986
1.007987
1.024289
0.936831
1.067310
1.034437
1.081048
1.012938
0.978256
0.981314
0.993037
0.994598
0.959159
1.097442
1.002713
1.055426
1.045993
1.015604
1.040822
0.944162
1.037335
1.007851
1.023780
0.987114
1.142956
1.026343
0.959225
1.039399
1.037909
1.109027
0.951831
0.841074
1.019341
1.064123
0.930444
0.985942
0.956723
0.985472
1.089585
0.937994
1.024163
1.024597
1.042984
0.963005
0.972775
0.979310
0.938249
0.988103
0.957293
1.004799
0.992589
1.065072
0.949613
0.983843
0.965803
0.956298
1.033931
1.089681
1.017111
1.041235
1.066762
0.977570
1.001514
0.948525
1.135798
1.070705
0.973325
0.952040
0.989161
1.035015
0.972197
0.996101
1.029108
1.000488
1.024153
0.955093
0.948041
0.988667
0.975038
0.955083
0.957238
1.027821
0.995882
0.964575
0.989145
1.013999
1.086508
1.030317
1.093959
0.999115
0.979658
0.952790
0.988237
1.006305
1.047859
0.994517
0.929467
0.952422
1.003251
0.959401
0.949892
1.060696
1.018790
0.927519
1.032650
0.995916
0.937370
0.911905
1.026653
1.021766
1.069373
0.985612
0.957210
1.016375
0.995769
1.019814
1.081985
0.933319
0.970389
0.989258
1.037760
1.043712
1.007595
0.981490
1.073826
0.995268
0.916058
0.955255
0.957536
1.034855
1.002771
1.000182
1.057167
0.998803
0.967599
0.946093
1.045289
0.875565
0.989410
1.011676
0.980922
0.991472
0.967911
1.016081
0.986042
0.887690
1.064439
0.985169
1.121817
0.997480
1.051946
1.023617
0.975259
1.026255
1.031566
0.970542
0.990355
0.964045
1.021205
1.045734
0.927399
1.015546
1.009595
0.973321
0.942681
0.979538
1.012337
0.978619
1.049593
1.057525
0.930227
0.955598
0.983798
1.017585
0.936348
1.034511
0.954355
0.924168
1.030890
0.983085
1.003975
0.981787
1.014133
1.023063
1.079713
0.986634
1.047906
0.996659
1.001339
0.933157
0.951645
0.985601
0.985016
1.011541
0.957480
0.994834
0.973740
1.027107
1.015975
1.005464
1.016868
0.922033
0.949467
0.986317
1.020634
0.978722
0.941577
1.026289
0.980135
1.002360
1.038508
1.035204
1.027024
0.925148
0.986009
1.044550
1.041654
1.016495
1.053879
0.976448
1.025592
1.008741
1.041820
1.071512
1.020477
0.924932
0.998845
1.000573
1.038584
0.956437
1.040125
1.004699
1.071125
0.983756
0.985971
0.995411
0.955290
1.071423
0.962879
1.003893
1.028137
0.938371
1.068812
0.884773
1.028576
1.034655
1.009190
1.008556
1.058605
0.897838
1.089220
0.981309
0.982415
1.016467
1.039318
0.988913
0.973616
0.979121
0.986615
0.972799
1.036334
0.953725
1.038862
0.945708
0.955840
0.985142
1.035567
0.974429
1.051762
0.991867
0.944994
1.050054
0.953860
1.039417
1.067417
1.079143
0.980976
1.029507
1.048203
1.032118
1.011448
1.015608
0.975616
0.994768
1.016920
1.122324
0.974374
1.113350
1.029478
1.082629
0.973576
1.022045
1.032968
1.001596
1.028826
0.949510
0.961005
0.949480
0.927043
0.980735
0.988814
1.063858
0.994614
1.070028
0.907234
1.057392
1.064576
0.975289
0.959488
0.972193
1.010888
0.996584
0.977685
1.032555
1.020030
1.034503
1.061618
1.004678
0.928904
1.028687
0.993474
0.946750
0.979688
1.150015
0.870764
0.995628
0.958781
0.959260
0.960792
0.956701
1.004435
1.074479
0.992633
0.990533
1.047836
0.922618
0.937805
1.012259
1.066631
0.877841
1.054931
0.942241
0.999172
0.998083
1.052148
1.131839
0.944186
0.948342
1.086893
1.072358
1.045036
1.089271
1.000878
1.075068
0.975919
0.950212
0.913221
1.024103
1.063199
0.980905
1.028768
0.987103
1.044078
1.060922
0.949097
0.977903
1.043075
1.061046
0.976515
0.928657
0.943361
0.995307
1.044039
1.005738
1.003643
0.985063
1.036854
0.995812
1.066596
1.010128
0.973005
0.991186
1.026169
0.960941
1.003161
1.064700
1.020505
1.014768
1.095128
1.010625
1.033706
1.032261
0.924954
1.020078
0.911394
1.025959
1.040889
0.966661
1.091354
1.110083
1.032384
0.947547
0.943627
0.993784
0.974431
1.091254
1.032426
1.056486
1.053616
1.034207
1.045842
0.992541
0.951903
1.074719
1.020046
1.003470
0.984568
0.981519
0.972175
0.910925
0.946214
0.960947
0.951929
0.989119
0.983419
0.946888
0.973769
0.977128
0.964666
1.009494
0.946477
1.007886
0.919150
0.973318
0.887103
1.023606
1.044431
1.068964
1.009101
1.030710
1.016099
0.956820
1.011471
0.935039
1.058658
0.989951
1.039838
0.963670
1.003441
1.041671
1.038161
1.031868
0.965184
0.956036
0.907819
0.968435
1.047994
1.004646
0.999451
1.008323
0.967189
0.996921
1.050637
1.083545
0.974609
1.009046
1.011693
1.047506
1.006014
1.034181
0.959756
1.006047
0.991585
0.887180
0.954378
1.011898
0.979723
0.986389
1.058239
0.964933
0.949777
0.962292
0.912858
0.963862
0.994880
1.012564
0.939570
0.998117
1.035222
0.954910
0.949458
1.063730
1.041198
0.998713
0.932142
1.005677
1.084244
0.899563
0.992388
1.075525
0.955038
1.032729
1.033905
1.021958
0.951041
0.928773
0.967005
1.027178
1.047867
0.988343
0.963933
0.956100
0.993553
1.023290
0.970221
1.079535
0.997786
1.044452
0.969090
0.985854
1.061946
0.952524
1.014249
0.940551
0.984979
1.030258
1.052623
0.962205
1.009988
1.001582
0.945122
1.027787
1.038073
0.972415
1.042122
1.063315
1.115019
1.003792
0.994220
0.941944
1.052537
0.997323
1.043256
0.989162
0.930976
1.018230
0.995504
1.059174
1.038739
0.979914
1.041881
1.026321
0.967842
0.931889
0.948519
0.981777
0.999974
0.980222
1.054351
0.990222
1.067525
0.988704
1.085180
0.944229
1.021832
0.956092
1.071836
0.934768
1.009995
1.004206
0.989217
1.010533
0.922754
0.934105
1.001771
0.917924
0.978354
1.047868
1.026363
0.971821
0.930955
0.995172
1.048834
0.995124
0.963629
0.905448
0.936471
1.000557
1.001126
0.997698
1.034628
0.954560
1.091052
1.020897
0.987587
1.020384
0.998304
0.977516
1.037106
0.995868
0.959515
1.016685
1.020719
1.015106
1.023944
1.020100
0.994925
0.973822
0.992365
1.039105
0.912748
0.987294
1.003672
0.959050
1.018095
0.994727
1.061937
1.030845
0.906834
1.044887
1.049367
0.938480
0.903870
0.929591
0.991850
0.895955
1.072996
0.999158
0.945138
1.175868
0.965962
0.953012
1.078163
0.964329
0.964620
1.053097
1.092325
0.930508
0.906116
0.938286
1.027140
1.036766
0.971161
0.995320
0.951575
1.059823
1.046833
1.038213
1.038750
1.105418
1.002162
0.964325
1.046646
1.011995
0.947231
1.067663
0.991883
1.028141
1.000531
1.043697
0.975492
0.967380
0.984258
0.980242
1.002940
0.989710
1.036989
0.947112
1.027528
1.075509
0.952812
1.030591
0.919098
0.966148
0.877514
0.946767
0.932847
1.046706
1.028581
1.014479
1.134232
1.062089
1.035933
0.944247
1.004528
1.000580
0.919010
1.004745
0.992887
0.955663
0.921959
1.096397
1.081442
0.991384
1.033603
0.823448
0.975541
1.004577
0.996275
1.006191
1.057626
1.069080
0.967679
1.050507
1.034051
0.978130
0.988966
0.975016
1.002995
0.987636
0.936018
0.973839
0.956360
1.070743
0.963119
1.053210
0.970098
0.903783
0.973610
0.967770
1.029619
0.991317
1.150649
1.011260
0.983174
1.099994
0.928470
1.078875
1.049790
1.029038
1.023620
1.017866
1.042253
1.027903
0.931298
0.950517
0.922423
0.945232
1.003729
1.063485
1.039295
0.930167
1.048761
0.937341
0.913104
1.070142
1.041095
1.081929
0.974049
1.018482
0.916898
0.999992
1.039691
0.897889
1.034331
1.055095
1.020428
1.004008
1.037457
0.999654
1.057299
1.044627
1.051161
1.009956
1.071217
1.035958
1.071650
1.043497
1.022945
1.090590
1.037039
1.044323
1.015546
1.089961
1.096798
1.011487
0.952633
0.952056
1.122414
0.943213
0.961301
1.027541
1.015013
1.071925
1.027812
0.977660
0.984239
1.021176
0.974287
0.950973
0.974860
1.051529
0.978151
0.949891
1.010383
0.985986
1.037422
0.998298
1.030163
1.073364
1.092545
0.916005
0.940938
0.991907
1.022237
1.043310
1.023245
1.025034
1.069419
0.926413
0.903129
1.041893
1.045642
1.021466
0.986166
1.052441
1.034964
1.034595
1.063251
0.984228
0.861377
0.945386
1.055910
1.117588
0.961275
0.993928
0.985211
1.067610
0.994323
1.052126
1.044938
1.011544
0.971134
1.000922
0.999729
0.991756
1.093142
0.971431
1.028140
1.088649
0.947520
1.008638
0.925052
1.040692
0.958068
0.958654
1.105093
1.025751
1.100352
0.961350
1.042710
1.009379
0.925973
1.004652
0.981806
1.003538
1.027569
0.971333
0.952746
1.037163
1.013327
1.027310
0.931738
1.011852
1.066522
1.042235
0.937690
1.073415
1.084393
0.986398
0.968415
0.980302
0.920495
0.943060
1.039622
1.034996
0.919112
1.029252
1.054204
1.047310
1.091599
1.060789
1.064724
1.011931
0.969600
1.020183
0.928149
1.103534
0.949591
0.996252
1.096407
0.969959
1.049445
0.918773
1.043982
0.945935
1.042943
1.050895
0.997088
1.065542
0.970108
1.038929
1.000485
0.985354
0.930544
1.026852
0.897033
1.019052
1.042345
0.964279
1.002515
1.001691
1.044099
1.041865
0.964223
0.952461
0.977021
0.931244
1.015375
0.956951
1.045496
0.994029
0.863567
1.039398
0.946062
1.013780
0.958413
1.020630
1.044905
0.996571
0.986687
1.005376
0.947661
0.899706
0.932432
1.014379
0.974670
1.050843
1.038182
0.990410
0.977910
0.988432
0.998336
1.035416
1.015431
0.995376
0.985558
1.008543
1.023517
0.928793
0.971615
0.988876
0.917210
1.043834
1.010467
0.954741
1.076406
1.051926
0.934578
1.045449
0.903675
1.006299
1.034084
1.031584
0.910851
1.008648
0.921205
0.976759
1.042537
1.036973
1.085396
0.980848
0.968698
1.000444
0.909301
0.973545
0.944149
0.966507
0.930425
0.929489
1.100857
0.974104
1.018084
0.936057
0.969224
1.065551
1.057696
0.902614
0.918475
1.010105
1.006966
1.091816
0.987362
0.963415
1.021218
1.023756
0.919304
1.074155
0.945083
1.015183
0.956143
0.983261
1.008034
0.919688
0.985244
0.973584
1.003116
0.980404
1.018371
1.026918
1.034787
1.001296
1.022517
0.983039
0.921176
0.966267
1.021645
1.030315
1.107627
1.020704
0.981183
0.948892
1.026744
0.900493
0.935194
0.965918
1.084083
1.025798
0.960912
1.023502
0.945568
1.055435
0.940976
1.012072
1.000775
1.046544
0.952028
0.978448
0.991505
0.902067
0.988730
0.979375
0.959525
1.022895
1.029246
1.050853
1.067348
1.026552
1.052809
1.016346
0.970427
0.995660
0.948952
1.043516
1.150243
0.985975
0.969691
0.945057
