0.974095
0.908315
1.108794
0.966399
1.020894
1.021544
1.036558
1.062972
0.910125
0.996264
1.019898
0.956552
1.038958
0.981193
1.045183
0.925204
1.070017
1.089374
0.967226
1.000919
1.067164
1.126059
1.023078
1.005284
1.021400
0.967677
0.966019
0.969113
1.047842
0.889165
1.000143
0.989370
0.938606
1.026821
1.064577
1.008404
1.036619
0.979521
0.983585
1.052551
0.955235
1.041946
1.010181
1.010989
0.990750
1.072929
0.915652
1.036471
1.002557
1.028670
1.046670
1.010642
0.993605
1.013306
1.044416
0.970523
0.977709
1.078902
1.042972
1.031669
1.096827
1.043651
0.952978
0.938044
1.089370
0.920383
1.038012
0.986106
0.979171
1.071198
1.144606
1.061389
0.976101
0.968795
1.004156
0.961399
0.962106
0.923490
0.992079
1.021263
0.910684
1.058773
1.028262
0.936083
1.073623
0.944647
1.014393
0.954213
0.979975
1.049747
0.988801
1.000928
0.990475
1.003882
1.015813
1.034521
1.049777
0.960360
0.900555
0.998288
0.989678
1.054317
0.963445
1.025426
1.008503
1.050544
0.974844
1.048060
1.060403
0.981721
0.974996
1.014573
1.004837
0.998322
0.984416
0.976744
1.004627
0.995301
0.995138
0.959891
1.012384
0.987870
1.047452
1.028750
0.873747
0.966889
0.930963
0.901364
0.978561
0.990938
0.988490
0.945843
0.949155
0.938607
1.022391
1.062282
0.969474
1.014171
0.930766
1.017451
0.966613
0.963247
0.903877
0.965116
1.008322
1.047879
1.006649
1.091206
0.981246
0.985102
1.000238
0.982627
1.009614
1.119704
1.051327
0.990678
0.989685
1.043102
1.061839
0.991206
1.000134
1.033244
0.952167
0.997760
0.946889
0.995615
1.008444
1.013194
1.049968
0.939020
1.070011
0.985143
0.989479
0.973698
0.946375
1.049071
1.029418
0.986418
0.952441
0.948507
0.969457
0.968970
1.054907
1.109658
0.983982
1.050136
0.958647
1.098159
0.952140
0.949488
0.958886
1.006070
1.000416
1.055473
1.084145
1.075264
0.877611
1.000980
0.998981
1.035318
0.981355
1.018053
0.996480
0.989002
1.054381
1.024380
1.032761
1.081200
0.988760
1.036117
1.066196
0.983119
1.009388
0.969242
0.998429
0.918388
1.017907
1.043495
1.039085
0.961348
0.958988
1.043415
0.952017
0.980932
1.031433
0.936426
0.984018
0.948178
1.100874
1.014945
1.024644
1.015091
1.051875
0.949694
0.939345
0.952095
1.042122
1.034248
1.015308
0.977416
0.982348
0.980895
1.021838
0.924716
1.067313
1.025610
0.979406
1.117487
1.006350
1.032687
0.997353
1.030017
0.934847
1.005161
1.058377
0.940994
1.029932
1.039132
1.034970
0.921252
1.063445
1.045492
0.958481
1.032272
0.938872
0.943167
0.939715
0.964561
1.025759
0.970390
1.041387
1.022157
1.023202
1.021000
1.071182
0.988253
0.910358
0.958840
1.002208
0.980487
1.077627
0.964504
1.021901
0.978164
0.955594
1.019856
1.051177
0.943451
0.962994
1.082052
0.924800
0.989559
1.055851
1.074220
1.012580
0.927863
1.025338
0.953989
1.009758
0.991536
0.970316
0.972515
1.025188
1.022604
0.949943
1.024097
1.055048
0.983484
1.073125
0.987690
1.072853
1.127675
0.990964
0.949695
0.946360
0.951343
0.992921
1.013688
1.036873
0.977941
1.037889
0.996144
0.985481
1.014448
1.009627
0.993442
1.038979
1.007217
1.083592
0.971098
0.965976
1.050075
1.053355
1.068514
1.046983
0.980599
0.952753
1.008451
1.037942
1.065574
0.982453
0.907428
1.017539
0.937402
1.012623
0.995243
0.968918
1.030247
0.982285
0.974924
0.928788
1.084248
1.011736
1.043434
0.949438
1.070912
1.019359
1.000469
1.025140
1.046322
1.057797
1.024342
1.015663
0.938019
1.064086
1.028942
0.871789
0.923183
0.956827
0.984558
1.022257
0.998955
0.954023
1.047838
1.047110
0.957098
1.063582
0.925334
1.004730
0.982635
0.994054
1.057661
0.952492
0.984344
1.101866
1.087462
1.070153
1.017535
1.003593
1.000939
1.047392
1.010338
0.936282
0.989227
0.993394
1.002941
1.036719
1.087276
0.978772
0.920063
1.005783
1.073357
1.012259
0.961403
0.955885
1.021557
1.000126
1.073444
0.953265
0.983328
0.996329
1.001342
0.949553
1.000517
0.977508
1.041400
0.974292
0.982354
1.050640
0.968109
1.052420
0.992081
0.892726
0.948567
0.941889
1.086475
0.980907
0.953368
1.038755
0.943445
0.945705
0.966238
0.993761
0.988431
0.991447
0.888018
0.979351
1.004975
1.091190
1.092107
0.941360
1.055509
0.977091
1.004419
0.998585
1.040358
0.965274
0.986186
0.990208
1.013603
1.009491
1.022442
1.060066
1.106568
1.073470
0.966623
1.041211
1.011603
1.036521
1.011190
0.984619
0.975850
1.082028
1.020768
0.923023
0.995202
0.934678
1.105507
1.056561
1.121835
0.923783
1.043877
0.985747
1.051451
1.051156
0.935242
0.951967
0.997488
0.962910
1.000043
0.976997
1.067327
0.945435
0.954694
0.976355
0.885861
0.989810
0.957065
1.053257
1.011874
0.948110
0.918355
0.976971
0.924642
1.011034
1.027813
1.008050
0.995859
1.024434
0.999520
0.973287
1.010510
0.969407
1.049964
0.986737
1.003284
1.153255
0.999465
0.986806
1.037547
0.944653
0.977752
0.962185
0.984102
0.985425
1.027629
0.991523
0.983720
0.979805
0.965354
1.057439
1.035676
0.926234
0.999347
0.994412
0.982590
0.971210
1.013270
0.910325
0.994301
1.019429
1.041866
1.077465
1.047616
0.996721
1.073205
0.952805
1.044891
1.011211
0.998036
0.954503
0.983692
0.979611
1.009260
0.943691
0.970989
0.988285
0.933548
1.104540
0.960618
0.990224
0.942063
1.006168
1.019992
0.956286
0.960729
0.996994
1.048365
0.914553
0.945548
0.986221
1.058508
1.018649
1.034613
1.063104
1.035629
0.977374
1.042296
1.052097
1.051507
0.969235
1.026667
0.984207
1.016519
1.011050
0.995151
1.002047
0.979398
1.022962
0.973375
0.904329
1.011098
1.004512
1.022761
1.030238
0.991837
1.034805
0.996194
0.994072
0.950423
0.936679
1.045909
0.888192
1.004979
0.986112
1.009485
1.079722
0.928185
1.063820
0.936597
1.049747
0.991538
0.994307
1.003562
1.055011
1.006999
0.967050
1.004081
1.027053
1.008823
0.944811
1.010556
1.067622
0.932100
1.084035
0.966874
1.138661
1.048887
1.063964
1.001767
0.977231
1.169185
1.055691
0.922685
0.951934
1.048421
1.041271
1.044436
1.015886
1.103830
0.967096
0.959454
1.061768
0.966467
1.000801
0.975756
1.029019
1.003000
0.944277
0.993561
1.104798
0.928614
0.985191
1.055068
1.090702
1.001980
1.072191
1.088792
0.985364
1.103088
0.998081
1.016154
1.051094
1.098916
1.055713
1.036432
1.035079
1.063064
1.000151
1.113791
0.968571
1.022343
1.005913
0.935734
1.105787
1.094381
0.992506
1.005409
1.012236
1.007903
0.879152
1.014885
0.995137
0.915844
0.895326
1.017887
0.989648
0.917052
1.019832
0.954721
0.942576
1.084169
0.999101
1.080232
0.914387
1.025858
0.984288
1.013449
1.027965
0.960171
1.049770
0.905563
1.007280
0.954376
0.976801
0.966671
1.032717
0.967786
1.064139
1.064428
0.977722
0.979960
1.002343
1.004349
1.036666
0.946169
0.988030
1.058037
0.956193
0.993899
0.955789
0.902579
1.088818
0.977122
0.997262
1.001144
1.020705
0.946344
0.963861
1.018435
1.021301
1.016273
1.025923
0.988345
0.993890
1.000321
1.016101
0.891598
0.892017
1.018776
1.014170
0.967849
1.057732
1.032662
0.936644
0.995273
0.885414
1.129189
0.997163
0.921486
0.975067
0.954190
0.948354
0.982675
1.016824
0.981914
1.054020
1.042464
1.000852
0.929819
1.038900
0.923856
1.037916
0.987302
0.983943
1.032688
1.028429
1.021970
0.936343
0.931064
0.893788
0.976934
0.939434
0.965783
1.100211
0.944627
0.931345
0.964103
0.925620
1.109054
0.922944
0.915828
0.911443
1.036851
1.066063
1.111578
1.007654
1.022170
0.993736
0.926659
0.981537
0.996991
0.916808
1.031005
1.007582
1.062042
0.954818
0.955071
0.979655
1.068433
0.939519
0.958075
0.997664
1.033431
1.071074
1.043587
0.963364
0.979404
1.020951
1.006426
0.969540
0.894472
1.029617
0.994689
1.038343
1.021587
0.979547
1.042268
1.011429
0.995556
0.995128
1.002879
1.064389
1.001933
0.950501
0.996406
0.982158
0.972370
0.983784
1.041966
0.965361
1.027543
1.022140
1.027077
1.029578
1.024811
1.039750
0.950395
1.068640
1.026559
1.060475
0.992091
1.061589
0.981010
1.008129
1.015887
0.947875
1.016564
0.945598
1.040424
1.031384
1.059039
1.052360
0.963252
0.951064
1.026969
1.080362
1.044844
1.004945
1.085390
0.962555
0.906217
1.055429
0.978093
1.058475
1.007386
1.061946
1.028710
1.001752
0.949319
0.882196
0.991790
1.047943
0.951019
0.952181
0.988304
1.013532
1.078951
0.988647
1.056510
0.994074
0.963471
1.002393
0.924977
1.078062
0.995432
1.022375
1.000330
0.941650
0.962563
1.068238
1.029496
0.923260
1.035941
0.974032
1.030148
0.996532
0.984936
0.949079
0.883677
1.060451
1.089706
1.052291
0.992065
1.015657
1.026866
1.000024
1.043732
0.993890
1.025784
1.041745
1.053338
1.003409
0.988508
0.974852
1.072104
0.950996
1.012614
1.022076
1.004213
1.060737
0.882976
1.036458
0.990962
0.999227
1.067851
1.108441
0.976373
0.914948
1.034080
0.948107
1.038511
0.984732
0.974466
0.992920
0.974984
1.017714
1.006526
1.124164
0.957203
1.079759
1.034610
0.989992
0.932254
1.036542
1.020018
1.004187
1.036476
1.006727
1.056817
0.995947
1.001275
0.918655
0.954647
0.966590
1.037021
1.028780
1.064231
0.994689
1.011992
1.015600
0.961793
0.964151
1.029073
1.028808
0.941010
0.951255
0.990824
0.936936
1.008382
0.972621
0.954796
1.042053
0.885274
0.955455
1.019562
1.012009
1.103636
1.012898
0.936997
1.104555
0.967378
0.939975
1.032903
1.017453
0.928166
1.079894
0.952843
0.925382
0.948715
0.969404
1.005995
0.993290
1.029609
1.002671
1.049495
0.994768
1.042656
0.937947
1.039206
0.967866
0.977607
1.086596
0.992371
1.015385
1.009312
1.009750
0.966635
1.004435
1.046775
0.892792
0.958664
1.040467
1.015572
1.035863
1.031534
1.007749
1.025833
1.050833
1.057660
0.925125
1.003257
1.071393
1.003781
0.952208
0.950726
1.016793
1.075980
1.032750
1.000208
0.989949
0.905469
1.008682
1.051644
0.996377
0.950728
0.919546
1.026172
1.009636
0.931140
1.050027
0.958323
1.017357
1.030864
1.086371
0.999024
1.020251
1.110283
1.011603
1.015717
0.981351
1.007084
1.008210
1.006390
1.036016
1.003942
0.965853
0.941111
1.028031
1.013748
1.065272
1.001082
0.973375
0.937553
0.996577
0.981924
1.010456
1.006480
0.985019
1.015108
0.907844
1.115717
1.042695
1.000523
1.093056
0.944149
1.042286
0.909127
0.880790
1.007073
1.069219
0.960097
1.043212
1.079171
0.933630
0.969086
0.931386
1.008042
0.924749
1.020035
0.999104
0.995644
0.949746
0.968414
0.995533
1.014392
1.010013
1.018967
0.964956
1.094817
0.985383
0.989250
0.996971
0.956019
0.981912
0.975937
0.941964
0.910930
1.036318
0.951296
1.001095
0.971091
0.923087
0.915483
0.965742
1.021812
0.942781
0.931182
0.915949
0.957019
0.945786
1.067160
0.950748
1.035865
1.032932
1.050985
0.969594
0.890530
1.118924
1.070085
1.051912
1.010111
0.957595
1.007266
0.969820
0.929301
1.050662
1.036062
0.995837
0.984810
1.022220
0.979487
0.974276
1.034019
1.087828
0.987611
0.979593
0.962039
0.921730
0.973130
0.829335
1.044099
0.977641
0.918209
1.024414
1.022483
1.036485
0.963806
0.994072
0.896157
0.904623
0.953578
1.007097
0.947936
0.983739
1.044708
0.944433
1.042628
0.955647
1.016867
1.041529
1.062584
1.087269
0.981780
0.995358
0.971226
1.015721
1.088089
1.106378
0.964710
1.045052
1.046106
0.989225
1.020908
0.977687
1.034138
0.980662
1.103847
0.968149
1.046094
1.017511
1.033948
0.962861
0.960669
1.030696
0.995320
1.107931
0.888006
1.026487
0.925857
0.996188
0.988071
1.037086
1.070493
0.993149
0.923426
0.946308
1.071057
1.039303
0.960853
1.042748
1.000968
0.985253
1.007558
0.937701
0.966052
1.005373
0.979544
0.926828
1.004074
0.934937
0.971289
1.029853
1.021712
1.015263
0.978106
0.977965
1.113906
1.075019
0.944730
1.012448
0.969339
1.078373
1.036101
0.965824
1.008791
1.010780
0.968002
1.015608
1.031963
1.014258
0.972012
0.999110
0.864001
1.041690
1.028149
0.938499
0.958814
0.951227
0.894395
0.971043
1.002344
0.971280
0.938830
1.033192
1.084619
1.049620
1.022097
1.030527
1.044355
0.984775
1.104318
1.098804
0.946297
0.894418
1.019007
1.069542
0.902999
1.012478
0.997990
1.075174
0.887948
0.966353
1.032824
0.982704
0.877913
1.039707
1.049068
1.054655
0.960095
1.015558
1.060111
1.029687
0.972097
1.034257
1.069627
1.065592
1.020661
0.972690
1.010963
0.974751
1.013870
0.943422
1.027744
0.985729
0.974100
1.076919
1.029969
0.923322
1.001435
1.067091
0.933487
0.993997
1.041098
0.889520
1.010345
1.015524
0.937530
1.036751
1.036946
0.987780
0.982431
0.996805
1.045448
0.967011
1.040144
0.985757
0.947855
1.051552
0.968777
0.968373
0.902831
1.042522
1.011208
0.948603
0.981000
0.992195
1.006210
1.052759
0.918241
1.042041
0.952715
0.927943
1.019611
0.896244
1.039664
0.983562
0.951986
1.126395
1.068868
1.056289
1.027268
0.968153
1.071285
0.890082
0.990173
1.029653
1.060004
1.021126
1.007284
1.084115
1.014234
0.992255
1.103206
1.038701
1.035791
1.104568
0.980126
1.035272
1.027379
0.943764
1.044248
1.044075
1.025860
0.970858
0.985911
1.063106
0.988747
1.014473
1.010595
0.883085
0.930658
0.945531
1.061161
0.971545
1.045103
0.934530
1.097867
0.970494
1.004697
0.990706
1.004474
1.040556
1.020599
0.945692
1.026662
1.058016
1.020819
0.964493
0.986572
0.981086
1.044067
1.093376
1.014434
1.005073
0.951206
1.012614
0.964926
1.037844
0.956525
0.976557
1.080828
1.005041
0.955708
1.141856
1.037024
0.958487
0.972736
1.020291
0.995583
1.018157
1.016354
0.954278
1.017594
0.964306
1.079870
0.992503
0.950497
1.010794
0.994995
1.049524
0.937110
0.968706
0.950541
0.989555
0.940705
1.051103
1.076536
0.968792
1.043033
0.954738
1.009678
0.935892
0.987155
1.020548
1.054245
1.057835
0.977793
0.988215
1.090610
1.058001
0.917773
0.960682
0.977266
1.012072
0.987290
1.021134
0.910239
0.980093
1.023957
0.988599
1.046284
0.992501
0.977884
1.082765
1.054660
0.997446
1.003733
1.004685
1.038906
1.026659
1.056968
0.999114
0.950279
0.968503
1.009453
0.966510
0.961825
1.069945
1.093204
0.999028
1.030931
1.003039
0.996107
1.040647
1.034431
1.040255
1.052855
0.974199
1.031673
0.934148
0.968467
0.967636
0.956971
0.953771
1.036120
0.993217
1.014954
0.985753
1.019183
0.922821
1.052865
1.079067
0.928009
1.011652
1.013864
0.960719
1.019109
0.986708
1.009801
1.012167
1.015178
0.981121
0.961685
0.932054
0.976583
1.031154
1.029661
1.018275
0.961861
0.890474
1.105132
1.075099
0.995768
0.991018
1.044008
0.928002
0.967029
0.994553
0.951830
1.033669
1.020587
0.950856
0.954290
1.065479
0.973149
0.983606
0.953180
1.029916
1.048426
0.984370
0.980155
1.036360
0.943447
0.946328
1.014335
1.098033
1.010520
0.954707
0.944406
1.004028
0.988715
1.021291
0.893574
1.054467
0.996494
0.971934
1.062148
0.941137
1.004680
0.997526
1.041009
1.073907
1.078272
0.946086
0.972269
1.009925
1.005514
1.053954
1.059099
0.947762
0.905055
0.920676
0.945811
1.061781
0.991556
0.986446
0.889609
1.038370
1.084642
1.060372
1.029483
0.997918
1.028861
1.006229
0.979678
0.929861
1.034234
0.852046
1.008045
0.990008
1.044622
1.036706
1.074456
0.966871
0.910092
0.987295
0.958944
1.027189
0.947317
1.016678
0.969839
0.983599
0.986596
1.100480
1.075284
1.045171
0.943040
1.001717
1.042877
1.018253
1.008222
1.038566
1.044295
0.949947
1.024521
1.064464
1.012210
1.032763
1.032461
0.995153
1.078287
1.006225
1.033478
1.029868
0.953692
0.978113
0.990327
1.051861
0.971903
1.025136
1.001532
0.935918
1.007158
1.046762
1.011488
0.994704
0.980781
0.997012
1.099106
0.953602
0.917598
1.097364
0.933013
1.098022
1.026346
1.002746
1.038129
1.030903
1.039274
1.050837
0.979830
1.027463
0.953219
0.995184
1.029714
1.017186
0.945563
0.967325
1.044473
0.972731
1.040245
1.116127
1.037537
1.005383
1.050890
1.006013
1.050582
1.010903
0.993602
1.034702
1.018091
1.040739
1.055922
1.012392
0.978981
1.051672
0.966656
0.971774
1.000023
1.038324
1.046676
1.010808
0.993692
1.010317
0.994131
0.933545
1.018731
0.991882
1.004434
0.891321
0.967964
0.970141
0.915338
1.074058
0.969504
1.002501
1.020408
0.993767
0.990766
1.002970
1.078957
1.048699
1.066954
0.967324
1.038601
0.938968
0.966408
1.045478
0.952022
0.987312
0.993668
1.037373
0.930188
1.056708
1.048149
1.037038
0.990715
0.991311
1.056082
0.963912
1.028090
0.963749
1.009611
1.011915
0.962739
1.023875
1.027884
0.972313
1.029280
1.015846
1.068435
1.010014
0.923328
1.019320
0.996426
0.955578
1.030933
0.991293
1.018371
1.047409
1.033516
0.973827
0.976293
1.030671
1.027416
0.977698
0.972895
1.061257
1.001055
0.978291
0.887821
1.020329
1.018438
1.015492
0.956418
0.966112
0.946147
0.985950
1.025725
0.997801
1.103114
0.963510
1.041237
1.032226
0.972895
1.013290
0.957229
0.975954
1.000924
0.956396
1.099654
1.040041
1.020889
1.005987
1.033067
0.957823
1.006340
1.028012
0.949502
1.064865
0.983926
0.925677
1.028914
1.035654
1.041027
1.023697
1.058847
1.008153
1.056841
1.004440
0.985115
0.985692
0.952782
1.021555
0.964443
0.960627
1.038484
0.960403
1.004881
1.016630
0.997343
1.035104
1.046299
0.973477
0.920054
1.089504
1.051966
0.979825
0.969106
1.039971
1.070426
0.928377
1.088870
1.024159
1.057015
1.076251
0.939856
1.003067
1.005303
1.004411
0.900452
0.941238
1.063091
1.024257
1.024498
0.965700
0.905872
1.049748
0.997539
0.930914
1.021971
1.053587
1.028003
1.006024
1.024933
1.003582
0.964205
1.058161
1.004650
0.894875
0.971295
0.949712
1.094559
1.027922
0.986732
1.017028
1.012634
1.021726
1.046270
0.949371
0.999353
0.954457
0.943790
0.927488
0.979643
1.028008
1.059847
1.092358
1.022855
0.941662
1.016814
0.955764
0.965842
1.005596
0.980554
0.919488
1.139610
0.942076
0.960502
0.921183
1.054260
0.970566
1.072615
0.950322
0.987825
1.005955
1.019611
0.979632
0.987884
1.067748
1.001297
1.070308
0.922703
0.963449
0.992649
1.034329
1.021326
1.023800
1.028589
0.996810
1.019513
1.057602
0.983518
0.919840
0.918653
0.893891
1.024242
1.046239
0.959158
1.002588
1.027955
0.992803
1.044153
1.031973
1.004785
1.045150
0.930387
0.962063
1.036854
0.915535
0.968417
1.044667
1.012482
0.983862
1.029661
1.053983
0.901599
1.031360
1.029402
0.949576
0.974169
1.077735
1.013845
0.953164
1.024315
1.036249
1.117653
1.062994
1.012553
1.033162
0.988955
0.904249
0.878749
0.969172
0.947544
0.966296
1.024645
1.083554
0.931112
0.914428
1.018896
0.964065
1.004170
1.013034
0.997703
0.978420
0.979082
1.025727
1.046917
0.997905
1.008766
0.997518
0.919272
0.967657
1.081023
0.955001
0.903406
0.984018
0.996345
0.934722
1.055782
1.014296
0.978188
0.983586
1.011490
0.941996
1.053065
0.920381
1.003865
0.889078
0.961517
0.976307
1.003099
0.999782
1.089513
0.981090
1.095446
1.081797
1.072130
0.970370
1.024526
0.986303
1.011190
0.973927
1.008101
0.978054
1.135808
0.962865
0.993463
1.032471
0.959092
1.022082
0.965011
1.033119
1.017772
0.951311
0.954127
0.980300
0.947587
0.985397
0.984119
0.951761
1.039512
1.035527
0.930067
1.022308
0.992982
1.044419
1.087886
1.017824
1.007358
0.966287
0.968374
1.031991
0.975219
0.964268
0.979682
1.091316
0.918026
1.044083
1.111163
0.977763
0.971335
1.085817
1.004350
0.949569
0.817985
1.018402
0.950493
1.031916
0.950079
0.939290
0.990181
0.957973
0.981023
0.995099
0.907689
0.934830
1.082503
0.938591
0.965391
1.060858
1.020950
0.929190
1.083126
0.903458
1.041346
0.964042
0.939473
1.009552
1.043120
1.100049
1.054697
0.943426
1.048138
1.050964
1.008792
0.946343
1.018423
1.055044
1.032916
0.992302
1.043720
1.031108
0.970004
1.077304
1.001037
0.937676
0.972870
1.020590
0.954280
0.943744
1.086400
0.983613
1.085184
0.918758
0.993266
0.947105
1.062858
1.015932
1.058663
1.093547
1.025967
0.947997
1.029976
1.024075
1.102671
0.963924
0.939939
1.031929
0.999067
0.913439
0.932991
0.981725
1.029169
1.047694
1.061445
1.018602
0.981570
0.968250
1.096801
1.027365
0.953346
0.975319
1.122254
1.000366
0.924917
1.056813
0.909791
0.955873
0.991168
0.986429
0.998582
1.004766
0.965044
0.942406
1.033858
0.946630
0.948601
0.952580
0.977639
0.939050
0.953536
0.939156
1.034497
1.038725
1.050064
0.983021
0.917096
1.097864
1.003019
1.010891
0.984424
1.018659
1.088999
1.049058
1.046376
0.981776
1.080044
0.908088
0.953762
0.997128
1.016504
1.059171
0.973410
0.952415
1.041918
1.092848
0.978212
1.042085
1.042064
1.056114
0.998154
0.960663
1.075903
0.935072
1.054247
0.962865
1.062480
0.871093
0.950316
1.037065
0.946666
1.099250
1.026376
0.986042
0.967899
1.060034
1.109375
1.011029
0.918755
1.008418
1.026244
0.953863
0.967493
0.948556
0.981452
0.958297
1.025374
1.017553
1.094146
1.062700
1.021879
1.073188
1.066633
1.085972
1.056351
0.962438
0.953837
0.969963
1.011706
1.060935
0.954812
1.041269
1.108970
1.018044
0.947527
0.930835
0.927833
0.995116
1.027084
1.145667
1.081431
1.002162
1.017990
0.939903
1.071175
1.059193
1.081294
1.095646
0.875229
1.044416
0.958119
0.976533
0.928839
1.003006
0.925107
1.001311
1.021560
1.017780
1.081189
1.045914
1.015853
1.079255
1.020557
1.008166
0.934512
1.021014
0.933075
1.010862
0.904172
0.954628
0.934779
0.976987
0.960157
1.025260
0.915651
0.946818
1.004117
0.873466
0.967049
0.937698
0.990779
1.014609
0.961850
0.995378
1.083555
1.037779
1.026947
0.976185
1.002260
0.975954
0.984039
1.022221
1.040775
0.972721
0.959519
0.904493
1.056392
1.010259
0.959458
1.042467
1.021045
0.999682
1.052102
1.046636
1.022964
1.011260
0.985897
0.924000
0.934782
0.875156
0.879221
1.035761
0.972887
0.959717
1.034251
0.959487
1.012947
1.026265
0.977686
1.009110
1.024042
1.007834
0.963295
1.015311
0.969137
0.989690
1.006415
1.009220
0.956680
1.026353
0.971667
0.972773
1.022015
0.948373
0.911662
1.040373
1.003983
1.086873
1.059897
1.036102
0.936475
1.062296
0.979145
0.953047
1.060961
0.913718
1.048551
0.960860
0.990139
0.956916
1.080253
0.993697
1.015314
1.101206
1.003509
1.066479
0.983697
0.981222
0.946277
1.040122
0.942523
0.996971
1.001345
1.069039
0.968327
1.068240
1.022437
1.012381
1.024251
0.962384
0.985164
0.952136
0.938746
1.008763
1.098211
0.927641
1.049420
0.990037
1.009971
0.956842
0.982927
0.935854
1.035935
1.107022
0.996563
1.028726
0.968273
0.991607
0.943860
1.034926
1.026747
0.992902
1.077163
0.989899
1.020440
1.074189
1.099939
0.941584
0.984006
0.949208
0.991111
0.934931
0.980764
1.072900
0.971157
1.035294
1.013864
1.043789
1.031743
0.995074
1.074915
1.082255
0.987579
1.018008
0.907472
0.991950
1.077918
0.861563
1.018247
1.029354
0.967433
1.102112
1.062304
0.998495
0.965004
0.877767
1.026767
1.040575
0.991664
0.972401
1.029300
0.920805
1.058305
1.069264
0.945045
1.061044
1.065044
1.042373
1.025712
0.988005
0.962907
1.023573
1.032001
0.924161
0.996770
0.972127
1.047279
1.010773
0.940066
0.983033
0.907345
0.938321
0.975949
0.997271
0.921204
1.053290
1.036861
1.044762
0.980448
0.991569
0.958971
1.017422
0.977097
1.022715
0.913580
0.977832
0.973197
0.971840
1.038506
0.988816
0.924821
1.030130
0.981475
0.929895
1.009259
0.976243
1.083947
0.968859
1.073495
0.974526
1.089685
1.006223
0.965200
0.956289
0.968523
0.960234
1.019075
0.960891
0.959798
0.979720
1.017558
0.999014
1.030887
1.097420
1.013458
0.963955
0.936473
0.930982
0.974133
0.986863
1.044256
0.984467
0.913651
1.086694
1.029792
1.020755
1.069177
1.063395
1.091449
0.987274
0.940856
0.965338
1.014686
1.065344
0.893277
1.046169
1.101413
0.956014
0.935841
1.057477
0.924863
1.066432
0.924295
1.076149
1.073179
0.983410
1.000273
1.001408
1.030585
1.025026
0.917918
0.911376
1.034090
0.986106
0.987042
1.070119
1.022936
0.986097
1.017968
0.980469
1.021265
0.919549
1.016883
1.002977
1.000936
1.018070
1.037429
1.070151
1.066747
0.922485
0.970065
1.088938
0.961749
1.009615
0.883683
0.971809
1.043078
1.010464
1.009780
0.993198
0.929353
1.118262
1.040824
1.004998
1.006497
1.002885
0.917306
1.029170
1.042632
0.938451
1.023347
0.919089
0.989530
1.023322
1.050605
0.981862
0.971547
1.018083
0.998059
0.877434
0.946500
0.977827
1.044901
1.066541
1.001933
0.949303
1.037220
0.978888
0.948330
1.179884
1.015796
1.030211
0.931956
0.908239
1.010456
0.928137
1.087438
0.969105
1.013635
1.111969
1.123524
0.985172
0.970378
1.124608
1.028811
1.041880
1.047318
1.004493
0.975240
1.071356
0.924087
1.006238
1.000990
0.998638
0.969159
0.970324
1.068286
0.936474
0.993915
0.897573
0.923558
1.015831
1.000628
1.027059
0.916035
0.882675
0.961019
1.024123
1.082731
1.005533
1.093417
1.021148
0.942145
0.932163
0.972190
1.002248
0.978522
0.954870
0.952102
0.928780
0.943845
0.929805
1.089186
1.031815
0.974397
1.030114
1.015284
0.981397
1.023692
1.009267
1.037125
1.012469
1.021685
1.039190
0.961803
0.880501
0.966710
0.960807
0.993052
0.980125
0.945808
0.976544
1.082832
0.843136
1.090871
1.019252
1.000894
0.975586
0.989991
0.952027
0.996185
1.023241
1.061972
1.057677
0.903051
0.971538
0.976732
0.958461
0.964158
0.944206
0.989614
0.877431
1.040641
0.977049
0.949735
0.956930
0.909348
1.013882
0.921157
1.012967
0.982348
0.978692
1.028521
0.971551
1.072140
0.995400
0.974759
0.897148
1.043483
1.013508
1.052646
0.990336
0.951203
1.000778
1.032262
1.009716
1.032770
0.937024
0.979895
0.952228
1.031818
1.103842
0.958587
0.933786
1.013858
1.014598
1.014635
0.997574
0.955186
1.054657
0.950582
1.004659
0.952137
0.870536
0.968911
1.011839
1.119513
0.936471
1.016391
1.017236
0.944321
0.932274
1.100978
0.998027
1.020177
1.036536
1.006252
0.964006
0.962742
0.975325
0.962270
1.017082
1.035761
0.928450
1.021587
0.998051
0.995610
1.023073
1.008351
0.968742
1.019751
1.060683
0.993875
0.963936
0.966017
0.962627
1.024984
0.965797
1.031691
1.059662
0.964899
1.020681
0.961544
1.020911
1.129939
1.038223
1.031565
0.991046
0.969650
1.008866
0.986463
1.052277
1.045148
1.008321
1.066827
0.927352
0.993307
0.986790
0.992768
0.998687
1.061401
0.963520
1.012936
0.985391
1.028170
0.960505
1.088697
0.975171
0.920735
1.043005
1.067514
1.046617
0.893209
1.023077
0.871206
1.070523
1.059522
1.041752
0.944469
1.014060
1.046686
1.058815
0.950340
1.004351
0.971979
1.011719
1.039831
0.993859
1.119564
1.036091
1.043126
0.960426
0.992287
0.938013
0.993299
1.050997
0.906725
1.033665
1.047204
1.020329
0.996154
0.976954
0.968190
0.996780
1.077161
0.987423
1.018542
1.041108
1.100328
0.925832
0.968738
0.993189
1.085408
0.997528
1.055529
0.904820
1.065751
0.990951
0.987215
1.012444
0.972794
0.992397
0.998377
0.994581
0.969628
0.998792
0.971430
0.966390
0.989783
1.010074
1.017657
1.103207
1.021104
1.076486
0.963461
0.954084
0.943164
0.948359
1.031798
0.961815
0.912962
0.985170
0.982637
0.992032
0.986466
0.967370
0.952841
1.054224
1.008423
1.033919
1.008495
0.950566
0.954000
1.058478
0.952779
0.984493
1.081868
1.020912
1.008482
1.000052
1.019918
1.018320
1.090663
1.007188
1.048211
0.995858
0.985014
1.029300
1.010479
0.909574
1.025983
0.983285
1.015449
0.939602
0.976776
1.006788
0.961558
0.953245
1.034017
1.030660
1.021769
0.988930
0.986850
1.000438
1.037394
1.016714
0.953372
0.984231
1.048530
0.958562
1.007171
1.028497
0.934134
1.063033
0.956238
0.920890
0.972199
0.936172
0.974085
0.975623
0.963864
1.076267
1.074635
0.978093
0.974408
0.969658
1.001956
1.025481
0.960367
1.032885
1.004239
0.922253
1.038253
1.038169
0.973865
1.040473
1.086649
0.980880
1.086616
1.011760
1.006419
1.001015
0.998358
0.883619
0.963477
0.970923
1.100729
1.013362
1.066268
1.019620
0.960276
1.013374
0.971864
0.968662
0.885891
1.035198
1.027245
0.936890
0.982758
0.930704
1.038519
0.996937
1.010267
1.087282
0.959707
0.920860
1.044415
1.027020
0.987998
0.970401
0.945260
0.996574
0.878823
1.001025
0.937341
0.993075
0.979732
1.036391
0.959680
1.108042
1.040468
0.963562
1.001368
0.976098
1.009585
0.964712
1.045835
1.086544
1.029241
0.904435
0.987257
0.953652
1.061505
0.981271
0.976941
0.887708
0.942518
0.938983
1.058120
0.981012
0.981377
0.959425
1.115825
0.953987
1.060537
0.961211
0.924369
1.017920
0.952747
1.041972
1.024563
1.065678
1.045574
1.075205
0.969132
1.066174
1.013713
1.082227
1.047204
1.002458
1.003893
1.063792
0.976078
0.947335
1.020838
1.009011
1.013811
1.005726
1.034808
0.972612
1.051293
0.959128
1.026170
0.920760
1.004532
0.950703
1.087548
1.039636
0.951701
1.047692
1.037422
1.033667
1.085008
1.023711
0.985626
1.046219
0.970754
0.931902
1.021830
0.943344
1.096183
1.029908
0.973072
0.990341
0.926519
0.927769
0.973281
0.947827
1.032914
0.969795
0.990855
0.960905
0.919775
0.946422
1.107064
1.048296
0.912143
0.960382
0.922363
1.047864
0.905969
0.990624
0.968137
0.964762
0.934908
1.029738
0.994502
1.047666
0.951947
1.002183
0.902439
0.999841
0.971117
1.042602
0.979659
0.968562
0.979394
1.006695
1.014964
1.004201
1.028876
0.966148
1.010555
1.078917
1.119104
0.975948
0.969523
1.040673
1.023681
0.951308
1.032676
1.109310
1.057853
0.973833
0.971358
0.945381
0.998144
1.077770
1.000395
1.001650
0.883322
1.093051
1.019327
0.997979
1.031791
1.056785
0.952021
1.006651
1.012073
0.991678
1.029868
0.987107
0.932233
1.057208
1.001139
0.984073
1.034899
1.003349
1.057650
0.938293
1.012002
1.029832
0.947905
0.980923
0.975208
1.033513
1.078598
1.066683
1.072512
1.004658
1.008135
1.057868
0.936149
1.028264
0.898620
1.006695
1.098469
0.974445
1.035195
1.060231
0.960413
1.011906
0.974986
0.944498
1.071415
0.988227
0.967750
0.959116
1.022822
0.951076
1.056431
0.979716
1.033554
1.033284
0.981698
1.031579
0.973619
1.019402
1.030299
1.035156
0.951676
0.987065
0.983106
0.995968
1.099848
1.030345
1.059478
0.944723
0.920023
1.008377
0.964298
0.999848
0.982959
1.053732
0.972440
1.020415
1.041905
1.026131
0.962380
0.982370
0.962252
0.953637
0.956465
0.986263
1.050702
1.021626
0.986332
0.941584
1.011921
1.016852
1.071669
0.968442
0.969706
0.942897
0.961828
0.972887
1.068894
0.965600
0.947335
1.081701
1.010357
0.979299
1.056146
1.070012
0.958682
0.991905
1.011442
1.041236
1.054167
1.002100
1.117883
1.084676
1.048162
1.020320
1.074215
1.046481
0.961560
1.075406
0.890761
0.986496
0.990092
1.071105
0.926093
1.067762
0.942818
0.965151
1.003007
0.932109
1.029611
0.943203
1.005962
1.048930
1.011125
0.953019
1.065111
1.048410
1.029164
1.014651
0.926655
1.024282
1.055445
1.064217
0.993443
0.977777
1.064608
0.979600
1.055458
1.027266
1.039537
0.966147
0.963833
1.070239
0.935245
1.025157
0.976625
1.054143
0.955618
0.863036
0.963042
0.982243
1.053522
1.038579
0.947504
1.024515
1.053856
0.980688
0.970341
0.993164
0.970840
1.015557
1.046213
0.978321
1.013087
1.004792
1.061551
0.990932
1.021473
0.936305
1.023219
0.995949
0.919697
1.032031
0.964996
1.042400
1.066113
1.001762
0.869701
1.074660
0.933028
0.982030
1.013117
0.965282
1.036050
0.876739
1.003956
0.979498
1.003695
1.030927
0.984262
1.003450
0.956389
0.898128
1.065704
1.034492
0.991175
0.960079
0.950357
1.042315
0.983606
0.949515
1.007336
0.934826
1.035462
0.986746
1.091481
0.968581
0.960329
0.990092
0.976800
1.071726
0.997388
1.025313
0.994188
0.990691
1.038803
0.966226
1.000279
0.934639
0.893708
0.988146
1.050273
1.001593
1.032662
1.017868
0.988337
0.949508
0.946588
0.942523
1.037209
0.983097
0.986649
0.962662
1.022941
1.000613
1.007349
1.003617
1.033540
1.043547
0.983340
1.010645
0.970281
1.014767
1.065417
1.024859
1.038714
1.061837
0.946619
0.968379
0.947803
1.038208
1.010882
0.942185
1.030162
0.937673
1.000773
0.993178
1.005081
1.010663
1.065104
0.950992
1.018007
1.006721
1.029799
1.043905
0.997787
1.000232
1.001616
1.002938
1.050262
1.058599
1.012081
1.034992
1.014782
0.978568
0.990602
0.955844
1.030226
0.936442
1.005960
0.952924
1.040622
1.085586
1.009634
0.996981
0.905539
1.063188
0.965378
0.976196
0.863451
0.962657
0.977275
0.977276
0.965941
0.988573
0.952564
0.956831
0.940591
0.993073
1.035573
1.006378
1.061247
0.989104
0.914792
0.978514
1.021158
1.065349
1.071077
1.044785
1.020101
0.979419
0.990016
0.961853
0.986168
1.019193
0.991603
1.021349
1.037855
1.028547
1.006834
0.995579
1.050583
0.979820
0.995823
1.000026
1.059146
1.068742
1.055462
0.998282
1.007727
1.062021
1.015934
1.045845
0.982037
1.088172
1.032245
1.000328
1.083513
1.012226
0.970767
0.942567
0.976559
1.029514
1.025447
0.903783
0.874678
1.001494
0.917697
0.933404
0.991630
0.894373
0.979573
1.054628
1.001931
1.004843
1.020709
0.986658
1.040788
1.065133
0.998715
0.969896
1.013810
1.050670
0.883563
0.922700
1.024014
1.072141
1.071376
1.078758
1.013622
1.089431
1.018031
0.976374
0.981369
1.002005
0.942092
0.996315
1.084423
1.006135
0.935209
0.936013
0.972785
1.064470
1.012334
0.990298
1.041823
1.032435
0.947283
0.961150
0.895356
0.948407
0.959371
1.059478
1.070639
1.029061
1.081074
1.103457
0.987637
1.035195
0.911147
1.004910
1.037086
1.020335
1.010352
1.011805
0.987847
1.058449
1.016929
0.988057
1.009040
0.994464
1.048002
0.990727
1.028413
1.044345
1.008751
1.064957
1.022297
1.022761
1.016048
1.035173
0.982662
0.939928
0.981615
1.076563
1.002377
0.967716
1.062306
1.053681
1.001303
1.028916
0.943869
1.052202
0.944600
1.029746
0.988450
0.966980
0.915829
0.930226
1.026389
1.002460
0.928688
0.922488
0.987215
1.082743
0.989538
0.965586
1.015897
0.953098
1.060998
0.919634
1.007735
1.031612
0.934559
0.999523
0.991949
0.984969
1.031114
1.082547
0.904519
0.916755
1.035434
1.069596
0.870679
1.008461
0.978723
1.031186
1.016667
0.934247
1.006507
0.964821
1.090510
0.939451
0.943264
0.982463
1.049496
0.978552
1.015370
0.899068
0.970507
1.011321
0.915769
0.925054
0.961844
0.986945
1.012578
1.007391
1.053327
0.992449
1.027746
0.987211
1.011644
1.002085
0.940021
1.032281
1.027580
1.089804
1.057562
0.947094
1.003783
1.025046
1.029248
1.004249
1.062755
1.047979
1.026778
1.026053
0.987503
1.051413
1.064514
0.969132
0.957128
0.898953
1.048905
1.087965
0.962872
1.032972
0.967518
0.926012
0.968298
0.974014
0.954278
1.035649
1.053455
1.030332
1.015077
1.034594
0.886466
1.002977
1.055058
1.015918
0.963170
0.968448
1.038180
1.075149
1.086079
0.995694
0.976060
1.001566
0.984430
1.051286
1.107350
1.025018
1.048585
1.045262
0.941032
1.017529
0.949891
1.014818
1.015040
0.957481
0.969257
1.028065
0.989980
0.946453
1.036039
0.991139
0.982608
1.027945
0.967726
0.990327
0.941887
1.028093
0.982127
1.000643
0.932599
0.962231
1.011188
0.970114
0.992395
0.984763
1.029650
1.068246
0.871157
1.090700
0.942544
1.047837
1.009454
1.002069
1.007654
0.992931
1.024423
0.948023
1.013493
1.065714
1.032111
0.968297
0.993619
0.974471
0.970558
1.006664
0.988876
1.032584
0.928569
1.073805
1.122962
0.957305
1.018088
0.956507
1.028743
1.025981
1.015667
0.958960
1.028659
1.001991
1.030991
0.935947
1.058221
1.087868
0.965567
0.968413
1.022565
1.029957
1.057324
0.986052
0.992684
0.952632
0.956768
0.990765
0.996306
0.928455
1.022025
0.990746
1.089065
0.970424
1.036370
0.980339
1.026684
0.984829
0.976137
0.975474
1.007587
0.897778
0.968546
0.972059
0.953184
1.031404
0.939301
1.036422
0.952107
0.988403
0.942523
1.049157
1.045600
1.009997
1.030753
0.956973
0.884866
0.957152
0.911521
0.967964
0.948071
1.004436
0.976680
1.001381
0.888071
1.032979
1.013769
0.909657
1.048713
0.978356
0.991943
1.001383
1.000912
0.943457
1.070183
1.113114
1.003956
1.047943
1.020367
0.952585
0.914450
1.022328
0.949146
1.035557
0.943283
1.011023
1.027697
0.944288
1.041916
0.995808
1.077136
1.058819
1.060066
0.986410
1.066206
0.900872
1.003673
1.026043
0.972643
1.017935
1.049053
0.939870
0.974224
0.978049
1.060885
0.986331
1.003959
0.969348
0.974356
0.952039
0.998860
1.099397
1.021291
1.011829
1.050624
0.983286
0.954040
0.971671
0.944841
0.973309
0.937579
0.977733
1.046064
0.996902
1.027318
0.921961
0.979274
0.939583
1.040300
1.050815
1.026497
0.928853
1.026607
1.018757
1.059616
0.949660
0.901764
1.082436
1.021646
0.934904
0.951279
0.990776
0.981075
0.952268
1.052291
0.980343
0.914790
1.006808
1.009498
1.032703
0.969845
0.939036
1.002678
0.952151
0.991921
1.060411
1.026420
1.009387
1.021496
0.952647
1.034194
1.025484
0.981193
1.030376
0.971454
1.030847
0.968242
1.051299
1.067749
0.955267
1.047489
0.947769
1.032368
0.965990
0.978447
0.991657
1.006149
1.018986
0.982464
0.952348
1.050279
1.065265
0.952108
0.997360
0.983510
1.061211
0.931223
1.038541
0.899069
1.064254
1.033935
0.949718
1.076601
0.961690
1.037751
0.998386
0.955626
0.977536
0.953552
1.131087
1.015916
0.964925
1.002086
0.894920
1.037273
0.953010
0.965197
1.123602
0.931197
1.048263
0.975211
1.036138
0.950924
1.062469
1.029220
1.062146
0.928319
1.023930
0.962740
1.093271
0.976536
1.051324
0.984433
0.962558
0.985882
0.991202
1.015257
0.917692
1.028673
1.007302
0.936414
0.961151
0.949679
0.913408
1.046619
1.020540
0.981201
1.041176
1.041610
0.990541
0.959138
1.075084
1.052923
1.004883
0.974584
1.031442
0.921450
0.999810
0.958305
1.052786
0.965016
1.114245
0.922676
0.908897
0.964366
1.168126
0.907566
1.072795
1.068966
0.988568
0.912023
1.056301
1.087752
1.030257
1.039714
1.012438
1.047809
0.892040
1.002173
0.952750
0.930863
0.932303
0.957920
1.101540
0.963981
1.019966
1.050446
1.040789
1.014093
1.039210
1.022349
0.909721
1.029464
0.966132
0.999439
1.031730
1.013623
0.956489
1.061749
0.997313
1.026812
0.941721
0.973902
1.050203
0.967284
1.019951
1.011364
1.035661
0.982719
1.047207
1.059580
0.958402
1.090278
0.902275
0.958321
0.999846
0.983843
0.961866
1.021684
1.079984
0.932706
0.983645
1.134971
0.950131
1.048366
0.934427
0.881002
0.950993
0.994409
1.092712
0.998078
0.989430
0.986070
1.026141
1.069162
0.990379
0.998282
0.996820
0.985754
0.959300
0.863525
1.004199
1.060718
1.093581
1.050332
0.956725
0.964381
1.036734
0.967595
0.907336
0.980570
0.981207
0.974318
1.034473
0.998366
0.981674
1.036772
1.023447
0.976978
1.066243
0.988867
0.968107
1.128492
0.996044
1.015717
1.017534
0.931588
0.979428
1.065285
0.953683
1.072064
1.048427
0.935727
0.953873
1.017233
0.964968
0.997426
0.992557
1.008391
1.014140
1.025799
1.028437
1.043090
1.081226
1.073265
0.939344
1.008036
1.033385
1.059624
1.064128
0.991957
1.065352
1.031783
0.975452
0.876624
0.950697
0.991494
0.989627
0.944904
1.008975
0.974247
0.949856
0.941899
0.976987
0.914306
1.009762
1.057035
0.939459
0.914644
0.897859
1.009136
0.995725
1.096004
0.956099
0.942144
1.045904
1.029795
1.053135
1.023160
1.003369
1.060056
0.943569
1.027274
1.034492
0.997687
0.976262
1.046689
1.069601
1.016193
1.080218
1.000806
1.008585
1.001318
1.071221
1.027706
0.965184
1.102523
1.037528
1.040749
0.927449
1.021945
1.022462
0.931420
1.108196
1.041498
1.039997
0.969787
1.095719
0.987331
1.047988
0.969347
0.968197
1.019951
0.996047
1.049305
0.952525
1.013599
