0.405532
4.972440
3.812895
5.083179
1.537331
6.230980
8.104680
8.039536
9.276179
7.448722
1.374673
3.411997
8.095368
2.702597
8.748796
4.779458
5.272518
7.173884
1.015190
9.533940
2.206777
8.040806
7.098190
3.877386
5.833229
2.516087
2.963601
0.557569
3.201221
7.395016
7.109335
6.465348
0.485979
2.260338
8.395541
2.579130
2.496783
0.520539
3.252365
6.366189
3.021193
1.922952
7.754259
0.532466
3.306565
0.377128
0.174212
8.878836
1.859285
8.823563
8.367310
4.176761
1.005394
1.792567
1.055299
2.140055
6.149843
9.012440
8.297211
2.435718
1.206997
3.126057
8.954961
0.664021
5.877135
8.220415
5.387132
7.690467
2.303081
4.901335
6.276973
0.179644
7.501226
7.817804
5.096626
1.009074
3.395529
2.811993
0.372574
3.940770
8.817005
4.573615
3.636581
7.709086
2.539895
1.269079
1.828478
6.730099
8.803015
6.980066
9.049492
9.009273
5.891486
5.166708
9.930133
9.303183
1.236364
6.864181
4.156278
1.601003
0.720014
1.319677
9.465535
5.442610
3.290779
8.528907
2.692166
6.941514
5.494981
6.289870
4.820522
3.999375
8.494192
3.584449
6.446087
3.969198
9.878365
9.004178
8.155595
7.757082
6.051424
3.062206
9.960448
2.545651
0.467400
3.450647
9.311858
6.983279
6.653362
1.128882
7.661881
3.097834
6.304080
0.728996
7.367980
7.344413
6.030856
9.664199
1.632241
1.556710
9.023441
1.256551
7.241196
2.917099
8.015995
7.954071
7.567121
8.472198
9.465571
6.864414
2.146772
6.078873
1.353551
1.428186
4.091858
4.248358
1.066568
1.742393
4.036278
9.485440
4.763799
2.632061
9.884310
2.351830
0.348131
3.288062
9.066553
8.850442
1.168048
8.087237
4.567609
0.502222
1.922098
3.995114
1.968747
9.014147
2.955060
0.434494
0.435375
4.893778
2.313251
0.826337
9.245995
6.821540
4.872049
5.485733
4.218278
2.201583
9.606406
8.895878
4.608845
5.136953
4.047897
5.117598
6.510090
6.732060
3.556647
2.876177
4.234157
2.533457
5.929964
3.614927
9.719678
4.862530
3.582848
2.104068
3.664347
7.346704
8.273025
8.550282
7.684731
7.524910
7.264489
8.109556
5.523996
2.188483
5.421731
5.567087
5.221444
2.390353
5.447442
5.223465
2.887767
4.934431
5.375631
5.998232
5.820707
9.545452
0.911034
2.766449
8.013674
4.114251
2.643541
5.390083
3.085607
0.978323
0.772403
9.058436
1.496590
6.314840
1.807774
3.784249
4.734369
6.535525
5.073271
1.504981
9.740383
6.133514
3.104542
8.055479
6.300085
7.132822
5.354000
5.596182
6.992199
1.919666
1.884703
2.803313
7.619639
6.281284
4.400592
7.029275
3.074988
5.576241
7.635440
0.096741
2.262450
1.165630
9.211188
1.356405
8.840949
9.953419
2.541613
9.370175
4.777375
8.524809
8.494104
9.854890
4.816839
4.786390
5.306817
1.739713
0.262475
7.740715
7.210189
3.733695
0.167219
1.865834
7.682393
1.166137
2.304116
5.395067
5.062254
6.654316
0.443207
8.944102
4.314379
4.034131
8.924453
8.441375
6.501808
5.145354
7.843193
3.462167
7.516047
0.269407
4.630620
6.491785
8.129875
8.022166
2.649092
2.135454
1.988095
7.761779
0.408442
1.806409
7.967797
0.613676
5.282737
3.093303
4.127716
8.177504
5.722001
9.196500
2.778008
9.548287
1.302215
8.890611
2.814171
6.891660
0.830035
3.045283
3.626278
4.067972
0.527258
5.206844
7.797237
2.646132
9.158819
4.476707
0.776801
4.971315
0.675550
4.326007
0.946014
5.763257
6.789639
3.591785
8.484864
4.972844
6.492294
8.704732
7.636806
7.146054
0.849285
6.009761
2.886887
2.640841
3.937711
0.518903
1.953396
9.228955
9.053785
5.547970
2.042241
7.452103
0.005157
8.075424
2.358890
5.175301
5.351368
0.574065
7.938283
2.660062
3.354078
9.873830
8.057508
4.350444
0.682895
1.946649
9.421727
8.289165
4.184734
0.626472
8.040137
6.379929
2.543292
7.619308
2.659510
8.610032
2.162744
6.737974
0.657075
7.861193
2.317659
8.041795
1.331642
6.433476
8.271725
0.606361
6.593363
9.282297
7.401484
9.302390
6.513940
8.412960
3.581111
5.737611
2.916063
6.498301
2.774644
3.365870
0.348363
3.536381
2.646335
5.790110
1.218668
1.050684
1.865838
4.273573
1.888133
2.860476
8.959990
8.044891
3.140666
6.314783
2.373434
2.442332
1.084577
4.965549
3.218091
6.003962
8.354713
1.754491
6.551075
6.357780
2.745282
6.670356
8.348091
3.570468
2.877046
3.987546
6.103122
9.406702
7.769731
5.135804
7.035076
4.816291
2.342968
1.537660
4.766850
2.115184
8.273943
8.180424
8.790796
7.975348
3.552371
3.438175
4.482555
9.746357
0.100628
5.349585
6.238052
3.809851
9.510737
8.855636
9.066416
1.809306
3.199779
4.410409
7.311424
6.605745
8.321222
4.800083
4.069279
5.260004
8.177932
5.636822
4.595862
0.898040
2.863619
1.441464
8.895864
2.788594
6.183989
1.015496
0.495006
9.558290
6.038684
3.657494
7.282337
2.666841
4.212437
6.048656
4.007024
2.137387
7.878524
6.065205
2.774810
0.310900
1.526787
9.384480
7.538170
1.430970
7.935667
1.465494
8.068647
6.352803
8.249125
9.957037
6.036628
8.731204
4.322278
1.698465
2.706034
2.681160
8.166286
1.707405
5.114485
5.976593
2.182207
9.189770
0.112722
7.077369
2.358111
1.509240
0.654392
2.949435
5.732939
6.953417
0.644332
6.409918
6.145741
7.923203
2.907828
7.743494
8.283721
1.351805
5.443086
3.259920
6.570603
0.302282
0.719305
6.826999
8.685985
2.008000
1.472467
4.232438
8.376740
1.159045
4.779552
7.754292
9.390425
8.466099
2.953662
5.432058
2.534422
9.417878
9.137738
5.197770
1.323167
4.066196
8.277663
7.103755
3.326103
5.931950
8.397834
7.405217
3.358840
6.693321
0.010652
4.292232
9.178712
1.710175
2.737767
7.425319
4.815647
5.116077
2.420961
1.182773
6.593875
2.416752
9.741623
7.360994
3.164974
3.548094
4.903314
0.676330
8.040991
8.815323
9.631344
3.032687
0.723814
3.152523
7.082972
1.192345
2.909364
1.050087
8.623019
2.227988
6.832775
9.374259
8.015504
0.896625
2.563387
4.702853
0.261243
4.695818
7.878140
5.842043
9.633572
4.587414
7.649846
3.438186
0.973070
0.932075
4.963212
9.189123
7.098870
2.352284
8.814382
3.452837
2.603416
8.576322
5.875152
0.415264
5.145562
9.925282
9.250281
1.994258
0.223074
4.177118
0.206978
9.819001
5.462109
4.608008
6.518394
8.828326
1.103958
6.013108
4.866240
7.452416
0.226177
1.516944
4.244092
7.331715
3.715816
0.966824
2.741657
8.587246
6.466174
7.400610
2.329297
7.798092
2.622613
9.558857
0.214828
7.793845
0.507096
2.538512
5.542996
5.690928
0.528067
9.812682
5.094388
6.046799
4.037637
3.437379
8.630336
1.702486
6.041268
2.064494
0.153151
7.823668
9.988106
3.180073
3.065840
0.567169
3.594898
4.061594
5.745830
0.259988
2.182829
7.516579
3.101554
1.650792
8.044065
7.626733
0.074308
7.225751
6.820007
6.062173
6.476718
0.557586
2.012696
0.497099
7.352760
2.108705
6.289209
7.183461
5.101326
1.050914
1.371588
6.784888
6.502000
5.676000
9.409143
0.795111
6.202993
1.141142
7.688178
0.294003
6.288400
0.624959
4.504283
0.641777
8.851481
7.337159
1.536433
1.200294
4.087467
9.988997
2.841039
0.776655
0.177030
0.653030
7.507939
1.725606
9.662327
2.093320
2.006601
5.091302
6.159351
2.943450
2.655344
6.333432
9.106630
3.548241
1.486033
6.335144
9.098638
9.792947
1.544986
0.428363
2.873673
8.017836
4.491053
8.827129
6.995360
5.095720
5.736283
9.116996
3.079066
9.035340
4.103165
5.146097
5.801094
6.726555
1.028730
0.709150
6.715601
2.674583
9.714827
0.080265
0.054368
9.991221
2.466313
8.500935
8.000304
7.677012
3.923390
3.338997
1.371134
0.186915
4.343426
0.438893
2.243969
4.806259
4.928204
0.084576
3.447829
0.116090
8.345334
7.556368
1.323007
6.103359
0.157793
6.908733
9.619620
2.243598
5.429555
1.324785
5.287151
7.736321
5.466552
3.883759
2.964666
9.003367
8.093567
0.846855
7.301395
1.578132
4.545218
3.809248
7.472449
7.461105
8.824224
6.412828
2.489732
4.139321
7.340334
2.247513
4.617310
3.799123
7.528264
8.473039
1.849482
5.922824
8.925806
1.205622
9.985443
3.854748
2.872961
3.728852
5.189023
0.567989
3.005605
3.068733
9.904398
9.754199
4.465194
5.616536
0.290653
3.772765
5.560136
3.423834
0.900151
3.181253
5.569757
0.091175
0.592384
1.837595
0.158026
0.333403
4.396706
5.771023
9.530313
1.255529
1.862611
2.179503
0.776963
5.044405
8.333416
7.384105
3.914672
9.913380
4.400865
7.567126
6.582663
2.775674
0.795842
7.171231
1.979330
2.260560
0.232162
1.674759
0.709106
1.118007
1.625672
6.115618
7.238309
3.235925
8.845198
9.461563
1.999340
3.690051
4.494303
8.511185
6.676143
3.724087
6.673889
1.697126
5.090283
2.720645
9.627256
1.471495
7.394183
6.396434
0.251607
3.015850
3.976527
8.092539
1.175145
9.595489
2.460253
3.271416
6.094485
2.154034
6.991149
4.993762
4.823619
5.658147
0.159138
1.033542
3.637247
5.696060
0.498797
9.833814
0.526787
7.150212
2.678285
3.447652
5.538309
0.749496
6.556449
8.567694
7.314775
0.559777
0.741799
5.406555
2.410990
3.044113
7.099792
3.371988
8.283883
6.519952
5.522460
2.993458
7.871299
9.247204
3.138192
5.111917
7.563857
0.953358
6.877306
1.476607
5.894627
0.256564
7.287434
3.373374
5.758583
5.612923
0.817450
7.036683
3.159255
9.587438
8.278904
3.115492
3.741365
3.648503
4.563192
1.475840
0.955682
3.507005
4.113444
2.543518
6.200351
8.891009
6.321022
6.767886
8.786269
8.051447
8.662758
2.917364
6.108582
6.087781
0.780367
5.720699
0.103592
8.792602
0.240832
7.410939
0.860711
7.439747
3.909698
0.672549
8.765454
9.841039
0.586837
4.405116
7.314394
2.658672
2.050087
2.185975
4.937286
6.188725
1.146391
0.585054
2.446282
3.297090
4.513098
6.573279
1.792932
0.508960
4.081322
9.082300
6.304078
2.295814
1.609876
4.963095
9.544688
8.999441
0.431122
9.146445
6.651811
8.887072
4.653955
0.912408
5.089389
0.850096
9.126329
7.030945
7.593740
7.389115
1.509140
5.956904
1.743880
0.424935
2.499874
1.314120
5.958841
6.348376
3.980473
2.021936
8.155973
5.922579
0.367125
9.095848
2.675344
6.560242
7.540614
9.991230
8.597567
0.566159
3.574076
4.039602
0.719211
7.414093
2.959218
6.345232
7.875821
7.425628
9.067145
0.183575
7.585909
8.876822
4.164448
6.207950
4.767083
6.707481
5.996367
3.958858
6.309876
7.907897
6.134957
4.407544
5.411271
5.829832
4.644760
8.148947
6.533455
2.764818
3.125445
7.376570
8.161192
7.067526
0.595279
2.955525
8.319497
7.562757
7.196618
0.493424
8.718368
8.564382
7.729318
1.439632
5.303975
0.366658
3.764680
9.452819
9.022773
8.857762
2.763805
0.632029
7.286744
2.045628
7.867136
4.169701
9.221216
0.561575
1.292432
0.893162
6.277404
4.341772
1.001041
3.154783
0.481306
6.738199
8.182291
0.710372
0.416282
7.852891
0.163508
9.836649
0.965650
5.119051
1.290887
1.063970
2.590271
9.053879
3.438233
9.687871
6.096588
2.081795
7.348962
4.857615
0.699074
6.560516
4.606906
0.457234
0.685726
5.725027
8.551828
0.030879
0.805463
0.406889
3.662240
2.038425
3.366174
5.446543
5.867413
2.492759
6.610259
4.272465
9.782881
5.464093
1.517261
3.647787
4.262743
6.364884
9.505757
2.275733
5.270748
1.821119
7.737753
3.310143
2.815480
4.224645
0.124300
9.498449
7.241262
5.987030
0.925703
0.546798
9.807516
8.439786
2.095700
8.191512
8.235561
8.258321
6.083733
2.420863
3.704766
8.561670
8.071950
2.999348
1.824173
6.257077
9.868465
6.995728
2.881636
1.250464
0.799478
2.444826
2.703795
2.131345
8.454534
7.252272
4.503626
1.234173
7.808901
4.557550
4.378723
2.146623
5.580877
1.287805
8.282293
6.035133
1.520574
6.237433
1.020134
4.145709
1.447811
8.945149
5.316517
5.953812
5.380601
3.400209
1.926400
0.508303
3.423780
0.670934
1.808522
1.991467
5.074336
8.705047
1.273919
9.896771
6.301014
7.478729
8.855702
0.896979
3.897517
6.174160
2.265153
7.924417
5.055300
9.205940
7.295792
1.807828
0.652234
6.834682
4.901756
8.183431
4.872641
3.724614
2.486364
4.001604
7.373474
7.946514
0.290066
5.455445
0.594160
0.212634
5.399245
9.058004
4.043871
2.519295
3.512671
7.481381
2.750019
7.319740
5.844351
7.682671
8.570879
8.044844
8.001059
6.842664
3.750582
5.585615
7.916151
7.902760
2.303944
7.029298
1.986798
5.154916
9.828034
3.276494
3.940605
0.292451
4.791870
9.411027
1.023912
5.760548
0.325275
2.639403
2.826421
6.709630
7.620282
3.739350
6.380909
1.807986
8.668049
2.940698
2.755758
9.560950
5.006418
2.344379
7.530875
2.106282
3.518400
4.146417
8.444441
4.097002
4.279345
3.936972
4.086805
8.956308
6.155771
0.648757
0.535544
6.915451
2.518935
6.930774
1.039081
6.636811
5.402618
6.740620
0.938612
9.410854
6.711815
5.652729
9.065457
8.999377
8.628688
3.609449
9.574128
4.528941
5.164762
2.602763
3.908300
9.505825
8.149968
2.561013
6.000203
9.656694
6.006355
8.389724
7.827744
9.571322
6.441258
4.105011
7.443038
5.865883
0.407918
1.840270
7.605533
6.697909
0.571836
2.625068
2.317908
3.146027
6.329613
7.973062
1.575354
8.034058
8.229387
8.395718
8.037227
9.703808
8.186965
7.385619
7.410772
0.886812
1.388805
1.115736
0.148303
3.961704
0.283484
7.198652
3.677814
2.440749
0.883969
9.892345
2.067770
4.837858
3.836230
0.745967
1.967760
1.308147
1.396058
2.329947
6.863026
6.357623
2.022839
9.074743
6.140135
0.503790
0.194938
3.851385
5.617078
1.048260
9.873565
1.102160
7.957046
7.056292
7.339371
3.385968
8.014229
2.871321
6.679856
4.792717
2.689516
4.293770
4.013637
6.223227
8.883924
0.016782
0.251542
3.280764
5.847611
1.066182
6.792101
5.514606
6.530285
1.413221
8.772100
4.750215
0.699778
3.863408
5.385901
4.024752
8.311863
9.152163
0.798828
4.338913
4.531370
9.829244
0.325002
9.642685
9.359162
4.147560
4.852969
9.304245
6.980719
0.117927
4.593727
6.772056
4.523347
3.152164
3.835338
7.855020
6.962794
9.082271
1.591797
2.869029
6.229336
2.761237
8.207242
8.873625
5.688700
3.493605
2.348720
6.944751
2.856990
3.486923
4.051792
6.030380
5.592568
3.687958
0.910671
0.203161
9.595969
8.589257
4.213708
5.363498
2.152373
9.142669
0.849875
3.751658
1.681561
7.456889
8.329219
6.683278
1.267592
2.171901
5.404173
2.775438
5.682426
8.903626
7.548232
9.634295
7.095666
3.365617
3.479854
3.939631
0.839452
2.959262
0.953274
5.684340
6.861419
3.356260
9.229931
5.268976
7.673426
4.445570
4.263885
5.099415
2.075650
9.845196
9.987109
7.957285
0.204698
9.477996
8.653512
2.112324
5.207486
1.985548
8.246181
3.346791
6.011313
5.519005
1.636059
1.867302
6.907062
7.643157
8.948213
1.678806
5.907820
3.961708
6.705276
8.120150
7.327183
1.355400
2.182748
9.044716
6.407396
2.330613
9.848171
6.604061
1.265128
6.177980
6.073958
2.209151
8.080269
5.035658
9.211757
5.964337
1.255196
4.675699
7.518225
3.318966
4.880932
8.041476
0.436019
0.261450
4.048735
4.998510
4.510903
8.321777
7.026206
8.071968
3.022159
4.186764
8.667575
3.535196
0.414092
5.291454
5.558296
4.219940
8.394896
8.029848
4.239870
0.079191
6.886918
0.417676
5.764147
2.294853
9.647967
5.291982
8.784833
3.371289
1.090680
4.422594
0.738926
0.063255
3.313004
4.549134
3.323222
4.650534
1.839330
1.331876
8.492947
8.558737
7.322054
2.582968
0.288750
7.077691
0.947399
4.080917
9.126796
4.696828
6.490294
3.047737
9.283950
6.353220
9.423017
6.805713
1.559396
2.239993
8.217196
3.269044
5.911119
1.122274
6.331878
4.417669
3.901225
3.352923
9.574207
1.899752
4.983699
7.648109
9.992008
8.924283
9.953699
7.053230
3.664608
5.709266
7.004224
4.344493
9.937323
5.841008
2.001173
3.989914
1.586143
9.138535
6.779829
4.802301
0.340061
4.224923
1.606937
9.822543
0.593910
7.063285
5.052104
5.646772
4.037922
2.153522
6.461847
0.787783
9.925528
1.908926
0.009003
3.645171
5.761614
0.422948
8.426570
2.182692
1.705487
1.035837
7.737957
7.079566
9.953909
7.631337
7.971255
0.749153
1.935156
7.742647
6.897060
5.720923
8.549100
7.603761
6.685203
6.254567
5.499906
4.865722
4.465025
6.794937
3.503689
3.454492
7.250359
7.253021
6.836288
9.935808
5.786216
3.062184
6.004620
7.498733
4.305428
0.534596
7.122582
0.563772
9.435358
8.483368
4.994035
0.990195
2.585932
2.605628
4.778474
4.487044
1.158627
0.130634
8.455450
4.210427
8.838291
0.489493
7.259247
0.257766
8.369551
9.952209
9.867723
6.784906
0.193517
2.536897
1.954252
8.830750
9.579701
7.698220
3.521883
6.181064
7.952671
9.989246
2.791490
5.624374
3.925313
1.986254
1.028022
8.536504
7.748085
2.616193
5.205418
6.310463
4.011700
9.134906
8.711178
1.465998
7.040170
9.639969
6.011257
0.702251
5.681389
1.111461
4.956247
3.535603
1.526251
3.325271
0.416122
7.862547
1.705806
5.844372
7.401147
9.661997
3.649906
9.254663
1.707587
6.631332
5.129554
8.915016
6.221908
7.084330
0.228035
3.155125
5.150028
2.530900
8.709658
7.309124
7.635475
2.247494
4.389691
7.376452
2.169234
6.409478
1.752048
5.495697
8.507730
3.135376
7.719593
0.892976
2.791948
8.127043
4.656013
2.931568
1.316519
5.472384
0.682993
4.861836
2.646046
5.800932
3.416679
1.598002
2.975577
5.118073
0.840641
9.239544
3.567184
9.191370
9.128661
1.073786
1.122515
8.344480
5.386262
0.763323
4.772005
9.401925
8.867303
0.813633
0.818329
6.836653
1.500696
3.660760
7.368618
0.661464
7.743811
9.412799
0.595391
6.469618
6.949606
6.643767
0.080904
9.202310
6.527804
3.217062
5.259023
6.234848
0.821258
1.967708
6.273347
9.675748
1.031347
5.631964
8.451470
3.956915
2.062958
2.827277
2.538123
6.292013
8.841580
5.553098
3.848106
4.761320
8.975133
8.268100
9.089150
1.782868
8.538708
0.713182
2.326561
9.900858
5.786644
9.937802
4.956534
0.514467
4.456431
2.583611
1.849257
9.372318
1.546610
3.347552
5.603331
0.413671
6.188694
3.826698
8.398191
0.382126
7.140028
6.991169
8.057809
5.641660
5.796738
2.012765
7.014145
9.674042
2.291975
6.050150
5.891663
9.693604
6.406941
1.912628
3.087603
5.146592
0.562415
5.956639
1.748009
5.769908
5.122361
9.579208
8.459304
2.107562
1.122496
4.422644
8.870543
1.087099
8.546784
2.992000
5.060086
5.329510
8.377028
3.524593
8.345366
1.569167
6.369381
5.264671
3.802806
7.981999
1.470233
6.758256
4.528320
6.201330
0.557601
3.694441
3.446123
3.215582
4.045822
4.782026
9.834734
4.955842
2.088814
5.988068
9.751989
3.819003
8.636862
4.881359
8.282846
5.192477
8.647149
1.499688
0.332658
9.263362
4.284738
7.584837
2.424540
0.923634
0.487180
6.818881
1.974326
2.962235
1.412832
3.982039
3.458348
0.849824
3.340435
0.812064
3.270375
0.061356
3.562536
5.495332
6.626172
9.679588
3.659285
1.056120
8.603623
4.922811
5.167630
2.806359
1.442917
4.349463
6.574796
0.531983
0.355927
1.596425
4.530499
2.223516
8.035846
6.850149
2.902319
3.261241
1.184003
1.069417
0.301721
3.851714
6.076456
4.746292
8.352421
9.465015
0.714568
8.117902
6.701057
3.843005
8.046383
4.469032
4.326130
7.779850
1.236917
9.284926
2.606197
9.330574
3.018607
8.729060
8.094691
9.441564
0.781260
6.799691
8.954695
7.980854
6.107687
3.736055
1.786239
0.682029
7.537022
8.601302
3.042712
4.228631
3.947914
5.799747
1.113214
3.772622
9.805668
0.182553
9.615308
2.977966
4.275870
8.248725
6.278569
2.507013
2.025866
8.118288
2.716701
3.169595
0.101160
1.053633
4.810187
6.643362
7.263870
3.829709
0.715224
2.246251
3.895395
0.219009
8.368973
1.829123
7.001786
2.008238
6.852234
9.670033
5.085108
2.553817
3.825765
4.517158
3.766977
9.380447
8.358690
6.014893
3.298882
0.903580
3.320846
2.565727
3.750736
5.856393
2.027778
9.908863
1.617139
3.744493
9.223018
3.067461
8.794675
9.042666
9.423526
2.400737
8.614695
8.332635
5.743383
5.552341
3.596607
9.808413
4.764130
0.789817
8.409300
5.513194
3.823285
5.933527
0.449061
7.610212
8.656962
3.640673
7.613448
9.662760
5.876391
5.495722
9.477375
7.756868
1.859457
8.651622
8.418652
2.222152
4.996601
4.499614
6.842793
3.643024
1.263661
0.289483
8.324596
9.517695
3.792416
9.962956
8.413543
2.678514
4.054901
5.873389
8.941474
7.086295
8.835200
9.990871
2.050986
3.401672
2.885592
1.552529
0.136131
7.682522
2.428163
0.703183
4.917009
0.556424
0.812580
4.771770
2.421763
8.246350
1.912013
9.569901
5.760905
6.231524
2.410796
0.830988
5.991601
4.673192
3.479409
2.344437
3.624122
8.375564
5.057160
9.354786
2.047655
2.126601
7.250278
1.011068
3.406236
6.592484
0.642369
2.032158
2.790397
6.103535
0.816114
2.887017
3.170505
3.953042
4.233447
7.993111
5.343389
1.918669
2.662692
5.286440
7.112908
6.717399
0.416571
4.620091
2.343940
5.524028
8.919873
3.377397
0.931269
6.782420
1.865980
7.542787
6.241453
0.707541
2.935248
1.811587
8.782612
2.173334
0.946359
7.972841
4.180062
5.849084
6.604350
8.968592
3.724601
5.452568
6.884340
5.017839
0.508139
5.154064
6.190247
4.270234
7.927575
3.925417
6.909836
0.713362
6.454300
6.506622
4.864083
0.355328
9.218164
4.932270
4.140113
5.942604
0.023507
4.359716
8.769001
9.929948
1.099094
1.592404
2.507618
6.583746
8.775826
5.497258
0.950173
9.537377
8.081723
9.645305
0.294089
5.248176
5.080982
9.378981
8.274307
6.786434
5.222658
8.140767
2.576351
2.886845
7.825905
2.157636
6.979381
1.575738
6.199572
4.327904
5.012183
6.929248
1.544564
8.888375
1.843500
8.054443
8.030338
2.512886
4.377231
1.041083
4.183195
6.859730
8.218607
7.533092
6.641349
1.117303
4.503866
3.094493
7.263125
1.153706
4.448881
3.015939
8.629833
2.583228
9.531057
9.785132
5.064360
0.130119
8.390754
3.695736
6.084077
5.956511
9.967183
8.815614
6.347325
3.360392
1.013021
3.591319
8.168008
9.177931
5.126200
5.153565
3.692582
7.634785
0.379631
9.275786
6.572475
6.498839
8.761194
9.776086
2.237185
4.745375
2.341192
2.161838
4.900094
1.214199
3.100122
8.763162
6.887827
6.429567
7.597605
2.317369
4.884189
6.625862
6.603378
8.063105
4.567190
6.020657
4.298746
4.521645
0.819042
7.176424
4.948226
8.316590
4.763951
0.480620
8.545259
1.333986
8.885693
6.982075
7.645317
7.764196
4.667969
8.539956
2.599627
7.682382
1.504054
8.002322
0.628821
6.509905
5.174737
6.257293
4.812284
4.828688
5.448667
4.258000
5.475230
6.026864
2.579139
8.882499
6.051106
9.445789
1.130296
8.565022
5.007715
9.893826
1.883731
9.513108
6.619183
7.744603
1.831198
2.418629
5.340600
5.472240
1.635912
6.530959
9.378006
6.052272
3.029281
7.728122
6.126096
2.456438
8.289621
9.755897
4.937846
8.707165
2.756005
0.303845
1.769796
8.693642
5.421727
2.372114
9.627109
2.622523
2.878465
9.569432
6.659844
9.331611
8.702444
5.266320
9.803134
0.691985
9.191338
3.732481
8.979479
9.473317
0.780606
0.588572
0.526753
9.316273
1.378378
5.578889
9.316045
9.764679
3.535387
0.727283
8.649804
8.270100
6.087302
7.709064
9.932016
9.122325
2.133108
3.899194
4.173104
3.569600
3.375609
8.655219
4.267298
1.972968
0.095582
2.912537
6.509775
1.902562
1.589302
8.069128
8.368769
9.527077
3.829631
4.881132
7.993354
4.857759
5.524195
5.264002
4.524356
3.089540
7.634634
7.405075
0.859107
2.610958
6.493402
6.492986
2.467330
2.544696
2.348236
9.795530
5.095627
7.177098
1.190687
7.004905
1.815483
9.892366
1.170380
7.484571
4.869657
3.500752
8.220501
4.864913
5.656190
2.196299
3.835087
2.420648
2.815967
9.637620
5.990868
7.850852
4.323174
2.107545
3.929366
5.482361
1.071038
8.205396
5.441605
6.858802
0.376697
5.175062
6.319062
9.615183
9.596475
7.351482
3.886221
3.988178
4.028786
2.415142
6.369218
2.241444
7.093587
6.826662
7.010848
6.089583
5.741830
3.089780
4.996694
7.214652
2.215825
3.370391
9.630220
5.025871
6.287571
3.292506
0.341152
8.495142
5.783534
3.212376
0.078811
0.213989
5.226453
9.510675
5.350771
9.186894
0.116627
2.847996
4.125736
9.653883
9.637482
6.342526
9.754975
5.837778
3.482919
5.579936
0.865380
5.765632
2.366929
5.804201
4.890657
0.280954
8.558953
1.032288
1.135936
8.811301
4.727748
1.592125
5.389610
8.656039
2.299791
9.284117
4.040052
4.982813
2.087985
8.756564
8.775723
6.026217
3.313712
6.411570
1.458451
7.217229
3.084748
7.477046
5.317275
7.135478
7.458532
5.363071
9.332445
4.310121
3.251043
6.184644
4.776123
4.461205
4.066076
2.764084
5.535598
8.004261
3.472353
4.482248
5.898283
3.403708
5.090145
8.761186
2.537481
5.413720
8.250652
8.385301
5.027478
2.280563
5.331341
2.169100
4.864532
9.769711
5.888835
1.809086
2.198161
9.357477
1.905075
2.375567
8.074150
6.667045
9.708476
5.978309
0.586888
5.118726
4.696752
7.699066
0.893201
9.079121
7.130921
1.145698
3.356474
4.832382
4.480456
4.332739
8.735028
1.075611
7.993692
4.046834
1.060513
3.940882
6.567487
1.001473
2.561326
7.730085
4.525293
2.420569
6.569889
5.850957
5.803609
5.281110
3.487670
7.898869
6.421188
1.556147
7.942931
6.085569
6.201879
1.171946
0.851251
7.965942
5.241970
4.144359
4.047570
7.014813
9.410455
5.780099
7.861071
0.582480
9.218446
1.486578
5.673554
4.162151
7.835588
3.142473
0.599450
9.495617
5.178425
1.470514
0.709248
6.119059
5.636147
3.293778
0.800716
6.506239
2.736632
8.079453
8.228493
4.810120
7.122373
3.477635
9.391902
1.219736
1.979647
2.055989
5.556494
9.464018
2.488347
6.543987
8.607278
1.273559
3.407768
7.537930
6.207412
4.518570
9.461881
5.100773
3.007409
0.712436
8.261948
4.977445
7.762072
9.601279
9.301759
1.789108
3.066572
6.954193
2.615695
2.344660
6.642147
8.144117
8.796912
3.023025
4.042213
7.396910
0.415593
0.394289
8.440468
2.295699
1.744562
2.846341
3.656203
4.610931
6.632618
0.487158
0.704389
8.140144
6.797890
0.381058
2.868567
0.920984
5.601266
2.782998
4.792118
5.216120
8.893752
4.912088
2.022684
5.854880
6.647670
2.673399
0.076606
3.597307
4.870925
2.363695
4.252862
5.510412
6.968832
9.892327
0.465936
5.592244
3.326909
2.895605
8.178917
0.760237
9.342696
5.913859
0.261189
4.786836
3.564282
2.049180
1.059941
1.266860
0.793671
3.384964
0.061725
8.901902
8.243853
2.095141
2.314626
7.819867
4.300023
7.800605
8.139971
4.509381
3.960536
4.201497
4.485299
2.515579
7.037111
3.370085
1.173407
2.299234
7.805716
9.995998
7.215888
1.896807
4.369634
8.746813
2.197429
5.468078
3.134252
9.256653
2.133162
0.831821
4.846662
3.062998
4.846911
8.114201
7.031433
4.626455
7.840544
1.882235
2.981211
4.847272
1.267837
7.521845
8.263012
7.551609
4.265230
9.837135
2.980500
1.266051
8.801750
6.661074
6.941435
6.764559
1.331782
7.872027
0.505877
6.937639
4.956306
3.309100
9.296254
0.574212
1.629514
0.695316
3.057060
2.516693
4.477832
9.289289
8.664890
4.150392
5.005784
6.946729
9.690928
8.641688
2.650058
8.005367
1.786466
8.810459
0.149559
3.016314
0.038804
0.961866
1.193829
2.079025
5.338890
3.810204
4.280966
4.571548
8.977220
9.669751
2.079000
7.407552
9.099577
4.392913
8.623265
7.962146
0.863576
5.084712
0.833645
8.445026
3.074118
1.399768
7.999925
5.255579
0.873442
0.770572
3.737726
1.047194
9.375959
5.950450
9.362802
7.930683
7.898686
8.895825
6.745249
9.093294
2.161241
3.368175
4.310451
3.461211
8.459117
9.395131
0.669189
2.249527
0.184077
4.549081
7.132629
2.240887
6.274295
2.468625
5.841935
3.145517
5.739970
9.445359
1.053533
1.078356
6.223954
8.340247
3.476769
4.746699
5.979760
5.847081
1.419418
5.427400
6.588723
6.002181
2.187166
8.244421
1.416942
3.682106
9.373657
2.335184
1.244469
0.942860
4.569378
0.950770
9.666266
4.422163
1.127273
8.626453
3.342085
9.183787
2.616265
4.267291
9.816760
8.560279
2.342131
2.081147
0.283552
5.556573
1.328173
1.985823
5.702762
5.553365
4.629285
9.480131
3.763000
3.920501
7.700452
1.002283
6.730881
7.122142
5.205383
0.645980
7.232146
7.661036
9.558880
5.246331
6.292637
8.914975
1.500565
8.977815
6.919580
0.729021
0.630299
5.911218
1.255749
6.728090
9.056518
5.484388
6.301102
2.863527
5.536914
3.911946
3.937487
3.270365
9.736577
8.469131
5.135788
3.295650
2.599530
9.177888
7.523049
4.876299
6.994621
0.078687
5.703101
4.928227
3.177011
2.203230
2.618977
4.574898
2.993558
2.830374
7.070998
8.633478
0.009431
5.084021
3.143641
3.836648
6.104445
7.386878
8.277463
1.516125
5.367331
4.739580
8.591499
8.085690
2.353572
2.594718
7.153594
3.601283
3.644383
1.104788
2.780709
0.618781
9.617855
1.633071
1.410497
3.318310
3.162141
2.398526
0.629345
2.301273
1.547881
7.679550
9.800722
6.932702
4.656899
3.309005
1.099432
7.661547
7.470507
4.195937
6.256940
0.414257
9.961083
0.209379
0.060678
3.347310
2.861650
6.268634
1.974432
2.614492
0.236174
1.711992
5.040574
1.872947
4.642283
2.226353
7.599903
2.470869
7.330822
5.486142
7.609833
5.522247
5.810364
8.741465
2.824484
9.543062
3.030780
2.121991
0.650303
7.983274
1.887547
1.622329
8.616393
6.095009
8.700330
2.897171
2.168232
0.632811
5.246966
9.041005
0.910655
8.711758
3.069433
5.822294
5.334080
4.596488
4.863808
2.457651
9.607210
8.589585
3.827614
9.667873
6.159101
9.972459
2.462705
1.646995
6.966625
2.587133
7.630965
0.173607
2.444692
9.139944
7.522514
7.481501
8.575076
9.129123
9.888422
8.904858
3.356348
3.540589
5.651833
4.671264
6.922858
6.176547
3.742954
1.036838
2.280831
8.093204
2.106667
5.135474
6.553076
5.105046
3.162425
1.587790
3.133407
4.620122
5.974669
3.960763
1.358801
6.605589
5.951208
1.213359
1.869783
9.189360
5.735314
9.398049
6.324275
4.292499
3.736918
8.731585
1.467435
8.810773
4.464918
9.785254
4.854159
3.278408
5.972442
5.497730
5.078886
6.159803
8.921596
1.093025
2.896274
7.442914
4.931546
4.540696
6.221660
5.429401
4.339537
0.030042
3.093205
5.585200
0.316025
6.576293
5.899082
4.997402
3.114862
2.782325
0.217032
0.360737
5.739853
0.598880
1.373486
8.201088
2.598337
9.138992
4.474549
7.886586
0.992367
5.785626
0.295455
1.963931
4.839472
5.817255
9.055518
2.791516
1.325488
8.673668
7.685336
2.383674
8.721066
8.863530
0.884554
2.947619
9.937450
9.407022
6.065987
9.845794
6.853915
0.673296
5.451035
5.561023
0.553832
4.058518
1.697466
7.905371
4.540846
5.564620
3.469942
0.902648
7.929011
5.851313
4.470789
3.454059
4.676665
1.762732
1.873163
0.952639
1.103865
6.644827
0.756233
9.651979
4.806059
2.264159
6.319750
6.302274
8.233667
7.421230
1.718054
5.406547
1.722885
8.551461
3.363758
7.985193
7.832540
3.839883
9.065542
3.185003
2.470958
7.046774
3.942990
1.860154
2.315204
2.654907
1.597272
1.897766
6.979484
7.171635
2.139803
4.816310
4.082509
3.208529
9.199813
2.743809
0.437181
5.148366
3.821205
2.196212
0.434066
7.469233
0.365870
2.438552
8.274460
7.133194
6.691079
6.958610
9.813534
5.978624
1.146169
3.382067
4.747815
0.204892
8.708537
9.173572
9.453120
2.681055
9.386885
2.027166
7.681511
0.562542
1.547248
7.600804
7.804115
2.609052
9.151140
2.659625
3.661104
2.051097
6.724098
6.727678
6.368485
5.683769
2.981915
0.796634
1.882512
7.180554
1.419229
9.089170
9.798882
4.921689
2.324724
2.322268
0.497627
2.968129
9.213497
9.062894
1.066541
5.372038
0.906468
0.327054
1.847041
2.107652
1.466051
2.064764
2.493493
8.695529
6.641256
0.583847
1.352273
4.299400
8.671735
4.638642
8.267143
0.230629
8.932548
0.774881
9.793318
4.552819
8.808855
3.633014
3.635373
9.004986
1.544784
1.977457
7.626913
5.487166
2.211197
9.434720
5.981387
9.455220
7.379542
7.391272
7.702627
2.246580
8.803887
6.903550
8.943569
1.414846
3.620405
6.213558
0.137321
0.653980
3.249510
6.352785
5.832661
7.285371
0.708608
7.352419
5.427615
4.524379
6.552865
8.532665
7.103977
6.632259
3.546269
8.654121
4.579706
9.928489
5.699000
6.656157
0.261728
3.434214
1.081299
1.716758
5.290384
0.558598
5.644560
4.951122
8.070353
5.021168
5.182626
3.254785
9.465982
6.214436
2.329928
3.709330
1.261426
5.322885
6.323556
5.016515
3.961345
0.297746
3.426345
6.600736
2.445626
2.775149
9.457131
2.228637
0.422181
2.235924
4.819519
9.724293
0.190370
7.007672
9.881347
6.480519
1.700602
6.834960
4.620147
0.557859
5.952391
8.238162
7.789065
8.788943
1.445135
8.394755
7.443447
6.502220
4.367277
5.693863
4.829327
1.672888
4.843149
0.603881
1.415915
7.176188
7.557450
9.612925
6.749335
7.579847
5.378428
3.527812
8.522458
1.873137
5.694734
4.145584
4.394742
4.109583
5.188326
3.496387
0.860101
2.878844
6.990859
5.265092
1.278681
5.511831
6.867666
0.921975
4.375696
3.882933
3.176674
1.740529
4.358770
7.852293
5.798161
6.652835
7.236249
1.759320
7.388367
5.573941
6.272937
5.859570
5.960966
5.483372
9.551131
9.950773
5.008566
2.302187
6.006832
0.427184
7.667660
5.604905
5.726363
9.404588
3.333105
0.095342
9.439167
4.496300
9.600510
7.092547
4.263837
8.903518
5.639318
9.046504
0.091552
8.368448
4.313722
4.185415
9.929852
6.864196
5.517096
9.600118
4.151280
7.289340
6.743345
0.176807
1.242139
4.846084
0.328426
5.661163
3.044164
5.592988
9.674545
7.514979
0.109595
5.598297
7.703588
3.960923
6.118219
7.814002
4.673196
2.563127
8.892605
0.061160
7.634363
0.394670
4.188960
9.480427
6.166646
1.648097
0.219304
6.042363
6.767070
9.028307
3.927766
1.268131
8.767594
7.439139
7.471862
6.325408
4.596360
3.829184
2.949126
2.528217
7.477674
6.882901
0.714277
7.969616
7.524909
5.772780
3.447642
5.081054
5.350655
0.177796
2.530780
3.471595
1.475098
2.026061
5.018338
5.007562
2.497493
3.572214
8.958011
8.821384
3.738806
8.935182
6.442053
0.225741
9.553033
1.276531
9.265361
1.080207
8.831351
2.897430
3.085200
9.402330
9.952527
3.339725
0.137021
5.647115
3.612090
4.695124
6.366075
0.695752
2.700798
9.349263
0.770345
8.243886
6.865956
4.922071
4.647617
8.362460
9.864304
1.985631
5.546504
3.211555
4.378154
2.753103
1.979464
0.021238
3.124657
1.880814
2.683857
7.433909
5.905795
2.679964
6.318361
8.084184
0.491748
4.690402
2.691412
4.354070
9.739443
5.808411
8.170535
9.613949
8.719170
6.350019
2.408336
7.552772
0.720719
9.549077
3.259754
6.887385
0.287595
4.949512
6.064498
4.543369
0.339857
8.712376
0.888670
9.691579
6.200418
7.809464
7.527910
4.604298
1.707909
8.531305
6.337666
0.998042
6.468741
0.092779
8.969571
6.477732
6.831362
1.122602
8.407479
0.565184
8.151700
8.177962
3.623662
5.228998
5.308081
5.882818
3.092899
2.449956
8.314257
6.408611
1.239520
6.772065
8.376559
7.748362
7.224307
9.080852
6.015886
5.359264
0.804428
3.186256
2.926857
6.691056
7.942281
2.077837
0.714313
7.280433
0.409990
3.471129
5.475291
2.321926
1.795866
4.962152
5.722167
4.611209
2.174948
1.278674
1.524006
1.243044
6.286805
5.225440
3.935563
3.474809
1.929650
7.936839
2.854466
9.993762
7.423347
4.583493
6.896780
4.277770
5.396437
7.485147
7.557395
4.251671
7.419926
2.313249
7.715438
2.496593
9.312816
6.313675
8.941979
2.225281
3.699197
0.273125
3.141840
1.199261
9.838921
1.859541
0.465617
6.812404
2.394001
9.518022
0.668952
4.197324
6.483508
5.719631
2.593588
4.329484
3.256335
9.230117
8.111109
2.131311
0.144012
3.458725
9.207561
1.619356
6.151597
1.167408
2.571968
4.413958
4.187568
5.158840
3.740955
3.991572
0.845243
3.934846
0.949425
2.057091
8.516571
7.831509
0.616836
9.991905
7.194330
4.463835
5.685006
7.718618
0.400933
1.925817
9.751698
1.143520
7.144121
4.679562
1.142206
8.968844
9.719615
8.241984
1.771349
6.344057
7.592187
4.973451
0.741718
0.519260
2.908134
4.820956
3.210470
6.506773
6.437027
0.893412
8.491374
3.970664
0.750544
3.069274
1.925441
3.655131
1.959052
3.535932
5.745622
5.343322
1.214539
2.047311
1.646224
7.596702
7.527475
5.824736
8.245426
3.552277
6.442453
4.358282
6.827542
2.569123
8.771358
3.711040
0.362627
0.166813
2.186835
8.711029
9.536002
3.334112
4.967563
5.452468
3.745334
5.860366
6.447660
0.394649
3.454744
1.197907
2.453302
7.895097
3.797297
3.239670
3.783577
0.934778
6.883969
3.060428
7.182750
5.906834
8.175547
9.104232
2.874377
7.029454
8.525520
0.056377
8.519076
1.674522
8.138982
1.421817
4.439013
8.409651
5.012208
4.472359
6.858342
0.915560
7.829070
5.748685
0.047971
7.839519
5.909951
9.228025
7.421908
1.131587
6.054573
9.650753
4.229982
6.157912
8.102036
8.792924
1.492042
3.774146
5.349224
4.978476
3.835818
7.493823
6.851001
7.599332
2.252637
7.015769
2.964064
8.158638
0.422094
2.286633
7.713425
7.062393
1.593912
4.960485
3.929813
1.755610
8.807524
9.617512
7.418575
8.089411
0.102872
1.759039
8.069750
1.111087
7.354911
9.242417
0.970546
3.329267
5.959792
3.594736
2.203336
4.899507
1.031027
2.827337
6.453045
7.193779
1.973784
2.748881
7.861070
2.523128
4.430490
5.567515
6.241072
2.260100
3.017466
3.976768
7.865209
8.306085
0.768563
8.485861
4.576716
1.424675
2.076778
6.208860
0.679972
5.980639
7.233901
2.284401
1.101911
6.340707
0.129530
2.236104
2.497017
4.906429
2.647482
3.048080
0.911117
1.867472
5.685921
7.908697
0.973896
0.872052
8.167729
3.876717
3.533822
6.412221
2.152281
2.943993
4.499265
1.961349
1.200377
6.299022
8.720245
5.217928
7.275167
8.015203
0.054832
9.135707
2.542922
6.705208
4.241912
8.090335
2.365877
3.715833
8.226989
1.414099
1.081837
8.958645
9.542156
3.096661
2.773294
8.594547
2.412803
6.267845
6.370778
5.813369
7.004394
3.438396
9.237661
8.324109
7.648416
8.071525
0.876001
3.221139
9.967134
3.996504
9.902887
1.386681
5.664936
0.350029
9.638224
8.876374
0.104639
4.682530
5.010361
2.979226
1.021545
6.343580
3.487712
1.364395
0.015316
2.991748
0.336297
8.306442
1.390214
6.835411
7.414864
0.250670
3.771482
9.755626
1.075964
1.117682
8.748437
2.234151
1.580261
8.176353
3.834558
1.778157
4.136421
1.048203
0.104408
5.298103
0.049154
8.777992
4.854376
3.031082
1.513769
1.732967
7.329952
5.379078
4.520155
3.719235
9.182641
2.742157
0.646496
7.958332
2.366448
2.780183
5.325924
2.804941
0.604003
1.250023
9.488585
4.393689
0.423963
2.506670
4.563354
7.407522
7.641562
8.452750
1.782570
2.524238
2.274169
0.090143
9.532493
3.076179
6.295715
5.381123
0.430357
7.381270
8.268178
0.188746
8.268390
8.613522
2.734733
7.512698
6.776529
4.570638
9.962301
6.888473
9.342002
9.702999
3.047463
3.963585
3.799378
7.752423
3.039271
3.445715
6.510078
9.347053
7.045651
4.706685
4.948623
6.934316
1.033294
5.898370
0.758331
5.426875
6.142523
3.494931
0.722282
8.360172
5.296900
1.392264
0.496783
5.098398
0.601663
2.008829
9.319038
3.421650
5.706786
9.320616
7.497772
8.713524
4.776707
6.025245
0.480340
0.992721
6.580830
3.611226
7.167271
5.233766
4.919009
9.268907
5.286429
9.952797
7.254454
0.269504
9.706546
2.594941
0.309400
2.809217
6.908514
6.011090
4.319918
2.974580
6.625444
6.089411
7.736366
1.999786
7.767803
2.779057
0.777350
0.859142
1.209504
6.576449
1.669390
0.357176
2.976671
0.168167
0.979953
9.168388
2.394553
9.081520
2.860653
4.886060
7.607720
5.053177
1.898553
7.493950
0.472969
1.790023
8.959044
8.530240
8.823892
2.916022
4.713814
7.746160
9.833276
0.519686
7.396287
3.148068
6.450339
8.492639
8.724505
5.796931
2.338045
1.829222
8.390504
4.664649
7.347437
5.342127
3.884738
9.892571
0.153816
4.652644
7.174034
1.620033
6.295537
7.185815
5.235643
5.660526
1.683418
3.349809
6.417848
3.121158
2.756738
1.840416
4.309566
2.739392
1.982130
8.434360
8.055063
6.992656
4.117205
4.457434
4.810863
2.595064
3.734737
8.270880
2.494605
5.244173
7.286793
0.490224
4.015494
4.573749
4.931888
7.330276
0.667703
8.442209
7.825947
9.517121
5.245514
9.073020
5.726858
3.548102
