9.243111
4.283798
1.530027
8.180990
1.301569
4.120025
5.300258
4.507679
6.053288
7.068105
2.304106
9.636614
7.994353
0.598149
3.496785
8.205006
1.743416
8.485546
3.671344
8.880870
6.461221
6.349246
3.418937
9.680737
4.635234
1.556052
3.146477
5.388711
7.312251
8.169499
7.927564
1.371807
6.339233
4.464095
3.058620
5.056301
2.840539
7.748068
0.993810
8.758937
4.939367
5.114011
9.096002
4.946477
3.345400
2.663569
0.843619
2.301384
6.811569
6.327926
8.601641
3.350886
0.969111
9.781577
1.977580
7.736837
4.652016
1.835658
5.784727
5.286506
6.673742
2.247673
1.200055
7.001616
7.518342
0.860632
5.056281
7.396589
4.717620
2.350286
1.796628
9.538275
8.266439
9.420635
6.806203
9.245120
5.226378
8.059059
7.781239
7.844707
2.029140
6.738561
8.807514
3.926705
2.763390
8.226604
4.066234
1.002423
0.594079
3.496606
0.958108
4.689715
6.683910
1.768847
6.329978
0.184706
0.469178
1.271657
0.463777
7.419526
6.878071
7.130183
9.353419
9.775645
7.052180
3.809234
2.636557
8.369307
6.612607
4.895957
3.824478
8.754608
5.667249
4.850439
2.503770
4.103820
1.197035
0.627545
7.774641
9.905338
6.596447
0.133497
9.072048
7.009928
9.262124
3.658139
9.764597
9.765672
0.091940
1.230047
8.449759
8.067311
5.765135
1.111044
6.764633
3.652504
2.224794
7.073563
8.457459
2.203449
5.834011
8.836700
7.993307
6.289440
6.373636
7.012883
2.108551
3.155466
8.890077
2.400739
7.464784
0.554838
1.412633
1.554982
6.876390
5.958941
7.165484
9.531380
9.528180
6.499647
7.218174
9.525887
4.475984
0.699047
9.702447
5.275378
5.966593
9.047400
4.383398
2.900763
0.524718
8.538412
6.300758
0.259619
8.488597
0.312316
1.499144
9.389877
9.481838
2.064277
1.964225
3.375464
9.629406
9.232464
8.212297
4.209695
6.822278
1.053545
4.401233
5.004494
2.423234
3.983477
2.312740
8.989029
0.775708
3.912543
2.815197
1.278929
4.699033
2.778796
3.525435
7.692062
1.567133
3.650651
5.935779
4.200751
5.808925
3.980427
5.459785
4.649987
6.342063
2.781864
0.855516
4.139838
9.084314
5.623613
4.305299
2.737823
1.276767
2.887613
1.442025
0.108106
8.904997
5.903567
7.652836
5.604802
2.279797
8.393365
1.110798
4.901361
7.320346
7.490724
0.292283
2.827656
1.665409
6.582622
4.157876
4.279648
3.077440
8.432110
6.352222
5.917154
8.257627
6.528401
7.777477
8.148676
0.086446
9.908168
3.380844
1.485286
7.647971
1.740617
7.018444
4.622509
0.362528
7.739079
9.177512
1.202179
4.896158
3.040290
6.530056
7.219162
5.879482
1.616311
3.252080
3.922377
2.860334
3.772279
0.168808
4.667342
5.673819
4.845936
7.504466
3.145419
6.963951
4.061068
0.513658
2.890590
4.967301
5.878699
8.866509
3.405444
1.659182
0.916287
6.481008
6.474833
8.727880
0.246433
5.088482
0.402314
1.035366
2.002031
7.287315
4.106578
2.550540
5.742058
9.428308
9.632483
3.583724
2.855731
0.008918
5.883363
9.874928
8.482006
1.571417
9.368959
7.705148
0.274480
0.924771
7.875738
6.947282
2.492240
1.154289
4.576310
8.209845
9.024357
8.334757
0.932578
0.546448
7.069640
9.895626
2.778997
0.540866
5.924082
6.704930
4.623841
5.709463
9.029177
0.599337
4.751757
6.159244
6.067403
3.082519
1.608269
8.047888
4.373077
2.739614
7.122991
1.956188
9.213332
4.432364
1.848943
3.167685
4.604237
2.502464
3.982301
7.178958
9.291509
4.900429
5.359046
3.110132
0.876857
1.285130
7.657902
0.196834
0.607177
5.358934
8.425168
0.169935
6.539934
2.998738
9.604774
7.084229
2.753268
6.592833
8.913589
9.764775
0.258962
4.442707
5.534928
0.334802
3.985081
0.228161
1.857090
7.094876
8.079404
6.966357
0.553290
8.203290
8.202060
6.044280
5.720577
3.872390
2.490393
5.488571
4.668059
5.407621
7.154381
3.667821
6.579616
9.153872
0.773546
2.576336
9.190930
1.834235
9.207429
6.109022
5.317455
4.431505
5.257686
6.164348
6.105739
2.542568
1.850306
2.392126
4.636027
9.861466
8.878293
5.648426
6.902967
7.454203
1.288482
6.332696
5.796074
9.563519
1.902886
5.008063
0.401668
8.782475
4.377335
3.336572
9.009314
7.639521
7.206059
1.015594
5.184381
5.125921
0.669896
4.425008
0.012264
8.687922
4.597782
2.641844
0.575737
9.435012
6.078169
7.403014
1.638764
9.390837
9.993466
0.924215
7.666932
8.422322
8.294548
1.270845
5.489235
3.387067
4.974209
0.259797
2.407829
9.129319
0.899407
6.169792
7.843201
2.407272
8.190205
8.617730
0.823351
7.549044
6.028428
4.147609
9.298929
1.953466
9.265710
7.347203
7.264562
1.922276
9.006314
7.976892
9.359332
1.875504
5.810073
5.189730
7.039958
3.049638
9.154656
2.862815
0.507479
9.019718
5.529124
4.770958
0.001079
8.437893
9.576987
3.363375
2.209341
0.261180
9.764995
1.915213
7.604727
4.039036
1.311940
6.721490
8.811712
0.242712
0.648720
5.496924
0.805222
7.277629
2.820948
9.778688
9.493501
5.294246
1.540855
0.050261
8.681920
4.967912
6.413531
1.004997
0.467407
4.139988
1.761159
7.816892
5.182758
3.550459
3.587241
7.607303
6.128209
1.758877
1.841687
9.243510
9.531135
1.569723
3.919616
4.021032
8.618189
0.945477
7.323009
2.448023
2.103477
6.510484
7.687688
1.218413
1.484892
7.576968
5.894128
1.883787
4.659128
2.839497
5.776750
0.556000
9.023528
9.037169
7.618647
1.891850
4.088638
1.065331
5.771062
1.326169
7.870387
8.665076
6.981998
5.755836
9.240480
8.077476
6.370818
3.307042
7.726974
4.888560
2.623147
7.965146
1.840380
6.593313
4.733480
9.879133
9.307744
9.355213
0.456746
1.864273
5.456537
4.142003
9.136215
9.212855
5.530063
1.450988
5.484017
7.014174
0.202371
0.765470
7.682668
1.031607
7.109704
4.506828
6.323705
0.041498
7.256072
5.113672
1.019065
7.682443
6.818907
9.394588
7.155548
6.361431
3.409151
1.138512
8.366408
2.692342
4.850279
1.078357
1.570506
0.803996
0.513543
9.093758
2.968865
0.485342
4.254178
2.462660
2.020029
2.738495
2.407516
1.660027
1.111718
2.079192
1.612675
4.762471
9.854127
0.565032
2.125819
6.602795
5.283715
9.850359
0.470974
9.610687
8.272389
0.588501
8.359930
8.083495
1.895324
2.362686
4.565366
9.762600
7.506299
9.132407
2.025862
3.033957
6.740299
9.569757
8.107941
0.922309
8.170549
0.068928
8.498242
3.354671
1.585151
0.429091
7.271274
5.548490
6.488479
1.541577
0.087588
5.836700
5.087292
9.437103
8.295626
8.373301
7.838625
5.879827
1.753115
2.509529
1.910201
1.969303
3.349948
0.657983
7.391559
8.748970
1.263662
3.997129
4.133335
0.929070
3.522419
4.009036
2.980131
2.145129
5.150446
7.241142
8.606758
6.692692
8.881666
5.699614
1.287457
2.366922
9.588786
0.104922
8.102606
1.620712
8.181017
3.274939
5.906290
7.330083
2.061934
8.265167
7.936803
9.045523
6.876097
6.076447
3.591664
7.040292
9.524409
9.030129
5.168574
3.639949
0.674944
7.221411
7.880403
2.542101
5.854080
0.821769
2.576170
5.290190
6.495645
4.272167
2.502620
9.781357
4.886005
8.943048
6.095621
2.492325
6.153609
1.197928
8.724075
3.906314
2.257099
3.480046
1.001027
3.413241
5.734147
1.936637
8.644601
9.204264
7.914502
5.397000
9.816679
6.895460
9.959497
6.927742
4.217103
8.950152
4.105672
0.194285
2.670992
9.459199
6.399016
1.568598
1.742632
0.319791
8.616326
7.274555
9.949046
7.465898
4.237991
0.918783
0.348834
6.051617
6.757346
9.621236
9.069043
2.689677
0.917452
7.318502
5.702634
6.923298
8.177011
9.248452
5.790029
4.874433
9.104027
5.931748
8.688924
3.968328
4.494201
4.683540
2.223238
8.971660
0.162824
6.172703
4.473572
1.851099
0.533114
6.074613
0.654522
8.799983
5.112677
7.095232
6.002603
4.553488
9.039837
1.141057
0.757890
7.179010
6.813106
3.887729
6.190185
9.412764
2.928026
8.572522
3.614441
6.817266
7.572682
4.274462
1.955848
6.635811
8.009874
1.519239
0.605286
9.334784
3.302359
2.251001
5.528875
6.888280
9.779210
2.609653
7.827678
0.420894
1.365080
0.464646
1.017147
8.867041
6.920997
9.982581
7.964087
1.282552
1.920608
9.857601
5.625915
6.923654
7.496144
8.151190
9.331409
5.373787
7.743690
6.810666
7.575913
8.253531
2.100189
0.306051
1.888276
4.668550
1.763892
2.057439
4.653610
7.932021
7.317500
1.040371
7.911687
1.989381
9.227328
5.956001
1.197972
9.337696
3.454212
2.963430
9.314050
7.800653
0.137510
9.491160
8.520065
6.032548
9.203483
0.602648
5.507108
4.261014
2.683849
4.830462
3.415375
6.348019
4.422680
2.053577
2.356974
1.660683
7.169792
4.453119
1.614325
1.466190
3.493359
8.728942
2.206383
0.549553
2.027127
5.657299
7.111565
1.420233
8.800850
8.823103
2.743790
5.300076
1.326992
7.529170
4.711449
6.246938
6.414203
9.253396
4.658748
0.871502
3.117659
9.082698
6.092440
2.457346
4.825280
9.444550
7.724761
9.533854
6.749067
0.908998
4.741857
7.605412
7.503366
2.961253
6.390666
9.630056
4.734396
1.213352
2.366872
0.359231
8.875093
2.578999
4.163489
0.566634
3.319304
8.032490
0.694848
7.746985
8.362735
8.001162
9.676866
3.416868
7.866412
0.106279
0.404588
0.937861
2.395262
3.911556
4.378205
7.566423
3.924636
3.651039
7.105325
1.685022
0.700089
2.278855
3.588921
5.089400
2.383582
8.413644
3.932039
6.802870
2.324383
3.055490
3.192655
2.903644
0.885540
9.133661
8.364462
0.382836
7.703683
8.782321
8.250530
4.568354
5.292042
7.144358
9.320659
9.322472
5.246386
6.212159
4.979246
0.224224
4.810554
6.547503
2.511171
1.509767
3.874151
9.667245
3.026201
8.902306
5.659544
5.088538
6.993954
2.720325
9.808018
2.935233
5.160250
6.039308
8.719567
1.910936
6.970374
2.220404
5.849117
1.099062
7.174171
2.220646
4.546364
6.061720
7.701533
8.076037
3.372262
1.255301
4.584358
0.268216
9.021394
5.553595
6.011333
6.471703
4.106535
9.674146
5.333915
4.873599
5.404178
2.237152
9.139741
0.111687
4.861829
3.720203
1.714776
5.741309
2.212862
8.428861
2.637287
7.091126
8.687342
4.797132
3.653916
8.820226
9.446906
5.440573
5.281453
7.552289
9.791275
8.049806
4.277171
3.591731
4.074545
5.022778
7.982649
0.484665
1.604053
1.295734
4.168631
2.258442
0.780997
3.690671
1.332016
5.986793
3.345899
0.515503
4.909189
5.371769
4.413397
7.506579
6.546294
1.432521
6.131871
3.776558
2.769776
5.897737
7.963736
6.511050
3.729462
0.607676
7.442800
3.802986
8.387431
4.995991
0.006990
4.640825
6.261608
7.246993
2.211587
0.369590
8.937408
8.896666
0.964235
2.923596
2.622280
9.501890
6.806841
1.856211
6.211261
7.742231
7.717793
8.805634
5.784688
2.028594
5.528643
1.770630
3.484417
5.406178
9.886279
0.911741
4.641965
5.350341
2.225465
2.867081
5.442743
0.574557
8.258546
9.809143
9.801333
9.292327
2.848468
9.067556
5.954629
6.252727
1.579347
2.047854
8.132591
8.228014
7.568298
6.113761
0.449406
5.412414
5.683196
4.619423
6.430347
6.060778
0.713615
0.459259
6.367352
3.903412
7.166474
0.700200
8.694907
0.292434
8.219591
8.873711
2.556123
6.353364
7.865300
7.350029
3.954119
4.131386
4.583834
8.567906
1.715085
2.606420
1.886711
9.140036
7.541226
0.036119
6.331847
1.489840
3.488938
0.548266
8.128721
4.457502
6.815648
4.020072
3.281612
3.778026
6.649166
3.269490
5.946148
6.949291
4.704866
2.253832
5.531216
0.876095
5.459257
3.610510
9.827298
4.765771
8.926188
6.887029
5.965881
8.794713
9.284549
2.302163
2.232630
1.395749
6.064587
4.645514
6.579754
3.950702
8.868313
3.903827
1.003898
3.069073
9.081525
8.246090
9.057643
7.718644
7.538546
6.213202
4.517937
2.862397
1.016754
2.390943
1.937990
5.647132
6.677847
1.811873
7.221455
0.830497
3.224381
4.008341
4.237113
6.962167
9.423228
2.836724
4.994648
9.365103
5.972126
9.852016
6.820492
4.285799
7.967414
8.531686
3.016621
4.601593
7.179871
8.953449
2.149655
7.756947
4.711007
6.580698
3.080992
5.291713
7.630046
4.721187
7.595917
4.674404
2.754403
6.106329
4.964711
6.708399
5.903307
1.459857
7.376249
8.097647
0.065062
3.926862
2.329606
4.015387
6.443652
4.341930
9.984022
7.075583
2.062100
4.927227
6.041386
0.593666
3.177298
0.073635
1.342623
6.504711
2.060327
1.694417
8.719313
9.613383
7.602966
7.388846
0.883646
4.749319
3.045742
5.688549
9.883232
0.564436
2.404152
0.918406
0.328351
0.823121
9.523384
2.239889
1.034843
0.044699
0.446894
9.577674
2.178290
9.232044
8.774192
7.329830
4.778414
9.306266
0.685653
1.109346
3.208526
4.262799
7.951009
6.786893
7.483124
7.559926
9.052224
9.084013
1.208750
1.631280
6.296355
7.063407
5.770830
9.256020
1.724887
3.471783
5.151144
0.296271
9.524546
6.452078
2.423265
8.267612
5.198697
9.545279
4.515561
2.143960
4.629546
5.107594
6.031893
8.340764
2.875668
7.206085
8.012304
6.813284
4.402626
2.438838
9.039083
6.450825
6.929804
2.345975
2.402543
1.253508
9.962427
3.305370
1.513307
4.129855
0.096610
8.969038
0.534269
9.688415
9.312251
8.767872
9.670056
5.612926
2.704862
5.174608
7.608415
2.833654
5.919904
8.174345
1.249969
1.738623
6.757519
9.945956
9.707106
2.984290
8.413102
2.943397
9.805384
3.611253
8.774314
8.749112
9.053891
5.452713
2.703536
2.062077
5.668238
6.484482
2.050071
0.321641
2.142928
3.151822
0.080286
5.370301
4.776291
8.085028
4.386765
3.410733
4.196935
5.293971
1.617066
2.138806
8.618856
5.286789
5.344017
2.576246
1.140490
0.600813
4.633337
5.107230
4.873602
4.260495
0.140843
9.782231
4.843911
6.521239
7.046485
4.290261
2.024451
4.219447
4.266853
6.248299
9.682715
9.152833
3.652745
1.714227
0.046256
3.293935
6.663502
5.898886
5.289055
5.700486
6.144198
0.806424
1.010023
1.163546
2.346500
6.194559
9.773777
9.526746
1.096437
9.143620
4.735263
6.647795
2.148782
8.861077
7.432008
5.116482
6.350593
8.868865
8.942447
1.249802
6.357830
9.232908
1.977704
7.042359
1.558290
8.607708
2.224332
4.576384
6.419087
8.124349
6.467550
0.813178
8.620364
5.044756
2.562446
7.947308
6.668563
4.152628
7.894455
9.463013
2.311160
7.434058
1.115168
1.965315
9.776513
1.513307
1.325425
6.133286
9.356416
8.249496
9.298776
7.521035
9.418565
2.146493
7.264103
9.212780
5.347367
6.574764
2.341853
7.018568
8.833944
7.474063
9.715648
2.283056
3.340520
5.056517
4.627323
7.097236
5.352014
6.920418
1.069168
9.307345
5.229005
6.028468
9.704744
5.943978
3.650890
8.370597
1.240416
5.711470
0.160472
5.740989
7.446761
3.149913
9.813125
1.486620
6.983694
0.406009
8.352220
2.832731
7.613279
7.209612
9.452078
8.826040
6.652424
7.349516
3.605961
7.994293
7.377952
2.168199
4.187665
2.274524
3.739484
9.050581
5.936542
0.003219
0.163781
0.128492
3.935127
3.134474
8.003868
1.531854
9.824310
4.456994
9.584259
2.868507
7.724016
1.505487
8.861135
1.576248
1.851522
4.622118
6.295102
7.353825
0.426886
2.435099
6.847976
0.213188
2.240616
0.820473
8.690077
1.841465
6.112269
0.357126
7.726122
0.993556
1.213305
7.399350
5.479001
7.480327
2.626571
1.098866
8.327241
7.832620
6.601926
7.895841
1.986823
6.240642
1.355195
4.294336
6.261720
2.849418
7.629739
6.232852
5.218667
5.237297
5.135853
6.642003
2.581599
6.984739
7.649210
4.142135
6.602518
0.343677
6.040085
9.300949
0.236023
3.857872
1.421182
2.023215
0.198469
1.966132
5.789403
4.560804
7.179009
5.174336
4.645705
3.080707
1.865319
7.847461
0.792870
7.776743
8.672959
5.213015
0.333632
2.383512
2.980538
1.894386
7.907407
9.982067
1.623708
4.792011
3.117029
9.041809
0.415268
7.901533
1.321473
0.122814
0.531157
8.992217
3.481135
9.822152
5.746859
1.396700
0.727155
8.237723
1.180764
4.775396
3.436414
9.249628
7.726513
5.391277
8.173130
2.020039
4.274549
9.909169
6.851746
8.596153
5.176290
0.873567
7.122874
3.985159
7.065805
1.370830
2.220637
9.229002
8.253282
1.172410
4.908456
1.481960
5.103880
8.475871
5.746326
0.604047
6.711141
6.962429
1.572107
0.900998
8.746769
3.662781
5.696366
6.270710
0.663342
4.736431
2.753277
7.604508
2.452152
8.126967
3.585650
6.538085
1.063991
4.725776
3.586843
8.837259
9.635185
4.373545
2.525961
4.818026
2.053869
3.535550
6.270733
5.748187
4.849499
5.819892
5.069578
4.511751
2.716672
6.087963
8.777102
1.183455
9.109651
1.146976
7.109332
0.439479
2.848152
5.928463
5.305706
0.352629
5.323041
4.826270
2.768494
5.546050
2.060506
8.737047
7.168791
1.278585
5.072933
9.492726
1.652225
7.337991
7.457161
9.879542
4.053030
1.566878
6.198005
7.943526
5.927109
4.916217
5.342152
0.977619
8.512051
3.836971
8.961576
3.903143
1.469749
4.336035
1.004741
2.688830
9.601644
1.070979
4.097492
9.324312
0.236398
1.798407
9.616877
7.400196
8.117188
6.763515
2.825995
0.853716
2.606994
8.076408
0.216583
5.222651
9.148860
1.907025
7.786854
0.073438
5.529366
1.616750
0.512143
2.049364
0.120791
9.711916
5.894722
4.888920
0.449545
8.721415
1.347861
5.068882
8.333132
7.664453
7.340181
3.946492
5.847343
7.531372
2.874822
3.393410
1.113550
7.052763
9.494282
7.083576
3.323817
3.825965
7.488638
1.676739
5.848258
1.095124
3.058795
0.454424
7.009408
3.024238
3.587651
1.589183
8.299759
3.288159
3.910426
8.298768
1.134537
6.299317
0.351499
9.939638
7.065585
5.287308
1.886400
8.738018
3.009758
1.275681
8.353034
9.415963
5.288952
6.681520
6.981819
8.354452
5.568796
0.613264
2.424047
4.115923
2.668078
0.992103
1.696779
8.518989
2.590916
0.276633
3.034661
2.515968
7.841920
4.217028
1.368782
1.339964
6.753357
3.297943
0.198997
9.565052
7.210186
1.154981
6.842833
4.187747
1.413753
6.242714
8.081447
6.056063
8.190077
8.544815
0.407419
7.736067
0.437408
7.862382
1.516351
0.519453
9.498664
5.584017
5.379785
1.247972
9.196940
0.858235
1.300129
7.909009
5.329266
4.376533
1.675519
7.295887
4.450307
6.677555
4.358379
8.340663
2.036742
2.822859
9.240295
7.230103
4.453974
0.032437
2.049139
9.392290
6.052369
1.494727
3.504305
5.936615
1.821003
5.677612
7.468449
2.836697
8.108591
2.581046
1.055097
0.839088
3.597407
8.323112
3.777891
8.330170
2.771095
9.504082
6.652954
3.904097
6.667962
2.077645
2.028977
7.883280
7.521837
8.703684
9.566434
0.837238
0.795734
5.412053
9.062534
4.274457
8.434681
7.298717
7.753240
3.723964
3.791655
7.208528
5.844881
2.563174
8.418645
9.836380
8.401890
3.693084
7.655956
4.675653
4.131875
7.164587
7.094553
7.503425
2.194237
4.872172
4.711551
0.100632
4.035977
7.117690
2.979312
8.571057
0.997701
6.598445
8.675333
2.240551
6.311675
5.451699
2.630089
1.328017
3.021748
8.663414
9.294638
0.972436
6.872308
1.000651
3.612718
9.510679
7.917280
6.995127
4.171057
5.002350
4.640531
0.190087
8.014777
7.741407
0.083631
8.902450
3.226612
9.954514
9.620105
0.922908
9.852057
5.771795
8.258940
0.498195
7.874053
6.313524
6.661382
2.954685
7.870610
0.618374
0.532523
3.784538
2.925719
3.348254
4.484084
9.633561
6.315898
2.565634
3.075592
2.921709
5.521098
4.148543
3.389812
6.017454
6.640994
8.700823
9.328603
6.258028
3.604302
2.293814
2.279436
0.511153
6.548169
4.873943
7.711907
0.042191
3.298620
3.494881
8.714511
9.890582
9.871146
2.282494
6.808244
5.824514
9.137445
9.049943
8.587232
7.982870
8.372238
3.812489
5.942493
2.166298
8.057329
0.409850
3.521313
1.589764
7.156201
4.548358
2.880961
7.883511
3.763416
4.078238
3.439647
8.256195
4.855978
1.673221
1.766093
5.568474
8.884442
8.537327
7.851758
4.859489
1.274397
3.056270
9.941916
6.704459
7.080955
9.349644
8.775882
2.170271
3.902307
1.726432
6.836580
4.669341
5.764155
7.584139
8.688975
1.855108
8.798820
6.936656
3.400126
2.509506
7.332801
7.661299
7.720331
5.073512
6.571499
1.880225
0.654939
3.626014
9.917884
4.016017
1.428521
6.008921
6.254388
2.614315
3.620167
8.246189
6.371136
0.570616
6.819607
3.364213
0.776699
6.122429
8.883785
9.249554
3.243074
6.521866
0.666550
8.767253
3.742214
8.885809
6.244920
7.827978
0.195852
4.166141
9.742318
9.107686
3.111629
6.746177
9.844881
9.943398
7.395240
8.817093
1.936557
1.817068
4.690814
9.624377
3.398120
7.660905
9.571701
6.947169
0.756555
8.992187
8.864076
1.847739
4.704576
7.603084
6.135954
9.905355
8.593345
7.756554
5.589808
0.559473
2.467039
9.986395
6.762340
0.523799
6.955116
3.298056
7.804356
1.704924
2.725730
0.351235
7.947456
2.507695
0.840404
1.965780
9.761090
7.083690
8.348287
1.732150
0.065185
3.833248
0.019881
9.521953
0.030258
1.970555
6.232301
4.415978
8.342911
6.055145
8.123504
5.830804
9.359658
3.670864
9.559248
2.492473
6.759941
2.879437
5.912103
3.086517
1.711902
6.816766
5.283290
3.132606
9.283258
2.438712
1.980040
9.801312
0.540987
0.957274
5.252041
0.923231
4.005556
5.386565
5.190207
9.129264
8.524264
5.403408
2.492007
5.425517
9.070710
9.038931
7.144335
2.099274
9.834650
6.484023
3.531078
5.723567
2.289268
4.907012
9.947437
3.483770
9.979504
0.763554
2.506694
4.595832
0.605570
5.166401
9.582219
8.558027
7.729869
1.497116
2.354612
4.707664
4.217567
7.381538
3.198315
4.353252
0.477188
9.307974
8.378516
4.192153
7.759961
4.483014
4.539702
7.139526
7.959718
2.710918
2.560733
0.582841
4.253753
0.718806
7.304923
4.327417
7.437017
1.467244
4.392856
5.077576
7.097126
1.324085
9.081159
3.615501
9.118355
1.119548
2.469431
5.549203
5.634706
4.314250
3.513015
8.657985
7.443972
4.004892
0.515349
9.540064
5.776600
7.329505
6.726480
7.079385
2.409612
9.149610
4.259200
8.988317
1.540048
6.149323
2.441261
6.959652
3.398295
8.019261
4.744212
7.680996
1.472627
8.656619
5.094886
0.125794
8.861778
4.675594
8.591778
3.373352
7.073047
9.377460
6.322457
6.752277
6.469075
8.964410
0.199528
5.647961
3.660873
9.099039
0.056073
2.810341
9.889982
1.936709
6.321476
0.070536
7.121059
6.934703
3.928367
0.838210
7.699172
1.692920
8.288018
4.438752
9.343442
1.375195
9.131150
7.908390
0.326984
9.209404
8.676494
7.743590
9.259523
7.467968
6.940588
9.239937
3.504558
0.164425
6.454803
0.339670
7.862567
9.110631
2.453681
9.885789
4.355382
1.259899
0.768125
4.282673
7.808474
0.351604
4.685233
9.360826
1.186557
0.354656
5.376575
6.379858
2.718056
1.425247
8.830853
0.256799
5.110823
9.764261
4.184981
7.009843
7.244651
2.556844
2.316290
2.485146
2.423965
7.945828
5.841057
5.941351
0.833051
2.420555
0.505967
4.681154
9.619089
1.576052
0.635042
2.079802
9.932623
8.612976
2.515303
3.417854
6.343435
9.395791
7.402036
4.329763
8.686240
7.942833
3.913297
0.055338
1.625140
4.727951
3.523652
5.501956
2.326758
7.340193
6.152085
6.448495
3.374693
7.989601
5.238944
1.358721
1.412643
2.498090
1.928204
6.041248
7.677681
0.230493
4.233366
3.854032
9.428818
1.768805
5.324098
7.918563
7.198889
8.187248
3.230441
6.692382
3.179474
5.791603
7.859704
3.895421
2.380981
1.932875
1.244288
8.738418
4.540061
3.012533
4.281219
9.070509
8.525860
6.054302
2.814490
5.108242
6.132277
7.069234
5.764451
9.338974
8.279068
5.749578
8.769625
7.805403
6.904994
8.205426
2.281946
5.229763
6.408560
4.214580
3.163256
6.253794
8.655207
2.638486
1.438642
0.566632
9.376996
7.280896
4.994465
8.262246
7.749100
5.935931
9.610523
3.284617
0.884232
8.566128
6.858827
1.096676
8.445271
0.847974
1.439918
2.981144
4.578810
8.090710
4.363609
5.871953
8.952514
4.421965
1.968914
1.007121
4.775145
6.654906
0.949243
7.271476
8.041293
0.597035
8.260161
2.062484
5.829751
5.877430
1.772182
7.263746
5.903278
1.260018
4.683270
0.259296
2.370808
2.546145
2.372665
4.947534
2.494849
3.574030
3.318094
6.765341
6.337685
7.769804
5.563378
7.143428
4.925651
6.251303
8.757799
7.849103
4.763071
1.905245
5.156852
7.297931
7.053372
5.495295
1.689121
5.459979
3.850498
6.961631
4.847320
3.784717
1.574809
2.669141
1.482937
0.569522
1.061456
5.699173
8.289028
2.196791
2.368695
3.873439
2.234936
1.223261
0.946144
4.188007
1.719301
5.574988
7.408026
1.969963
5.861217
1.696814
7.279897
1.951043
1.555766
9.466888
1.664041
2.941214
8.903211
4.684669
7.234671
2.426131
6.483739
0.155355
8.951706
4.554588
0.628769
2.275866
6.666264
3.615092
8.608964
5.826211
5.776276
4.975069
7.837594
1.651974
8.444575
1.998344
1.166369
9.069741
1.856904
5.491906
6.986927
3.150999
8.799063
2.690361
1.937764
6.542101
8.178662
4.044060
1.771408
1.092871
2.634495
4.270509
5.103989
6.309388
4.246539
9.295163
4.673595
4.217632
9.255331
4.642057
8.992033
4.904678
6.504621
4.801265
7.652891
6.115714
1.133049
3.847841
8.087310
4.197779
4.831870
9.694442
2.138562
4.697963
2.708042
9.872145
3.765208
4.032509
5.636073
6.749408
4.086339
5.171746
4.974404
2.646668
7.853515
6.475952
8.139728
4.166078
7.663041
5.682652
0.141118
1.576465
8.202009
5.413972
9.099226
9.391234
7.474191
9.058095
3.671465
2.481013
0.664377
9.793296
9.930369
4.626997
4.686999
1.391062
0.411506
2.905381
8.882925
6.802251
9.266755
3.687838
3.820261
6.994772
8.296457
2.462663
3.945529
7.509917
5.860330
5.642300
3.877909
2.963324
8.792326
7.589721
9.479635
7.805925
7.643802
9.002209
4.403931
4.013081
9.875842
2.240942
9.880949
8.916659
0.330758
1.393265
7.743308
1.886364
5.120607
8.619108
1.789227
9.344066
9.204628
5.242815
6.324648
0.621165
2.887434
1.871948
3.137922
2.068036
1.223852
1.775469
2.889284
3.270633
1.776452
7.009830
0.244015
0.343729
6.085547
9.567420
0.401304
7.536853
5.165107
6.480262
3.797452
6.083966
8.968525
8.556521
5.942076
6.081264
5.614847
8.949324
1.775619
4.330610
4.020068
7.852675
8.109579
7.306216
6.034679
8.511890
8.617368
9.144678
3.852484
8.892465
6.923874
8.123209
5.474716
0.821842
0.955522
4.150448
5.760208
0.938396
7.949756
0.682840
7.939024
4.549559
3.670142
6.717430
9.251370
7.662062
6.587466
7.239425
1.175579
7.033534
3.174920
7.141118
1.577545
3.410423
3.290301
9.336556
5.575888
5.520221
3.116636
8.092071
6.717667
7.238085
1.473734
8.694996
4.562231
1.576853
8.122293
6.605448
8.487114
6.509017
7.414018
0.825960
7.872473
0.168416
8.205195
7.276011
3.643746
4.450884
2.581459
8.419916
5.653456
9.952757
0.743372
3.784412
9.355051
6.947473
1.572612
1.043700
3.711118
9.693216
4.699337
9.378134
7.455503
7.274297
0.183292
0.141713
9.721240
2.857737
3.963921
3.541094
4.443096
0.391601
0.926041
6.166363
9.873713
2.146158
6.509638
2.030029
0.334112
3.804611
6.682353
8.417785
5.419930
6.729479
4.919290
0.181611
6.545653
5.572118
6.448959
9.275695
7.545169
4.708410
6.202464
1.432191
6.176139
3.020745
1.925150
9.160990
0.434895
8.991103
4.020545
5.636074
3.863213
1.873374
6.010294
0.641794
5.741769
5.655603
2.940110
6.014750
7.715888
3.668124
8.914045
7.874247
3.014250
2.746238
5.667056
0.525515
8.256529
7.189528
4.804049
4.981027
8.149431
6.703509
9.774618
5.163588
6.936493
6.544593
2.667842
8.696664
2.321129
4.778715
3.470033
7.781601
2.510975
0.661514
6.605593
9.773631
7.713275
6.142807
0.607469
0.415591
6.688931
2.932292
2.935479
3.051691
5.904909
0.189664
1.111682
3.674150
6.475715
9.343139
2.303911
1.880725
9.302658
0.717809
7.241672
9.388339
8.178568
1.507540
6.841037
1.273828
1.697394
7.695231
5.153661
9.164587
3.431722
7.989841
9.889108
9.023090
3.402499
3.016419
8.082279
3.370527
0.953219
0.079009
7.854547
9.235799
8.682916
7.577710
3.923572
0.567418
2.289874
0.102772
3.402164
8.277551
9.396501
8.915392
1.383891
7.430201
7.330938
8.976403
9.362998
8.665401
7.191210
8.924051
4.997519
1.966813
9.839990
3.347294
2.176208
0.565144
6.502326
2.761497
4.441800
4.334606
2.016600
4.624139
3.344021
5.422726
7.662471
4.926633
4.564340
3.908615
6.553885
6.790627
1.186288
4.422535
5.432817
1.100164
4.830435
7.621346
6.504720
1.235940
1.658347
7.645344
9.142501
9.255881
3.668269
3.403702
6.045148
7.433094
8.885702
1.870888
1.286505
7.712835
2.093256
5.106076
1.515715
5.485452
2.374156
8.364573
7.657454
6.398279
2.095444
1.033288
9.170437
3.176458
4.149825
5.778159
5.755091
7.315599
6.125712
2.337531
4.601200
8.621715
0.439342
5.259847
3.468541
9.816628
4.190891
7.140463
4.278879
5.103378
2.598482
0.586329
9.982399
9.527302
4.101786
9.609548
8.002873
9.289020
5.816078
4.038470
8.093126
4.621999
8.189589
4.496591
5.370215
7.031878
0.573364
6.002040
7.051559
2.717695
2.834075
6.344923
7.916256
7.496106
4.195846
5.387840
3.987983
8.390346
5.770107
5.369320
5.415815
0.870088
2.276092
6.229369
2.216440
9.835724
9.231536
3.762141
2.775365
1.131508
2.317781
8.697070
1.372844
3.307220
3.131504
0.045815
3.184578
6.500828
1.829198
5.386475
0.311769
4.478370
3.152719
7.834014
2.401551
5.842543
5.434565
0.339307
9.881370
0.729102
2.536557
1.733686
6.310871
9.256515
8.594367
6.094476
6.898381
5.054574
5.797842
7.604896
4.582076
5.458410
1.946907
2.648200
6.148541
0.145633
9.990148
0.716589
2.470911
2.414403
4.127421
9.470613
4.632403
2.895573
9.544502
2.856612
2.018157
4.461742
2.280364
3.897823
0.135683
7.134726
3.873887
4.171510
1.596023
6.021049
5.848470
7.394679
0.257950
6.084710
2.957888
4.598257
4.777430
2.221138
2.674459
4.192104
4.105784
0.715166
4.101488
1.333490
7.610780
5.572820
3.207342
6.757928
1.396311
5.997928
5.448475
3.645786
2.403759
6.886803
5.233828
3.907910
6.815646
9.587785
1.111673
5.230481
4.456815
3.384478
1.006064
7.208275
7.907371
0.585310
7.564869
5.542993
7.172088
2.226124
2.500006
3.108684
4.910410
9.642879
2.258351
0.506504
3.107570
9.790668
5.593891
9.889676
8.258278
4.844113
0.362996
7.858094
4.620963
5.692256
6.233236
2.551137
9.608426
7.530134
7.960227
9.062144
1.528237
0.683596
9.646397
4.130788
4.695313
3.103660
3.178461
4.807301
7.301572
5.005275
5.871489
3.933143
8.877893
8.727366
9.040754
5.616004
7.609884
7.914895
6.731285
9.100838
5.566814
7.965646
9.543643
3.343880
9.823634
5.381587
5.531185
8.816792
7.322452
4.388353
6.078533
0.486165
0.965242
3.994492
1.738314
6.116017
6.605825
8.700516
6.463570
5.411787
3.559158
2.055496
9.881091
1.027635
9.830606
4.608723
6.644548
3.495677
1.218041
8.119662
0.736886
7.108072
4.004205
2.825269
5.717503
8.262794
2.016160
3.447820
6.742140
1.838358
7.884132
9.211104
3.836636
7.437887
0.103179
3.125293
9.619504
1.729098
9.426826
3.592037
5.206929
3.718652
3.613720
5.782720
5.667436
6.095827
5.016346
0.193915
7.441432
7.922781
4.080891
4.782833
2.089713
1.397502
7.866293
3.885534
4.256437
4.486649
1.238695
6.708572
1.812264
8.575239
5.079141
3.460476
6.048757
0.190203
3.836974
9.789414
7.774077
6.024249
9.783304
2.983777
5.519810
4.504166
1.373353
6.244382
2.545655
0.899477
5.307117
9.601037
4.253305
7.418522
9.564445
3.973264
2.752473
9.959047
5.105621
4.445735
4.125130
3.355337
9.037325
9.705719
2.957322
0.170934
0.896971
5.014379
4.301101
9.398610
7.056650
7.354761
5.060187
6.377352
4.460647
6.476641
3.378575
5.872863
7.008168
4.550025
5.108526
0.687649
0.289299
5.908300
0.510422
2.340889
9.577367
4.914388
3.237408
2.696852
6.924119
5.659479
8.675738
1.032449
7.730658
5.484986
3.125504
5.299582
7.271669
6.116313
4.259695
2.125128
6.309988
2.591079
5.097110
9.139685
5.797835
0.154473
3.146617
9.113659
7.952518
3.583835
8.173523
2.589379
1.564756
0.910655
1.092336
4.039607
0.164747
9.831850
5.424215
5.402044
8.829169
0.826121
7.097697
9.350037
9.402484
2.976594
8.671753
6.728892
4.897992
6.063813
2.456471
2.423481
2.911332
5.036429
8.191938
6.893528
5.010797
8.319094
5.029887
3.332051
2.364520
1.207870
7.473073
0.814210
6.614803
1.330085
7.296333
9.381866
2.634929
8.427979
5.683726
8.757472
1.363431
8.361457
7.177921
8.919462
9.873783
3.859230
3.180490
9.075366
2.667445
1.422242
4.427330
3.045854
0.631282
0.134860
6.581448
1.172697
9.444959
9.002378
7.332496
2.398574
6.336057
1.028116
2.821935
9.945541
2.330541
5.709486
6.180741
9.387198
7.239748
4.222291
3.067380
1.104205
9.965242
4.285544
7.531843
1.298586
6.811019
0.155514
1.027461
4.035315
9.385533
5.331425
8.228206
7.749011
6.494141
6.994755
4.029395
2.070407
1.705186
4.100347
5.091763
1.473925
6.226238
9.956665
9.676250
8.038513
1.690671
4.971073
6.301841
9.188007
8.052382
6.889888
5.526673
7.033384
7.419168
5.664865
8.867817
3.370287
5.214444
8.699683
5.250499
3.430942
4.034410
9.588292
3.454094
3.911090
8.969144
2.138699
0.574267
5.619524
5.628254
9.443543
2.474062
3.962855
9.998985
3.726222
2.453090
0.938218
9.135960
0.875880
3.132900
6.584158
3.632711
2.961287
2.667094
8.495253
4.285832
3.167824
9.798904
5.558428
3.896435
2.360604
6.216234
5.614859
1.697061
7.198992
8.421239
7.455801
9.253838
9.656150
9.605676
5.344163
6.269263
4.899045
5.990954
9.485268
0.380450
0.512731
6.305541
0.958838
2.059555
9.231688
8.960689
1.235385
9.159064
6.770868
4.877800
5.228843
6.007037
5.248358
1.029371
8.969929
7.317495
0.923888
8.291558
4.398289
4.479962
2.191417
6.605107
9.053576
8.680941
1.870324
7.125528
9.859317
3.387647
7.280645
5.998287
0.518856
1.203013
1.106924
8.891639
8.512218
3.496593
5.590540
1.447418
7.913400
8.785537
8.845237
4.232189
9.488731
8.167040
2.803221
1.678215
3.528256
0.409425
7.717164
7.599221
3.869067
9.209743
0.775700
6.421948
1.421441
4.493606
1.965349
9.626107
4.875296
2.474406
4.587139
2.146951
9.461804
5.259607
0.243327
0.882852
9.288136
3.644979
8.212954
1.645756
5.515890
9.529313
9.902479
7.420536
0.570920
4.134306
2.567466
8.119900
2.665418
2.102617
7.761525
6.552913
1.755149
9.883314
1.917180
0.574046
2.958799
9.883243
0.145903
6.654096
7.626417
6.880286
0.645141
9.531096
0.837994
8.747095
6.642390
1.711430
2.573858
3.296224
5.337496
8.688569
0.812561
3.308400
6.406934
9.219809
2.352158
1.925674
6.921781
4.061013
1.164380
1.870080
8.226837
2.364528
6.269022
6.981138
4.692929
3.874105
8.502560
0.092933
6.993219
7.425324
3.224307
9.738772
7.968705
7.663124
7.768272
5.363530
5.758894
9.221013
8.406705
7.121733
8.431690
0.681926
3.940808
7.435978
6.083722
2.938328
7.370125
3.564902
6.514825
8.544600
8.676302
1.317376
0.422108
1.599894
6.708096
3.228152
4.323208
3.294554
1.826169
1.049953
6.652857
5.657659
6.056139
0.483677
3.813947
4.704452
5.067765
8.639167
0.385261
3.634750
1.299303
4.868260
8.112403
2.641526
5.189900
0.681866
6.833932
6.368474
9.615998
2.156928
7.137588
7.006193
6.055289
0.398053
0.300569
2.919887
2.957726
9.778747
2.506860
1.792645
4.448528
6.643668
8.528786
9.948195
5.287495
4.094233
4.916904
0.851489
9.930301
0.433381
2.933723
8.634148
8.128229
6.094362
4.259783
0.196093
8.956585
8.091977
2.368778
2.146021
3.595293
9.938748
0.747256
1.649785
2.394212
1.882803
5.612430
7.104324
3.842686
4.408177
2.200373
6.639297
8.193353
6.285553
3.286676
8.822510
2.318570
9.829256
5.341823
0.596944
1.873377
7.539255
8.735909
1.886547
0.374194
9.926687
2.482177
9.492747
2.995657
4.256185
5.166280
0.007303
6.643967
4.753737
9.279810
5.773534
1.809817
5.356093
2.544528
2.132641
2.852088
4.395622
1.307038
6.082323
3.287466
9.128737
8.592503
2.751711
6.302697
6.322122
4.958986
5.533489
7.780372
9.167923
1.818386
6.357502
5.995478
5.058184
7.449564
0.947277
6.510684
1.249948
4.420105
9.322909
1.436345
0.568655
4.601519
2.145856
0.473450
6.758740
8.005973
4.895441
5.165545
6.292850
3.003522
9.988320
2.074886
2.741378
5.021474
6.245581
3.922549
2.558727
3.119151
6.064487
1.768333
0.945845
5.749842
1.782653
4.525723
4.308545
6.563028
3.824913
6.073660
1.538786
8.684648
2.556440
0.340031
8.032260
1.815575
8.383363
1.036758
2.329843
0.284373
8.828501
0.087998
1.188421
8.745143
0.800557
7.575850
4.461349
9.082602
3.759354
3.486450
1.506663
2.471156
9.962537
7.050625
0.143180
8.005331
2.094897
2.789512
5.589166
2.312485
3.748599
2.996797
4.198870
6.251939
2.770173
2.055820
2.612332
2.917671
2.033684
4.309892
7.415449
3.804004
0.081030
6.283571
4.048037
7.803367
8.483579
9.904198
5.882676
8.733368
1.722583
9.096772
5.674125
3.656716
0.192456
1.602283
1.145433
9.500401
8.055348
7.553394
1.458586
0.564171
0.299665
8.701770
3.117516
9.846800
0.571874
0.416062
6.771805
9.948743
6.657018
5.628395
3.582011
3.257179
7.716400
4.003262
3.817098
4.011668
2.629040
6.386493
8.150997
4.340699
6.006074
9.397539
7.912433
5.334767
0.375794
1.070705
1.526234
7.216193
6.394303
8.905149
0.320760
0.459428
7.671934
6.122315
8.433649
6.061125
6.645913
7.917889
1.722166
3.757286
2.122254
0.324743
2.427882
2.301060
7.109265
8.999238
8.283185
0.358823
9.775874
1.587560
6.405717
9.869273
6.832917
1.625456
7.231591
1.954434
0.189125
2.041736
8.881002
1.634753
6.748005
8.513466
7.501844
9.316223
1.994201
9.410642
1.359479
4.616258
2.752812
0.365930
9.237584
4.937991
7.025599
6.930231
9.186646
5.104401
3.552100
2.781271
9.608220
6.134750
8.022394
6.810469
9.361586
6.465145
5.982741
1.507077
4.125209
5.917049
6.077508
8.677362
8.997099
0.204374
8.985053
1.469514
2.064318
1.163770
2.994125
8.483666
0.067598
6.101184
9.698539
6.328286
6.785766
1.586757
4.156359
1.024359
7.845826
4.944582
0.540845
6.181683
0.865188
0.872502
9.084926
5.285478
2.196277
6.348735
9.959442
7.683168
6.460208
7.277967
2.890275
7.169708
8.699419
2.503195
4.240012
1.704790
1.037344
0.129714
5.227703
8.594584
8.099759
2.915101
9.506721
6.929235
9.547406
3.561529
1.176584
6.520198
4.882113
4.366325
6.939610
1.214036
9.399310
4.113016
7.017862
7.707829
2.578021
4.644539
4.793778
6.651309
8.026282
9.153714
1.240524
8.313725
8.627993
7.679833
9.252587
3.174615
1.604407
5.502630
6.758652
3.333998
9.746590
7.165883
6.358617
7.829386
4.589834
4.449186
4.190430
9.405984
1.909395
2.246232
9.552881
8.267773
2.468262
5.879439
8.487011
0.584257
6.934879
0.552691
4.462563
7.835672
1.102478
7.350584
4.931263
8.150614
1.443700
7.708555
9.916701
8.620410
2.945725
1.358694
3.709663
0.897944
6.907085
3.309037
8.275963
4.647061
2.847449
8.490596
9.558158
0.782338
1.376000
8.290232
6.225457
5.711145
3.830710
9.499073
6.382176
6.963520
1.908513
6.288693
2.090665
1.348699
2.559440
8.982911
7.368837
2.014134
9.715203
8.056046
7.398734
3.305017
9.134666
3.690912
8.371087
0.325568
1.556283
8.684610
5.682622
1.822166
0.963001
9.980156
2.018978
0.420159
4.624471
3.903760
6.699276
0.597322
9.610554
0.737710
8.059735
0.931202
3.702563
0.458548
9.067890
9.384710
4.257509
3.728312
7.834211
3.810798
3.349157
3.593392
1.545811
1.610632
8.672226
4.394503
2.549195
8.730963
6.775584
3.217281
1.919246
8.315371
0.679518
6.532510
9.028219
1.974524
5.129214
7.391190
7.682981
4.833454
4.926232
1.519056
1.185203
3.115677
9.552462
4.226274
6.173814
1.410045
4.157350
0.809829
0.944252
5.619853
9.906693
8.993747
0.391999
5.438145
0.382370
2.970166
9.947534
4.265509
7.722900
8.323818
3.599343
2.942006
8.019204
4.637349
3.154333
6.457509
8.930342
2.826046
8.723760
0.810306
0.364460
4.252048
5.527447
6.490839
9.542652
2.217664
6.769219
3.115367
5.555105
6.708632
7.123727
0.305131
1.990520
8.790169
4.314046
2.327110
1.753511
6.054705
4.130661
1.392084
2.672498
4.604630
1.156351
2.013447
9.933543
8.743326
2.151151
2.555512
5.826593
6.894383
1.045462
6.858833
7.342249
1.578607
8.623572
2.532664
8.966116
6.006413
7.922954
9.253317
6.757717
9.546980
0.334447
4.365402
0.975952
