2.402825
3.634660
4.905744
1.325291
6.285038
7.067081
4.160579
6.544658
6.038966
0.802539
4.352427
6.365536
8.598175
8.676172
4.689292
9.312201
8.387878
7.801482
8.514691
4.060686
8.889923
4.726022
6.994474
7.342571
0.204652
1.843435
1.799046
5.644533
4.566610
3.829517
1.951396
8.049537
3.072133
8.510520
9.942759
1.166864
1.603952
9.554685
4.974497
2.634232
7.040956
2.680187
4.357645
5.880326
5.780103
3.618791
5.811549
5.076955
2.503010
4.044021
5.455441
0.663212
6.995832
2.917797
6.090572
6.738450
3.546381
3.123919
2.559399
9.550449
1.929849
9.596087
3.895887
4.947671
9.961659
1.787863
6.012158
2.453699
5.162750
5.814256
3.903793
1.060334
7.537968
2.601561
6.263696
8.087490
0.620813
8.983448
3.446129
6.323575
9.749615
6.256465
2.504835
8.563859
8.111650
1.418369
6.905409
3.605451
6.613421
4.580565
4.486354
8.243533
3.628886
6.337724
9.910198
4.842427
7.678936
1.482190
0.302845
9.674519
6.251829
8.897614
2.621790
9.666334
1.281820
2.576257
7.162378
1.226105
6.424361
2.951013
2.298080
3.821621
7.893069
0.614114
6.647489
7.472221
0.782057
6.186998
9.892399
8.241170
3.070913
1.146167
8.387309
4.368270
2.319031
6.525515
6.954233
0.005193
2.597431
1.488285
1.101441
5.604140
2.835367
8.807123
1.235648
6.103975
2.449773
4.105815
8.579241
3.676166
3.922916
7.750728
2.288917
0.960492
9.600704
5.889753
8.873629
9.450374
2.287292
7.432695
4.281749
8.309265
0.793890
9.454138
5.251324
9.504457
5.055565
8.131314
6.526832
2.558589
9.079782
8.150175
0.178718
1.712961
5.779149
0.260736
6.509955
7.598161
4.008021
6.295257
3.878516
2.737763
8.467899
9.509600
0.871730
5.526777
8.372791
8.028110
6.759295
1.703829
4.681028
2.022416
2.183719
1.564445
0.311700
1.804727
0.381803
6.059273
5.941286
2.335668
3.268787
0.367026
7.595510
7.406491
8.810565
8.399621
8.003974
4.101995
1.805478
5.898849
2.772376
1.370368
4.179200
3.219055
8.801284
2.728275
5.263513
4.410344
3.284121
3.384844
6.948760
8.154803
0.704694
0.015618
2.155627
1.491882
2.075669
1.609141
6.000557
2.931422
6.001670
9.145746
8.143786
8.949683
8.522838
4.246495
2.528866
4.416032
7.044270
5.031302
8.666830
3.779907
7.688635
4.283478
7.340700
7.078807
1.552547
9.704920
3.008379
1.934202
8.355992
0.625767
4.758316
0.968957
6.451043
2.017555
9.873176
9.316758
9.108583
6.331624
3.438350
3.700485
6.125157
0.333518
7.416344
5.841297
4.878442
1.519058
9.756295
1.982475
4.768723
6.831288
5.775614
1.742546
1.007968
2.489517
7.581295
7.631045
0.062361
5.034013
8.644332
0.805745
1.966911
8.048749
6.496459
7.231324
1.395857
9.612089
2.486985
7.285473
0.875365
9.390215
1.807467
1.173278
2.993310
9.931701
6.498810
9.659243
2.804192
0.626065
0.102316
6.665767
9.438036
0.742392
3.644153
1.508104
3.176682
4.352335
3.477195
1.310483
3.942538
4.825749
4.197389
9.383513
1.066448
9.048345
5.490292
7.601738
0.517602
1.510719
8.123820
3.425617
9.984389
1.180733
1.882979
7.784827
3.987533
5.486372
6.180409
5.968489
9.244962
4.081318
8.747945
1.860241
7.144872
5.265168
1.779428
7.264750
6.038373
7.147774
6.410078
7.219454
5.147184
1.256826
3.945386
4.241066
1.670418
6.516771
1.437851
4.139411
3.085794
2.352935
1.667293
8.966784
5.782386
3.128037
7.134176
1.195910
7.547968
4.572760
8.618088
1.800739
9.951619
8.588799
2.342469
0.134077
8.567027
0.707782
2.583732
9.159368
6.363838
9.155280
5.539274
4.276292
2.782531
5.843446
4.170360
0.916535
7.293437
7.553440
5.606702
8.834993
1.301295
3.418343
7.412190
2.034789
7.020198
5.606253
6.903417
1.854349
1.976146
7.030869
4.359785
9.881191
5.662777
2.575833
4.704242
7.083586
8.768328
3.200568
5.473102
5.550917
3.483643
0.414124
1.071144
7.021365
9.255128
3.285234
0.373423
5.498880
7.497737
8.769492
0.290385
5.657404
9.021788
0.924245
8.329221
6.273547
0.448575
4.920451
2.513545
3.431793
6.860303
1.560929
3.014018
5.657958
8.518796
0.029325
4.866018
7.975950
6.675957
1.936196
9.212989
2.900748
8.528697
6.788935
9.817329
0.681048
6.738647
0.716081
2.394840
9.194587
8.149378
2.964063
7.968800
0.268866
1.163535
5.878710
5.951927
4.699974
5.038399
0.919392
7.252385
9.149098
1.523506
5.069734
9.182592
4.060238
7.404495
0.814806
8.580539
9.716667
6.294316
3.438733
5.543406
4.010129
7.769159
6.384311
1.319613
3.801133
3.877361
4.107741
3.161013
8.664790
7.370153
3.038781
7.602141
2.101745
4.874771
0.662064
2.426061
1.561494
6.391206
1.069247
4.476278
6.032863
7.815586
8.840473
3.122151
2.775855
9.613914
3.376295
5.695564
9.769532
5.682471
7.541715
6.214272
5.328428
4.862842
3.216555
4.472597
5.501620
7.145929
8.587251
0.893509
6.113823
5.707111
2.297100
9.968951
4.342248
2.801113
2.840517
1.861587
2.440382
3.360873
8.282611
9.972273
4.537402
8.730427
6.676315
3.319572
2.877676
3.957821
9.199008
3.181941
8.847480
8.505188
2.118241
5.073474
6.324594
5.618221
9.343493
5.736205
6.175545
7.439022
9.704290
6.682467
4.632678
3.575053
0.173299
5.878999
1.871320
1.461174
5.914028
4.266848
4.604876
7.877138
6.263579
4.132299
1.595940
7.220838
7.997110
6.948972
0.862152
6.264281
4.708071
4.268511
1.685112
4.284106
8.156785
5.981370
6.150876
2.618339
0.760941
9.731434
4.615420
5.811244
1.055637
6.507677
3.306679
7.685428
1.682002
5.113378
1.690772
6.562193
5.384636
9.463596
6.319491
0.447572
0.082154
8.935241
5.145866
1.469136
0.948110
3.887453
2.950315
3.633522
8.340560
6.980518
8.675987
7.544494
0.796726
8.655420
0.979764
8.037081
7.817242
9.238969
1.892471
1.290023
9.637948
5.858263
2.765574
2.747615
5.037153
5.424371
2.619879
6.225850
1.792166
6.332893
6.564102
9.845389
9.721898
5.009672
2.326328
2.813599
1.322430
1.027157
1.830339
9.841910
6.018299
9.307896
1.282152
0.222631
3.992702
0.180067
0.980458
9.562194
3.227232
3.273339
7.080567
1.515244
4.035320
6.883359
7.720296
9.870526
5.964496
8.806147
1.418897
1.063988
8.275547
7.336777
9.510363
3.178767
2.173234
1.146154
1.495920
3.765704
9.448409
4.315195
5.772061
7.664744
8.181606
8.154597
3.662516
1.908947
5.007360
9.517582
5.780717
3.839205
2.345866
1.522419
5.337449
8.713684
1.908279
1.962984
7.857907
6.980585
4.745396
0.348321
5.427359
4.596090
8.694182
2.594860
9.848527
6.484004
2.781937
1.994612
1.841865
0.284135
8.012892
4.833778
7.434607
7.856936
4.271589
7.508486
0.443438
3.427272
0.222453
7.253369
6.969533
6.488954
7.282303
1.188299
2.538127
5.990341
1.109379
2.025615
1.884250
3.126541
3.124979
1.277361
2.045521
5.488559
8.728829
9.135364
1.569584
1.966371
0.287789
3.561859
3.438066
2.084284
8.697610
5.008304
9.007485
6.692944
2.802302
3.079764
0.505323
2.471868
5.809274
0.466731
3.947517
0.870139
1.502316
4.137059
1.392190
2.993119
0.705496
3.783075
6.004546
0.524402
5.272124
4.920135
7.357853
8.379695
5.438782
8.809966
8.420057
1.418228
7.397229
8.126894
8.493550
9.420715
5.752432
1.754730
0.439148
0.642956
8.956744
7.666112
5.732194
0.945461
4.541283
4.316821
3.562208
3.978712
9.769909
7.345578
5.421932
7.228349
8.079457
9.939241
8.055161
1.495224
5.579171
0.248215
7.218844
0.878319
7.143741
1.318275
7.787849
2.507424
4.950694
1.683732
1.255483
0.810445
3.877995
1.320051
5.327563
0.263927
1.298199
5.235542
9.169675
0.269530
2.125468
5.597191
1.191770
1.363198
1.785122
7.863077
1.683364
4.446944
6.439234
1.972920
9.996492
6.178046
3.197789
1.618331
7.452574
5.725167
2.729005
4.633093
3.665463
5.425513
2.146316
4.610075
7.435544
4.038959
4.137873
4.741555
2.866251
2.752437
2.532902
7.820945
7.307611
2.311950
2.919535
7.039454
0.414292
2.523345
4.305657
3.169781
5.526350
1.269057
3.674308
2.901813
3.971238
9.048122
7.200673
6.756020
3.569406
1.334137
4.472398
2.198193
2.660415
3.814669
7.455585
5.145669
5.837119
8.702641
0.653800
2.017822
7.452224
9.482104
2.071893
2.356380
1.660088
7.210402
5.656346
7.326717
9.492859
5.231827
8.491879
6.285165
2.042811
1.057332
7.889297
8.925368
0.836048
1.011069
1.119251
6.453757
6.295624
3.069351
5.836339
0.969481
1.460303
2.312642
5.893404
3.844306
1.119792
6.587551
4.984757
0.549258
2.855926
0.535417
5.012231
9.454740
3.271663
5.801964
6.956536
2.966561
4.638786
6.770062
2.657201
1.724188
7.211006
6.390923
6.722391
7.541869
7.368268
9.415074
3.658698
4.843403
2.585277
0.756421
0.371285
7.432030
6.494282
6.419821
4.644174
4.968956
5.727527
4.485300
4.852368
6.277168
4.441310
2.712613
5.848854
5.832736
7.821199
6.528261
0.603881
5.759428
9.728566
8.419855
5.551549
5.636071
5.876498
3.656141
6.581707
5.036479
0.980540
9.524217
0.954473
4.309909
4.670503
8.413267
0.337733
8.680575
6.252553
9.442798
8.770464
9.552880
5.294085
4.192852
6.251460
3.728339
0.126285
5.234411
9.413640
9.055218
7.666656
2.507260
7.429457
6.967368
8.155622
6.812850
6.754416
9.809135
7.422412
4.362379
9.858809
5.502811
4.991494
9.357604
8.852386
5.677100
8.064002
7.600338
2.368649
3.299497
1.533638
0.488663
5.939047
3.624853
4.822704
4.584272
2.388999
1.819184
1.506752
6.109067
6.024730
6.694977
9.622844
1.212242
5.493897
7.750195
2.913663
0.383825
0.501071
7.569314
1.817924
0.460495
0.411083
0.049217
8.791200
4.319244
3.246095
6.623758
6.717927
4.973520
2.767453
2.419917
1.510159
1.360896
8.772443
3.878875
8.071783
3.432994
5.207994
4.025283
1.968848
8.723900
7.789608
4.823200
5.930761
3.043171
7.477163
3.982060
5.971978
8.814394
1.594685
3.748031
6.684700
9.389368
4.255491
9.698705
3.930093
1.685511
3.899963
5.787232
6.553250
2.197659
2.571653
7.533255
2.257591
8.377440
8.085976
7.277087
8.887310
3.191811
1.859264
8.140693
8.681993
8.786070
9.937812
8.678419
2.023589
5.405820
3.500092
5.149443
1.670673
9.413282
6.784382
6.078992
2.927557
4.717391
2.283677
2.579901
2.891059
8.752786
5.644888
3.179165
0.197876
5.952162
8.245349
1.037174
7.894322
7.116055
0.123547
5.771101
2.157830
6.131874
8.680350
8.816770
1.119412
7.157784
3.921844
2.659883
0.051706
5.336892
0.831107
5.948351
8.553920
4.682625
5.228895
3.525502
8.183382
4.868676
9.064705
9.672199
6.966704
2.192230
1.488870
9.733870
6.663298
5.307597
0.257097
9.317329
1.731179
8.726625
4.858909
0.283199
8.091073
9.218647
9.619630
0.141382
2.014061
3.553009
7.403716
5.693103
7.472126
6.720276
9.520958
9.157606
6.754334
4.938576
3.881230
2.101144
7.942013
5.022995
3.468991
5.535532
3.297734
2.820055
6.528188
9.440545
1.490812
9.456520
7.219679
3.389210
3.031468
2.694412
8.025004
1.649188
8.030588
6.825288
4.192912
1.748689
0.930217
9.186605
2.545869
3.139996
4.970999
2.280323
3.020334
9.277818
4.631935
8.020024
9.533385
9.285191
1.209877
1.513586
9.940911
6.813077
6.831169
8.707962
9.721574
1.066690
3.133112
6.083964
7.077596
5.579354
2.617820
0.598869
6.519496
9.889050
5.761842
4.383374
1.492462
1.345829
8.850050
3.291221
5.549437
0.309932
7.389832
4.967932
7.200670
6.893584
1.594301
1.133070
4.070318
9.971081
1.433073
8.019655
2.744127
5.425078
4.143172
4.866282
1.360860
2.494734
9.016034
5.734873
8.659260
3.409391
6.903494
8.468113
1.863317
4.201270
8.187500
8.462853
0.757581
0.625792
6.454510
7.520396
3.379384
6.198838
6.120851
1.291187
6.518566
2.652075
1.138123
4.592499
6.405535
1.756257
1.046749
3.126480
9.995188
1.193681
2.377934
4.535596
6.400423
9.522763
7.754059
4.352315
1.731000
8.418104
1.161783
7.757130
6.552120
7.907519
4.536751
7.579652
7.066546
9.248220
3.853471
4.323419
8.912309
0.035998
1.864800
5.829567
5.281408
6.810357
3.272684
2.744248
4.123199
4.291831
8.597800
5.947556
7.061823
1.830469
0.767468
3.430080
6.688330
9.019097
9.347470
5.285091
7.057147
2.962338
6.819093
7.590878
2.619673
7.854519
9.715034
8.078818
8.389536
1.329562
2.889535
9.950792
1.433959
2.997214
7.430079
2.049661
8.001167
4.651546
1.069660
7.363425
0.023620
1.649837
7.578220
2.966861
6.569644
7.893875
7.571278
0.516574
2.479298
4.961492
1.396932
1.624399
4.656440
7.777412
4.658486
8.344817
5.288409
7.607592
4.129152
4.932514
2.446051
5.552944
5.494040
4.728685
6.817621
7.819137
1.392901
7.868844
3.889350
0.030025
2.742327
2.904092
6.553574
5.591638
0.817470
5.484331
3.671686
0.148798
6.303541
8.320414
2.502859
0.711790
8.670439
2.782029
3.229854
2.000825
8.355523
4.547646
8.382566
7.179471
0.707342
7.339241
6.301245
1.281312
1.692982
9.426013
4.358717
9.550601
0.919879
6.827422
5.360065
8.794344
6.025146
6.704683
8.462738
1.562065
6.300948
3.250143
2.609613
2.084304
2.032841
0.976707
4.679664
4.871125
7.678812
6.916713
6.809310
1.474476
8.600143
2.876885
2.059121
0.324269
7.233705
8.359643
8.183258
5.007250
8.021433
7.066281
5.870427
8.611899
5.983674
4.148398
8.005301
0.882694
2.473311
5.775525
4.496255
5.115996
0.392269
7.105091
6.563850
2.839935
2.712535
0.028552
8.215690
8.905650
0.571961
7.117219
1.064275
4.976153
3.807299
1.006372
9.685744
4.375483
3.987625
8.940510
0.941718
5.861288
7.464044
6.286726
3.507450
3.472037
8.853302
0.839500
3.420976
7.128341
0.514831
8.846574
7.140296
6.311789
1.626493
8.866216
1.994185
8.130510
8.638183
9.906806
4.858742
4.622402
1.890941
5.879283
0.482150
7.057603
7.618706
8.593746
6.535597
4.639949
8.937056
5.716297
7.873950
5.966770
3.928506
1.092326
6.603577
4.119131
8.214285
6.746165
0.033614
9.153772
6.077407
5.343479
3.857275
1.950556
7.255249
7.957747
8.846657
7.089237
8.170479
9.245241
1.994776
0.019886
8.902470
3.310530
6.667216
7.553754
7.722705
4.801435
0.787334
3.055966
3.296914
2.315780
2.629864
1.753868
2.733433
1.787287
4.207775
4.265877
0.214878
4.767131
5.997852
7.071736
1.387584
4.740621
0.462382
8.252753
7.869218
9.476280
5.668322
5.342237
6.023114
9.262866
5.261795
0.027027
8.540281
4.187102
3.619448
1.766739
2.415335
7.860367
6.560945
7.252827
6.516572
4.622804
5.105165
6.097706
5.960248
7.072659
0.086089
2.006515
8.950849
7.272181
6.987727
7.297184
4.936507
2.859702
9.212492
3.022974
5.636439
2.534615
4.245975
2.105607
8.591768
6.037234
3.521273
2.586799
6.023252
9.865705
7.109099
9.938766
7.213911
0.154671
9.547411
1.236316
9.243722
0.949065
9.089510
9.815265
0.461784
0.742380
7.942809
5.721683
9.747742
0.004629
0.516770
9.612559
4.008120
2.080708
1.550368
0.843578
4.550055
9.948717
1.249716
4.337369
4.220380
0.913735
5.698322
5.193480
7.513478
4.303822
2.801802
1.862025
7.023956
6.049458
1.940940
8.450785
4.009797
8.115203
4.645441
7.417352
1.949920
2.130470
4.211115
5.592765
4.970188
3.036398
8.604362
4.681195
9.827108
2.707827
5.696319
2.460181
0.956953
3.213996
8.322836
2.395583
7.199103
8.555362
6.649409
2.410916
0.104982
4.652901
0.576628
1.071703
0.212290
4.846146
6.014415
4.449908
6.853158
4.227761
3.831393
6.150861
4.417878
7.671519
0.117829
2.282968
1.306013
4.618579
0.438409
4.275484
1.142090
0.371999
5.208630
3.866249
5.456683
2.026839
3.056001
6.233676
9.833439
8.210511
6.163359
0.635681
9.323100
3.721711
9.175940
7.044448
1.546899
5.541656
8.541198
6.674014
1.572757
1.743253
8.784670
3.596993
6.404302
2.652098
6.351024
5.327748
1.113171
5.047476
0.427859
0.023683
0.929535
7.769292
1.234604
9.021039
1.837738
4.030464
3.809563
0.073806
0.267822
2.245126
4.476540
4.707861
4.871402
0.309082
2.362190
5.502920
7.897945
4.102351
3.942353
2.486823
8.167038
0.853920
1.808134
9.603193
4.291687
1.832723
3.916847
0.699699
0.352794
9.549953
8.965491
1.105936
0.303815
5.170516
7.847623
9.728374
6.070659
0.793146
9.169227
5.335307
7.131953
3.446319
6.198536
8.338965
9.122643
6.842347
4.807872
9.790502
6.319676
5.388533
5.259831
1.936630
6.535368
0.944756
2.488690
2.264139
2.609634
6.584240
7.447499
9.277995
1.898989
9.169024
7.677679
5.326157
0.951836
1.336145
7.076158
7.591625
7.067636
5.827080
9.923024
5.378972
0.316682
1.067784
2.098187
5.674156
9.501640
6.734620
4.637955
0.750403
3.648242
6.902323
4.055157
8.756557
5.333008
6.687400
1.849746
2.038236
8.549682
0.495920
9.934022
0.973338
3.942856
8.759065
8.804859
2.936653
3.226607
3.471782
6.380157
5.026344
3.081629
5.533896
4.007292
5.051330
9.280292
2.392863
0.389715
0.586967
6.324212
8.601651
9.965537
9.408437
9.744518
4.072084
1.858752
1.976642
9.496715
3.165980
7.758296
3.206534
0.401788
0.043520
0.258957
7.614934
8.762952
7.282530
9.888757
6.147696
4.839870
9.010450
6.077692
9.131231
2.862302
8.480740
2.758810
0.991895
9.079885
2.749909
6.709116
6.214662
8.977572
8.423923
8.601411
3.725474
3.900419
4.658395
7.013593
8.368517
3.693508
6.610169
4.889287
8.009427
3.365835
0.827689
4.692779
6.697016
8.419187
8.694290
1.706077
6.756758
0.250511
3.131021
8.980291
0.336147
3.461216
0.398048
2.472171
6.468190
0.734481
7.465881
3.256940
9.280663
8.243874
7.866611
1.511580
3.631950
4.626616
1.614563
7.053219
9.190158
5.416294
6.868510
1.618854
8.603842
9.717846
2.840272
2.707667
3.690996
2.038337
0.951721
3.755192
3.222263
2.877409
8.111393
7.423552
8.175865
8.187763
2.466968
6.560515
9.196648
6.505356
9.216792
8.089213
4.640766
0.364671
4.208687
9.368785
8.309652
3.075570
4.319131
3.588367
6.492660
5.960563
2.424767
7.855707
6.276407
2.820741
9.850748
6.936754
0.046854
9.423818
7.675908
4.694671
0.339688
5.213190
7.868156
6.418486
7.118398
4.765201
8.851506
9.691585
1.102766
4.035873
4.378889
1.777002
8.567743
0.330586
4.535517
5.505459
0.006078
5.822389
6.670238
7.863163
8.250853
5.833960
9.371058
9.009632
6.259276
2.507510
7.411819
2.652118
0.257238
8.634950
0.710759
0.923789
0.329879
3.801771
4.238247
9.787024
4.626465
6.050977
4.583168
6.776778
5.725213
7.518763
8.681653
3.719735
1.181600
2.315558
1.842427
9.683532
1.700420
0.205935
2.506061
8.293154
8.642133
7.376555
2.214130
9.548504
2.110103
3.637752
2.606383
0.711287
6.462431
2.067178
5.622896
1.661168
9.886730
1.920484
2.294053
6.519482
3.486951
5.269104
5.678064
4.422749
1.894554
5.877874
7.361825
0.604145
9.365375
9.645754
8.040326
3.504128
0.342307
3.842723
8.461187
4.393125
4.677441
6.842690
6.047370
5.733980
2.110860
6.683840
1.180929
0.021078
9.202623
7.756151
4.726675
6.446572
3.680612
6.199299
3.292892
8.505342
1.574257
9.391115
7.802940
7.098526
2.987002
9.048904
5.234965
2.894733
0.104526
8.844556
5.020156
0.714805
7.106642
5.601615
0.429079
8.302112
7.117808
8.786233
4.479805
1.181362
3.544084
4.887497
2.283453
6.194225
1.567510
9.833458
1.026889
0.168268
9.824420
2.668966
0.565396
2.257256
2.317003
2.356986
6.406470
3.023752
3.028143
6.597416
2.618319
7.556977
3.539270
7.551423
0.306138
4.778625
3.125306
5.507106
4.016297
0.571178
6.827449
5.422185
6.671821
3.992416
4.992096
3.925875
9.137897
7.588734
1.599393
1.294026
2.980189
8.343145
8.128095
4.872604
6.585696
8.696758
2.552435
8.486730
5.299531
5.855625
1.904288
7.452807
0.952499
0.943035
9.785760
2.699692
7.544805
6.847884
5.956302
6.254996
8.739637
6.227993
9.182637
0.643242
8.397891
8.532221
5.232312
6.537167
3.053401
6.580496
2.376244
7.165144
5.038592
6.828317
5.945998
7.598263
2.513344
1.845228
3.105051
5.939919
3.198001
1.809166
0.053712
1.685511
6.945212
1.475991
1.368660
2.471045
8.548007
4.367671
9.207485
8.174393
2.427708
1.052483
3.279784
3.833377
9.467020
1.058676
3.429040
5.997722
1.568471
4.725907
4.539579
4.116903
9.974709
5.087314
4.712365
4.258135
6.278975
6.775321
5.931329
9.601396
9.956764
0.453611
9.999344
9.276191
3.861606
4.795213
5.090452
0.083966
5.050291
5.823682
0.907927
2.524784
7.202044
5.816600
8.305688
8.607818
7.285185
3.102543
8.827740
1.195804
1.738139
2.107643
4.269120
3.613565
9.527143
0.994568
3.297755
0.111883
9.878259
9.732864
1.098185
7.251125
0.198978
1.537346
8.264496
5.719657
2.075876
5.134001
1.702442
9.777946
6.149898
0.790191
0.087936
3.595203
7.941590
5.363717
6.723191
1.430943
2.921443
3.086314
4.348270
4.651282
7.211957
3.209872
0.218124
3.785336
8.113725
1.786269
4.284231
0.361213
0.200968
0.265941
4.796088
4.455372
3.777336
1.306056
9.833343
9.181863
4.213880
4.319196
1.742582
4.508868
7.869735
7.637763
4.229768
1.705314
5.053141
9.322536
7.864309
4.302101
8.225326
4.635662
0.452854
7.711071
2.085492
3.441251
9.373543
8.759163
0.669297
1.784479
5.410565
0.958370
2.661016
9.197805
6.778428
2.913968
7.533886
1.077273
2.094508
4.307479
9.144298
3.286163
0.779713
9.630781
4.086848
4.141295
7.848641
9.275439
9.939717
2.151256
1.482448
4.582344
3.099808
8.308026
0.082377
5.114058
0.730439
7.576978
8.346260
9.379869
1.868615
2.905416
1.731298
6.319668
2.817172
6.329480
9.420794
8.527081
1.185942
8.568891
6.183635
6.170033
4.272567
0.173281
9.076732
5.066381
1.902628
3.092972
4.511610
3.619709
3.287107
2.442353
0.700307
9.833725
4.730055
9.228717
1.490427
6.498367
0.504751
2.021480
4.786969
1.518529
9.534458
7.475835
6.617752
1.453066
2.162501
4.964679
1.635903
9.558661
5.356109
7.915879
9.084839
3.273356
4.747665
8.822170
1.763397
9.580063
1.208082
6.109028
7.248403
8.108566
2.418746
5.175160
6.637003
3.851416
8.045280
5.805727
3.452457
9.114840
7.460830
6.229133
7.702178
5.696579
8.034112
7.928230
6.205374
1.930331
2.013789
3.226386
4.493344
9.084259
0.848470
2.403153
1.024294
9.455359
6.598722
5.846004
5.572363
7.448667
6.216730
5.029331
5.662745
0.798197
6.579369
0.252681
2.332255
6.986198
9.061238
5.292553
5.008874
7.321192
1.983086
1.466953
6.363789
3.175922
5.691489
0.723052
9.562086
3.562826
3.517786
7.865932
6.820396
1.892200
7.857608
0.458370
6.076756
7.545533
6.593065
9.977566
5.822823
2.803682
6.899240
7.015604
1.373176
3.482947
5.869980
9.879686
3.590150
5.000804
9.889035
6.403276
5.041350
1.865308
0.437810
0.814480
7.503065
9.064100
6.819356
3.943058
3.600244
4.112762
6.621555
7.138433
1.217825
0.088866
8.543904
1.056354
2.242599
7.504302
8.254354
4.801846
8.566317
7.787264
2.098998
9.719394
4.572026
6.331842
4.571339
7.953571
9.904679
0.805208
7.657306
2.516158
2.364510
1.624086
0.164100
9.639410
5.308305
1.955964
5.532268
8.515055
5.712739
9.613096
6.607474
5.659188
9.633293
9.542551
5.956997
0.277846
5.541696
3.625327
2.343227
0.035007
7.986243
1.165186
2.378600
8.074936
2.697791
7.087619
4.550904
9.674547
7.778298
4.205929
7.388458
8.204925
4.359632
5.052386
2.083460
9.503311
2.330698
2.900350
5.290331
7.002213
1.058901
2.398120
9.779988
4.937088
8.097997
6.092467
4.913196
0.405313
4.095109
3.787609
4.462078
4.373075
0.163970
4.650742
3.387235
6.591607
4.605152
0.923477
9.673577
4.786661
3.980709
4.009115
0.613459
7.938398
9.582175
8.996975
2.051957
7.140015
1.255316
1.850845
6.348559
0.826791
6.401561
3.967694
6.718275
8.088101
8.006305
2.573215
8.097528
5.452746
9.359656
2.382612
8.898385
2.238600
2.015655
8.042383
9.027851
9.076933
5.396513
0.964229
5.093236
6.721141
2.383036
3.052311
1.796166
9.322649
9.303814
9.814651
1.538008
3.816532
9.302027
2.918272
8.568081
9.357498
3.619478
6.835818
0.681256
6.514184
2.001195
1.386959
6.155810
0.869427
9.835308
9.137519
2.565822
7.929446
8.309186
4.361115
6.876909
4.703882
9.002018
0.616226
2.253458
0.324745
7.910389
7.516722
7.421191
6.148573
3.794272
0.509482
6.922580
5.347691
4.431056
3.217394
0.364972
3.739048
4.722227
8.498629
3.276877
4.812066
7.913465
1.410532
3.341337
8.762825
6.536141
0.171331
4.854299
0.001984
4.778039
8.387283
9.096380
0.286336
2.309374
2.351874
5.751633
7.332122
3.262286
7.269532
9.988941
8.593712
5.611085
0.282571
8.082218
4.671474
4.985329
1.787262
5.489703
3.288713
1.397489
6.302187
3.218121
2.494412
6.311269
9.246444
6.109581
9.578947
0.949688
4.699510
7.274670
5.222990
8.896278
9.676446
4.701187
6.093424
9.017273
6.426669
2.430307
4.192944
0.410824
2.021579
6.934736
0.249090
0.390384
3.292607
2.651705
3.610755
8.995251
6.513866
8.102962
9.913218
3.695563
8.050698
0.625476
8.286739
0.502839
9.050833
6.202045
0.402953
9.923457
4.300417
7.462891
4.474922
3.393423
8.727647
8.385365
0.717671
2.717870
5.621572
8.834061
8.203030
4.178124
1.003933
4.728408
6.498177
1.992675
9.808396
7.134544
0.697459
9.942973
8.280200
8.010705
9.253366
0.164096
1.263421
4.677868
3.878242
2.493554
5.239570
2.002101
2.295747
5.087122
2.329682
8.362213
6.750474
2.700744
3.902800
0.114218
9.491448
4.759320
0.238402
8.579545
7.264933
4.345473
1.227845
9.538363
0.978316
0.137835
2.791297
5.688680
1.495610
6.159452
8.856820
9.531054
0.754695
2.609464
1.341249
1.140370
2.502870
9.873325
1.956679
2.550177
0.874052
2.524078
8.440233
9.702892
4.613738
2.521831
4.981235
9.124512
4.604311
4.017567
9.130463
9.449737
5.971267
7.816130
6.645244
0.886702
8.708145
7.217967
4.745261
1.515414
1.444426
5.642913
9.629052
2.664439
4.272042
0.671362
8.188769
5.400192
8.437586
9.951201
0.317134
2.378224
8.320391
9.793783
0.013572
3.881469
2.354159
6.832055
0.187743
0.965838
7.771963
9.371662
1.694882
7.887328
4.060971
0.876857
8.592882
0.782913
0.911246
3.786142
3.202800
4.715653
9.523061
5.589073
0.327756
8.170032
2.371635
6.824330
9.819539
3.249856
1.671221
4.122670
6.266648
3.750562
4.466425
7.420434
7.576140
6.872521
3.664687
0.951187
5.422153
6.605062
2.775427
1.886855
7.271525
8.317647
4.413369
4.885683
9.829611
9.596304
1.692012
0.901817
3.231259
6.814954
0.138401
5.018785
6.808352
4.283356
4.478466
5.475616
6.950921
6.963802
2.876033
4.506946
6.288676
1.683074
5.597744
0.978114
9.888710
6.304051
3.791111
1.220305
5.211309
9.507645
2.929079
2.409596
7.950725
0.429611
1.200062
4.545264
5.553887
3.427380
4.124826
2.274016
6.084877
8.434330
0.645558
5.541960
0.348990
9.933268
6.566187
2.806488
7.852532
8.726183
4.535905
8.242378
6.486373
3.572607
6.909447
8.497171
9.360081
6.767743
8.438889
0.769006
5.908818
1.201027
5.442680
3.028829
0.221511
2.091760
1.220644
1.237083
6.872443
2.813289
4.109503
2.199111
7.626760
4.151936
6.705476
4.608563
0.727873
0.278294
1.851302
6.147759
4.563470
4.054930
2.416781
1.861564
6.655232
1.064577
9.695188
6.463820
3.485160
3.032220
7.110524
1.448737
1.197880
1.202149
6.511446
9.170289
4.715949
6.900720
5.118019
8.536590
6.649043
0.194655
0.583177
2.640865
4.154373
4.703195
1.761296
4.952381
2.806123
5.891109
9.462534
2.062686
1.617453
2.948370
3.533809
4.807172
5.236325
5.758686
2.375787
8.080416
7.928782
2.127908
1.675229
6.091427
0.742667
7.218481
7.767125
1.523248
2.449074
5.400203
5.863692
4.229995
2.349108
7.012583
2.510487
0.105991
1.903196
4.026424
5.421400
4.747824
8.870292
9.625969
6.220285
4.021638
5.832594
4.639151
3.288350
4.424176
1.542531
1.752702
8.882171
4.385071
0.369135
4.382941
7.919550
3.688110
8.761650
5.187351
6.287834
3.775584
3.638504
6.155787
1.495478
5.317925
8.199383
9.799371
2.709068
6.775302
6.819340
6.329966
1.899473
7.736899
4.252044
2.543699
1.484539
6.440950
3.371263
6.009499
6.206960
5.285654
2.018959
6.922588
5.268349
7.457267
9.213765
3.114426
2.947015
9.573982
6.293015
6.851591
0.047266
9.097440
8.915018
9.647760
5.778750
7.216647
6.391314
4.057768
4.477459
4.292536
9.102519
5.644013
2.134591
2.121267
6.594896
9.483843
5.588993
3.091581
9.815215
2.972728
7.703368
6.761282
0.689952
7.509406
0.508385
9.626745
9.718974
9.054358
5.371269
8.536418
0.628326
2.948505
2.620374
1.836183
7.761074
3.203398
9.548584
4.211869
0.132344
7.354260
1.998893
1.749516
9.693072
3.128463
7.481282
7.773179
7.683490
0.228468
0.641739
8.619387
6.562416
4.733032
6.902449
1.729380
8.967404
8.317423
3.921282
6.175751
0.142358
3.497466
6.798295
5.999013
6.665565
6.444134
8.588736
8.014387
6.748321
7.152920
2.862250
7.418188
9.542109
4.930351
2.710538
0.466272
9.505868
6.399476
3.051255
1.094446
9.465996
3.565813
7.892474
1.972765
2.216553
1.604714
9.784949
3.900286
6.191458
2.985599
6.748195
9.981804
6.344567
2.582354
9.274320
6.739401
0.121367
2.635643
3.198740
7.527445
7.577570
3.408509
2.874043
0.953138
8.690583
5.515901
0.076258
6.587337
8.007382
3.155483
5.642441
9.131038
8.108119
0.710769
1.577872
4.845272
0.527031
0.030617
2.228418
0.497220
1.115614
2.459171
2.191152
2.057167
7.229264
5.533114
7.711985
3.075977
1.450811
6.217527
5.160675
5.802996
6.343740
7.623376
9.573247
2.062086
5.818639
2.570125
3.931840
5.296625
6.083394
0.270305
7.006412
0.634275
4.003125
2.629834
1.179602
0.136220
5.717357
8.364299
8.711673
6.707322
0.550757
2.593534
9.951800
0.798346
1.887329
5.648878
1.070800
0.711612
1.535532
6.602078
3.245191
0.253224
6.534035
4.617938
1.719021
3.257830
7.390628
4.254599
0.172636
5.714925
6.763559
8.516372
1.185357
3.201476
6.910489
0.040689
7.161074
5.460063
0.230022
1.551148
1.348871
5.023359
1.603496
3.426016
4.491471
4.368816
6.789080
8.983145
2.339260
0.960026
9.195956
9.378396
3.973818
5.839097
4.586765
7.420450
5.178469
1.987456
9.896654
3.519659
7.229106
5.342120
6.320718
4.064008
6.566393
8.077635
4.981279
7.198947
4.213802
3.374731
9.808242
3.125540
0.112680
7.826297
4.489840
0.971841
6.605149
8.134836
4.897046
3.358864
6.165884
3.484920
8.568864
0.196739
5.713489
7.787795
4.846115
4.448518
6.502130
6.210473
8.147658
0.082037
3.570327
6.389534
9.752855
1.439112
8.675177
5.687824
5.374457
4.745660
5.868945
1.965472
2.870872
4.963014
8.024009
3.075026
4.069208
7.433644
2.323299
5.180920
6.099757
7.682895
2.051712
2.121554
7.889819
2.990516
3.733154
7.773962
9.291365
2.419959
1.599832
4.616832
0.173221
7.066296
4.173747
9.692666
0.507135
0.842158
8.578015
1.083875
7.763777
1.143159
6.973293
8.789927
9.857696
0.991562
0.281862
6.058846
8.665788
5.446570
7.082985
5.391593
5.345282
9.585484
9.451822
0.402096
8.876554
6.914947
9.444228
9.382475
2.448336
1.742001
8.793529
8.307561
1.995378
4.426302
8.656403
2.088972
2.523251
6.110815
0.643740
1.473487
7.896935
1.860227
9.392714
1.845751
9.910070
6.922088
3.599868
6.029298
1.420166
0.028891
6.413476
0.797866
4.286278
1.273419
1.703202
0.172598
0.214731
4.226415
9.540376
6.925035
6.750896
4.633426
5.772471
2.910824
4.302888
7.157313
6.855922
0.986482
6.265134
1.886969
7.403179
9.831491
3.114428
0.481855
3.608084
9.474886
3.091649
6.909835
4.557858
0.379805
4.686183
7.607243
3.636942
0.930832
3.651008
2.548158
2.082096
5.573220
5.594361
2.435876
2.953033
0.322470
2.243647
1.709919
5.459175
2.887177
1.688541
8.595502
3.075699
6.235377
7.683505
7.644500
8.133419
2.325607
6.472758
1.284472
5.617876
4.867742
0.674518
5.773787
4.819772
3.547580
8.776254
0.368364
4.682350
3.875058
8.836836
5.026366
5.219484
9.006021
8.706438
7.697636
1.259567
6.421525
7.472733
7.011517
4.236072
0.005089
7.395715
5.396359
2.181195
1.992974
8.786007
5.062309
6.975729
6.206347
2.641595
5.034980
4.353176
5.936965
1.200428
7.381464
4.761058
4.053871
0.261833
4.566783
3.902594
3.716141
6.619712
8.409270
9.876172
7.257542
0.538830
4.664111
1.060070
4.348860
4.785261
3.476059
2.521961
6.163620
3.133147
2.348392
5.981813
3.322011
1.158220
1.504806
3.811424
8.504238
8.034894
5.127604
5.466568
8.228690
3.501403
9.265013
7.157125
9.027597
2.993935
2.960028
8.125754
7.723302
0.147372
8.189587
2.366651
8.579509
1.092287
1.577574
5.279355
0.301435
9.214784
0.665667
1.082767
7.328188
6.142789
7.529150
7.879630
0.442728
4.400782
6.481671
9.417029
6.837340
3.370062
6.973098
8.194317
2.514923
3.508621
8.457187
5.980402
6.005494
9.858525
7.489423
5.976813
1.497003
7.324545
6.943431
8.337228
7.781680
8.121258
3.378194
9.149940
0.854582
7.103024
7.620859
6.648548
8.968271
4.897103
1.897627
2.620214
4.477379
4.780470
3.786050
1.158800
7.820275
3.908609
8.342128
0.206527
1.102774
5.792860
6.663488
2.056711
4.117023
0.911308
8.825053
6.856364
5.283656
9.174077
4.886724
7.603637
1.121139
5.302853
7.196330
8.574673
5.390008
8.448877
7.940038
6.505445
5.427854
3.789073
4.246742
4.814928
1.522964
1.188217
1.774604
7.949059
3.373091
9.699289
9.812185
5.695119
7.431087
6.677192
1.492419
3.167688
4.117321
4.352126
6.894126
5.550120
5.244264
5.113606
0.042346
7.228813
5.192325
3.757785
8.082281
7.218674
8.715285
3.233299
0.450355
8.647636
3.144559
0.547385
2.669473
4.226051
1.211266
3.892183
9.809008
1.628025
5.458333
8.339318
2.675237
0.975110
2.518114
4.861698
3.104657
1.811613
1.716370
8.245832
2.502331
9.882668
4.178452
6.210046
5.580866
8.534009
4.519839
2.373029
7.764903
3.219430
1.747711
9.465903
2.333150
7.116200
2.638203
9.861128
9.720335
2.061021
6.790906
4.919640
6.239162
4.293485
2.604589
8.901072
6.619465
0.864790
5.236869
5.124393
5.376805
2.986006
3.520209
8.859878
3.177813
8.531019
4.165611
8.554526
3.544547
9.012503
7.235798
4.226832
4.789255
9.176187
5.991856
1.843476
3.609892
6.605797
3.268609
8.469286
9.769761
0.907317
2.989914
2.373828
1.970374
4.382931
5.386751
7.677223
6.928416
4.705792
0.477855
7.980318
8.035651
2.473621
8.623203
1.103764
1.435977
1.607209
2.769037
7.918758
4.421397
2.863950
6.622686
9.495914
4.252747
0.032353
4.384841
1.452130
2.226815
0.003564
9.225910
5.122129
6.495152
5.104561
4.295080
7.251580
9.204401
9.445078
2.433645
2.165520
7.791676
7.247345
9.763888
0.206719
7.428377
8.024009
8.033330
8.873460
0.894468
6.716832
5.544603
2.822416
0.983821
9.686088
2.759662
9.049508
5.841839
7.890849
3.144334
9.528256
7.324557
0.928092
2.459735
2.313701
1.660679
6.891191
0.208087
2.291348
9.560000
9.774942
0.057632
0.760253
2.481696
0.071422
7.960741
7.166784
2.951988
6.286700
9.372252
5.763192
2.444630
1.261603
2.075820
1.838176
9.185691
3.522290
5.138050
9.570863
5.645227
1.796763
7.840794
1.599148
5.877177
0.253671
5.620948
7.758410
2.084221
5.341394
9.091932
5.075851
6.625586
3.617056
1.999945
6.334577
6.971989
6.736719
7.551204
2.331815
4.252467
5.423679
2.850845
7.474915
5.876392
1.014668
0.314682
3.723612
6.972016
3.332538
9.950166
1.115790
1.483306
7.315778
8.734125
5.783346
0.064587
4.857285
0.257754
2.943372
0.863701
7.939877
0.222620
1.131976
6.497907
0.468876
8.184508
4.132704
5.815670
3.230753
1.945713
7.710814
6.894048
7.330376
8.959501
9.631570
4.134238
8.516711
3.746612
4.218851
9.457904
1.761215
4.470379
8.677072
2.704421
9.531372
0.058490
8.266227
1.169173
3.426791
4.934990
3.831073
9.309612
3.194752
4.266585
2.000485
4.868420
1.899153
3.032914
7.167299
8.481514
2.333394
4.842933
0.486704
1.429029
3.600283
7.915417
2.049649
0.295566
8.389949
1.775970
4.411385
7.268694
7.671054
2.360341
3.824137
8.332638
1.448778
1.318456
9.553892
1.552488
1.250657
0.520045
7.411699
6.517128
1.928127
7.724162
0.256715
6.662499
4.522768
6.745121
8.668547
0.998865
7.740332
4.799121
9.397467
9.948982
8.461112
8.278974
9.191152
5.741928
3.799105
3.795720
6.525553
2.854597
3.948034
4.721727
6.888615
5.575861
2.453899
3.778557
1.435834
2.171424
5.844525
7.843920
1.898477
5.145371
8.882535
6.443917
4.154132
4.036723
4.756442
7.089205
0.616729
0.048150
9.366310
2.863620
2.710649
4.766106
9.853196
4.031595
5.589917
7.168839
5.059177
8.645722
3.806511
3.855383
4.085444
1.446414
9.655676
6.721672
0.414655
1.956593
6.926856
0.023015
0.162756
8.508108
4.562328
1.470636
4.967269
1.150604
9.276779
2.369230
9.927404
4.017513
2.945213
6.422871
4.165099
2.482570
4.192534
8.350200
5.697805
8.169918
1.775481
6.103311
5.791055
3.170282
6.344356
1.193880
1.111399
9.135846
7.683641
0.627376
9.565185
4.545120
5.385562
4.205989
4.747451
5.777880
2.935409
8.225816
1.116573
4.620780
8.735332
9.293717
4.588505
6.673762
2.987427
2.113877
6.703520
4.919661
3.214194
1.659526
9.627152
6.746983
9.676414
5.485597
8.413195
1.102693
4.128462
2.830033
7.786157
0.871683
1.484930
4.375867
6.970433
0.745016
4.350705
4.251689
4.788152
4.387914
8.348726
2.220603
6.162813
7.323722
0.777656
7.791979
3.832340
2.556371
4.185566
6.439963
0.019934
6.337044
8.342033
1.776307
3.104543
9.569918
2.934975
7.596277
7.569757
4.244838
3.599495
6.193017
8.553966
8.336227
3.972410
9.957658
7.083442
1.102977
4.556490
3.085568
5.260810
8.173509
3.441911
3.795732
1.593045
4.270918
3.364143
1.911106
3.747445
7.642247
7.149087
3.996658
3.006531
1.286343
2.778272
5.087309
9.296157
3.196173
2.683552
4.063395
1.327797
1.777411
7.603821
9.755985
3.664861
4.614879
4.538555
4.493872
2.046589
0.319417
4.608412
6.826317
5.072663
6.309257
7.852168
1.605685
7.049734
3.845110
4.724571
2.353018
0.183148
3.584596
7.172476
4.619740
1.397362
1.199109
2.598828
7.659442
0.341168
2.280388
4.670893
5.576030
6.534792
1.296102
8.702237
7.887436
3.480014
4.701999
9.614569
4.268617
5.794345
7.516159
8.176210
0.349760
2.005145
2.340653
9.364035
0.420926
4.443851
5.597935
6.537221
9.469228
0.351410
9.097948
6.281279
2.715333
7.405927
1.765468
1.004844
7.050895
6.914143
9.417714
6.586950
3.125727
8.436524
1.680397
9.984391
4.602798
6.848314
6.422784
3.630789
0.829227
2.654667
8.251046
0.174344
0.837921
3.519089
3.838036
2.519499
4.427512
7.567661
5.149434
4.146128
9.609223
0.628526
8.001554
2.114737
8.221826
8.865869
4.842919
8.324166
4.126124
4.516724
3.562139
3.406060
0.108260
7.925163
0.131461
4.249883
0.628044
1.917486
7.896291
2.234388
4.489682
2.692196
7.215189
0.612846
8.305680
1.159025
4.203949
0.793259
3.118826
3.780239
5.790713
6.690992
2.175381
3.194242
9.557312
0.120985
6.092784
7.097726
8.739643
8.031191
1.747064
1.108212
0.420513
4.214268
0.686478
7.504855
1.196447
0.493409
4.247422
6.118104
3.364064
2.260667
8.641796
5.144487
4.795064
3.871177
8.714304
6.184395
8.025324
9.474580
7.855818
0.836473
6.692028
0.481894
7.855072
1.137036
6.461399
8.625677
3.958627
5.791057
0.955895
1.307472
0.887805
2.839639
6.011498
9.927279
5.777677
9.942696
4.128297
1.304169
9.411545
8.066263
0.968364
1.916915
4.574972
1.736787
2.350888
5.711628
1.365578
2.302742
3.568399
8.498364
3.307685
0.421033
1.321408
8.971125
2.100793
6.891843
7.202508
1.517101
8.848178
8.673487
9.003766
2.020351
4.655073
0.455979
6.082361
5.950010
1.283496
7.797268
7.647849
7.816336
6.036403
2.349140
8.604010
2.576370
1.500319
2.230689
7.666187
2.753503
5.539807
1.931216
7.736307
5.880160
0.948045
3.301995
3.321060
5.359143
7.087595
0.105233
4.390122
4.339092
8.884891
3.556852
1.129270
7.318560
1.923542
8.743658
9.832104
1.091391
2.433920
5.473092
2.121495
4.516125
5.250605
7.519460
9.521093
7.662940
2.258352
8.708712
3.936389
7.215412
6.604025
3.964016
0.729405
2.049608
7.650767
7.812447
7.961204
2.489580
1.949853
5.808537
8.796724
2.577825
