157471
238201
321502
86854
411896
463148
272667
428910
395769
52595
285240
417171
563490
568601
307317
610284
549708
511277
558018
266121
582610
309724
458389
481202
13412
120811
117902
369920
299277
250971
127886
527534
201335
557745
651608
76471
105116
626175
326008
172637
461436
175648
285582
385373
378804
237161
380865
332723
164037
265028
357527
43464
458478
191220
399151
441611
232415
204729
167732
625898
126474
628889
255320
324250
652847
117169
394012
160805
338345
381043
255839
69490
494008
170495
410497
530021
40685
588739
225845
414421
638950
410023
164156
561241
531605
92954
452552
236286
433417
300191
294017
540248
237822
415349
649474
317353
503246
97136
19847
634029
409719
583114
171821
633492
84005
168837
469393
80354
421026
193397
150606
250453
517280
40246
435649
489699
51252
405471
648308
540093
201255
75115
549670
286278
151980
427656
455752
340
170225
97536
72184
367272
185818
577183
80979
400030
160548
269078
562249
240921
257092
507951
150006
62946
629191
385990
581542
619339
149899
487109
280608
544556
52028
619586
344150
622884
331321
532893
427742
167679
595052
534129
11712
112260
378742
17087
426636
497953
262669
412565
254182
179422
554952
623221
57129
362202
548719
526130
442977
111662
306775
132541
143112
102527
20427
118274
25021
397100
389368
153070
214223
24053
497779
485391
577409
550477
524548
268828
118323
386587
181690
89808
273888
210963
576800
178800
344949
289036
215228
221829
455393
534433
46182
1023
141271
97771
136031
105456
393252
192113
393325
599375
533711
586526
558552
278298
165731
289409
461653
329731
567989
247719
503882
280722
481080
463916
101747
636021
197157
126759
547618
41010
311841
63501
422775
132222
647048
610583
596940
414949
225335
242514
401418
21857
486037
382815
319713
99552
639388
129923
312523
447695
378510
114199
66058
163152
496847
500108
4086
329909
566514
52805
128903
527482
425751
473912
91478
629937
162987
477460
57367
615397
118454
76891
196169
650883
425906
633028
183775
41029
6705
436847
618531
48653
238823
98835
208187
285234
227881
85883
258378
316260
275080
614957
69890
592992
359811
498187
33921
99006
532402
224501
654336
77380
123402
510186
261326
359554
405039
391150
605877
267473
573305
121912
468246
345058
116616
476102
395730
468436
420090
473134
337325
82367
258564
277942
109472
427083
94230
271280
202230
154201
109267
587647
378954
204999
467545
78375
494663
299680
564795
118013
652189
562875
153516
8786
561448
46385
169327
600268
417060
600000
363021
280251
182355
382956
273308
60066
477982
495022
367440
579010
85281
224024
485765
133351
460075
367411
452422
121526
129508
460775
285722
647573
371115
168809
308297
464229
574641
209752
358685
363784
228304
27140
70198
460152
606544
215301
24472
360374
491371
574717
19030
370763
591251
60571
545863
411143
29397
322466
164727
224905
449596
102297
197526
370799
558287
1921
318899
522711
437515
126890
603782
190103
558936
444919
643388
44633
441623
46929
156948
602576
534077
194252
522243
17620
76253
385267
390065
308017
330196
60253
475292
599595
99844
332250
601790
266091
485261
53399
562334
636791
412504
225360
363292
262807
509159
418402
86482
249111
254106
269204
207160
567855
483010
199149
498213
137739
319472
43389
158994
102334
418854
70074
293357
395369
512202
579369
204613
181918
630057
221268
373264
640256
372406
494253
407258
349203
318691
210800
293116
360554
468315
562774
58557
400675
374021
150542
653325
284573
183573
186156
122000
159932
220258
542809
653542
297363
572157
437538
217551
188591
259379
602866
208531
579828
557396
138821
332495
414488
368195
612335
375927
404720
487523
635980
437942
303607
234294
11357
385286
122638
95759
387581
279632
301785
516236
410489
270814
104591
473224
524098
455407
56502
410535
308548
279741
110435
280763
534563
391995
403103
171595
49869
637759
302476
380845
69182
426487
216706
503672
110231
335110
110806
430059
352887
620206
414154
29332
5384
585579
337239
96281
62135
254768
193351
238126
546606
457475
568589
494435
52214
567241
64209
526718
512310
605485
124025
84542
631632
383927
181244
180067
330114
355491
171696
408017
117451
415032
430184
645227
637134
328313
152458
184392
86666
67315
119953
644999
394415
610002
84027
14590
261665
11800
64255
626667
211499
214521
464032
99303
264458
451107
505957
646874
390889
577119
92988
69729
542346
480823
623271
208323
142425
75114
98036
246789
619210
282800
378277
502316
536189
534419
240026
125104
328162
623744
378845
251606
153738
99773
349795
571060
125060
128646
514975
457479
310994
22827
355687
301209
569781
170056
645433
424935
182317
130718
120708
18621
525132
316786
487234
514912
279942
492076
29061
224609
14578
475356
456755
425260
477253
77876
166338
392582
72704
132750
123486
204900
204798
83713
134055
359698
572052
598695
102864
128868
18860
233430
225317
136595
570006
328224
590314
438628
183651
201835
33116
161996
380716
30587
258704
57025
98455
271126
91238
196157
46235
247927
393513
34367
345513
322445
482204
549171
356436
577369
551816
92944
484784
532604
556633
617396
376991
114998
28780
42136
586989
502406
375665
61961
297617
282907
233452
260748
640280
481399
355331
473717
529495
651378
527903
97990
365636
16267
473094
57561
468172
86394
510384
164326
324448
110345
82279
53113
254148
86510
349147
17296
85078
343116
600943
17663
139294
366817
78103
89338
116989
515314
110320
291434
422001
129297
655130
404884
209570
106058
488411
375204
178848
303634
240219
355566
140660
302125
487295
264697
271179
310742
187842
180383
165996
512553
478911
151515
191334
461337
27151
165369
282175
207734
362174
83168
240799
190173
260259
592977
471903
442762
233924
87434
293103
144060
174352
249998
488609
337226
382541
570336
42847
132239
488388
621419
135783
154427
108795
472540
370694
480163
622124
342873
556523
411904
133877
69293
517032
584932
54791
66261
73351
422953
412590
201152
382490
63535
95702
151561
386230
251940
73386
431721
326681
35996
187165
35089
328481
619625
214411
380237
455903
194416
304007
443682
174142
112996
472580
418835
440558
494263
482886
617026
239776
317417
169428
49572
24332
487065
425609
420729
304360
325645
375359
293948
318004
411380
291065
177773
383310
382254
512570
427836
39575
377449
637571
551803
363826
369365
385122
239608
431338
330070
64260
624179
62552
282454
306086
551371
22133
568890
409767
618843
574781
626057
346953
274782
409695
244340
8276
343042
616932
593442
502441
164315
486896
456613
534486
446486
442657
642851
486435
285892
646106
360632
327122
613259
580150
372054
528482
498095
155231
216235
100508
32025
389221
237558
316060
300434
156565
119222
98746
400363
394836
438762
630642
79445
360048
507916
190949
25154
32838
496062
119139
30179
26940
3225
576140
283066
212736
434094
440266
325944
181367
158591
98969
89187
574910
254205
528992
224984
341311
263800
129030
571729
510499
316093
388678
199437
490023
260968
391379
577660
104509
245630
438088
615341
278887
635614
257562
110461
255587
379272
429473
144025
168535
493699
147953
549023
529922
476911
582438
209178
121848
533508
568983
575803
651284
568748
132617
354275
229382
337473
109489
616908
444621
398392
191860
309158
149663
169076
189468
573622
369943
208349
12968
390080
540367
67972
517362
466357
8096
378214
141415
401858
568875
577815
73361
469092
257022
174318
3388
349758
54467
389831
560589
306880
342680
231047
536306
319073
594064
633877
456569
143670
97574
637918
436685
347838
16849
610620
113454
571908
318433
18559
530256
604153
630432
9265
131993
232850
485209
373103
489693
440420
623965
600152
442652
323654
254360
137700
520487
329186
227343
362776
216120
184815
427831
618695
97701
619742
473148
222115
198670
176580
525926
108081
526292
447302
274786
114602
60962
602053
166846
205782
325779
149443
197940
608031
303558
525600
624779
608514
79290
99194
651487
446501
447687
570685
637113
69906
205331
398718
463837
365648
171561
39247
427261
648088
377608
287268
97809
88200
579996
215693
363687
20311
484300
325578
471903
451777
104484
74256
266752
653464
93917
525576
179839
355537
271526
318916
89185
163494
590874
375840
567493
223437
452427
554966
122114
275334
536576
554621
49648
41011
423002
492856
221471
406247
401136
84619
427200
173806
74588
300974
419793
115098
68599
204897
655044
78229
155840
297244
419458
624083
508170
285233
113442
551688
76138
508371
429399
518227
297320
496740
463113
606091
252541
283339
584077
2359
122211
382046
346122
446323
214478
179847
270217
281269
563465
389779
462803
119961
50296
224793
438326
591075
612595
346363
462497
194139
446896
497475
171682
514753
636684
529453
549816
87134
189368
652135
93975
196425
486937
134326
524364
304843
70101
482569
1547
108123
496646
194436
430548
517332
496191
33854
162483
325156
91549
106456
305164
509700
305298
546885
346581
498571
270608
323257
160304
363917
360057
309899
446799
512434
91285
515692
254892
1967
179721
190322
429495
366453
53573
359421
240627
9751
413108
545286
164027
46647
568225
182323
211671
131126
547587
298034
549359
470513
46356
480984
412958
83972
110951
617743
285652
625908
60285
447441
351277
576346
394863
439398
554614
102371
412938
213001
171023
136596
133224
64009
306686
319234
503238
453293
446254
96631
563619
188539
134946
21251
474068
547857
536298
328155
525692
463095
384724
564389
392146
271869
524635
57848
162090
378504
294666
335281
25707
465639
430168
186117
177768
1871
538423
583640
37484
466434
69748
326117
249515
65953
634764
286751
261332
585925
61716
384125
489163
412006
229864
227543
580210
55017
224197
467162
33739
579769
467946
413649
106593
581056
130690
532841
566111
649252
318422
302933
123924
385304
31598
462527
499299
563199
428316
304083
585698
374623
516027
391038
257458
71586
432772
269951
538331
442116
2202
599901
398288
350190
252790
127831
475479
521518
579774
464600
535460
605896
130729
1303
583432
216958
436942
495042
506115
314666
51598
200275
216066
151766
172350
114941
179138
117131
275760
279568
14082
312418
393075
463453
90936
310681
30302
540852
515717
621037
371479
350108
394730
607051
344837
1771
559695
274405
237204
115784
158291
515137
429978
475321
427070
302960
334572
399619
390610
463513
5641
131498
586602
476589
457947
478228
323518
187413
603749
198113
369389
166108
278264
137993
563070
395656
230770
169528
394739
646558
465901
651346
472770
10136
625699
81023
605796
62197
595690
643253
30263
48652
520539
374976
638828
303
33867
629968
262676
136361
101604
55284
298192
651999
81901
284253
276586
59882
373445
340359
492403
282055
183618
122029
460321
396457
127201
553830
262786
531837
304443
486103
127789
139622
275979
366527
325726
198993
563895
306786
644029
177460
373313
161230
62714
210632
545445
156996
471800
560684
435775
158001
6880
304932
37789
70235
13912
317597
394160
291629
449128
277070
251094
403102
289530
502760
7722
149616
85590
302683
28731
280198
74847
24379
341352
253378
357609
132830
200278
408530
644444
538084
403921
41660
610998
243906
601354
461664
101377
363177
559755
437388
103072
114245
575712
235732
419712
173807
416220
349159
72952
330791
28040
1552
60918
509168
80911
591202
120438
264140
249663
4836
17552
147136
293374
308534
319252
20255
154808
360639
517599
268851
258366
162976
535235
55962
118497
629354
281260
120109
256694
45855
23120
625865
587562
72478
19910
338854
514301
637558
397846
51979
600914
349654
467399
225857
406227
546502
597861
448420
315088
641630
414166
353142
344708
126919
428301
61915
163098
148382
171024
431504
488079
608042
124452
600901
503164
349055
62379
87565
463743
497524
463184
381883
650315
352516
20754
69978
137506
371861
622699
441360
303953
49178
239091
452350
265758
573869
349504
438265
121224
133577
560311
32500
651036
63788
258399
574034
577035
192456
211458
227526
418129
329406
201957
362669
262621
331043
608193
156818
25540
38467
414463
563717
653101
616591
638616
266868
121815
129541
622376
207485
508447
210143
26331
2852
16970
499052
574288
477267
648069
402895
317185
590508
398307
598424
187583
555793
180801
65004
595059
180218
439688
407284
588354
552070
563702
244152
255617
305292
459642
548439
242057
433204
320424
524905
220583
54243
307545
438895
551759
569789
111809
442810
16417
205194
588532
22029
226834
26086
162016
423899
48134
489284
213446
608217
540270
515546
99062
238023
303209
105811
462239
602286
354962
450134
106093
563861
636868
186140
177449
241893
133584
62371
246100
211174
188573
531588
486509
535813
536593
161675
429949
602711
426335
604031
530134
304137
23899
275820
613992
544581
201560
283058
235167
425502
390631
158909
514831
411330
184860
645578
454607
3070
617599
503048
307669
22261
341651
515647
420641
466511
312292
580092
635147
72270
264494
286974
116457
561495
21665
297239
360805
398
381576
437140
515320
540727
382334
614141
590455
410207
164332
485741
173809
16858
565900
46580
60541
21618
249152
277757
641402
303200
396556
300362
444122
375207
492749
568960
243776
77437
151752
120745
634619
111438
13496
164237
543500
566370
483429
145105
625770
138287
238403
170811
46614
423521
135474
368502
108866
647936
125860
150343
427260
228520
345316
372117
289849
124161
385212
482464
39593
613769
632144
526930
229646
22433
251836
554512
287907
306540
448442
396320
375782
138337
438032
77393
1381
603103
508307
309767
422482
241212
406277
215803
557406
103170
615456
511373
465209
195756
593029
343078
189709
6850
579636
329000
46845
465740
367107
28120
544087
466472
575814
293588
77421
232265
320307
149648
405944
102728
644445
67298
11027
643853
174913
37053
147931
151847
154467
419854
198164
198452
432368
171594
495254
231949
494890
20063
313171
204820
360913
263212
37432
447443
355348
437244
261646
327162
257286
598861
497335
104817
84805
195309
546776
532682
319330
431600
569950
167276
556186
347310
383754
124799
488427
62422
61802
641319
176927
494456
448782
390352
409927
572760
408157
601793
42155
550364
559167
342904
428419
200107
431259
155729
469574
330209
447500
389676
497959
164714
120928
203492
389278
209584
118565
3520
110461
455161
96730
89696
161942
560202
286239
603421
535717
159102
68975
214943
251224
620430
69381
224725
393066
102791
309717
297505
269805
653702
333402
308829
279061
411498
444027
388715
629237
652526
29727
655317
607924
253074
314259
333607
5502
330975
381660
59501
165464
471993
381196
544321
564121
477441
203328
578534
78368
113910
138126
279781
236818
624370
65180
216121
7332
647381
637853
71970
475209
13040
100751
541622
374843
136044
336461
111571
640807
403039
51785
5762
235615
520460
351516
440611
93778
191459
202264
284968
304826
472642
210362
14294
248075
531741
117064
280771
23672
13170
17428
314316
291987
247551
85593
644437
601742
276160
283062
114201
295493
515750
500548
277202
111759
331162
610961
515395
281942
539054
303802
29678
505352
136674
225525
614304
574040
43863
116947
354586
62807
174392
602787
444231
190969
493740
70600
137265
282294
599280
215361
51099
631162
267835
271403
514368
607875
651409
140984
97153
300308
203148
544474
5398
335154
47870
496564
546980
614719
122461
190409
113462
414165
184626
414808
617401
558830
77721
561570
405250
404359
280006
11356
594852
332030
124690
202701
295672
237221
215423
160062
45895
644463
309988
604813
97676
425876
33079
132479
313718
99518
624850
489936
433701
95228
141721
325365
107210
626436
351017
518775
595384
214522
311143
578169
115566
627839
79172
400361
475031
531403
158514
339159
434962
252406
527255
380484
226260
597350
488952
408232
504769
373331
526523
519584
406675
126506
131975
211444
294475
595346
55605
157493
67128
619666
432453
383123
365190
488155
407419
329602
371113
52310
431185
16559
152846
457847
593837
346852
328261
479801
129963
96138
417057
208137
372997
47385
626660
233493
230541
515501
446981
124007
514956
30039
398246
494504
432083
653889
381604
183742
452148
459774
89992
228258
384695
647475
235284
327732
648087
419645
330389
122244
28692
53377
491720
594024
446913
258412
235945
269534
433950
467824
79811
5823
559933
69229
146970
491801
540957
314693
561402
510346
137559
636970
299632
414963
299587
521245
649113
52770
501829
164898
154960
106436
10754
631728
347885
128186
362562
558042
374390
630003
433027
370880
631327
625380
390397
18208
363180
237589
153565
2294
523386
76361
155883
529199
176802
464494
298248
634031
509758
275639
484209
537717
285712
331113
136541
622809
152744
190077
346707
458897
69396
157163
640941
323556
530710
399275
321991
26562
268377
248224
292426
286593
10745
304791
221985
431987
301803
60520
633967
313698
260879
262741
40203
520250
627977
589625
134477
467928
82268
121296
416059
54184
419532
260026
440288
530061
524701
168638
530679
357351
613394
156146
583164
146708
132097
527065
591649
594865
353665
63191
333790
440476
156174
200036
117713
610969
609734
643212
100794
250120
609617
191251
561517
613253
237206
447992
44646
426913
131150
90895
403427
56978
644566
598836
168153
519664
544550
285810
450685
308273
589956
40384
147682
21282
518415
492615
486355
402952
248661
33389
453678
350466
290393
210855
23918
245042
309475
556966
214753
315363
518616
92440
218977
574280
428352
11228
318131
129
313133
549669
596140
18765
151347
154132
376939
480517
213797
476416
654635
563197
367728
18518
529676
306149
326718
117130
359773
215529
91585
413020
210902
163473
413615
605974
400397
627765
62238
307987
476752
342293
583026
634155
308096
399338
590956
421178
159272
274788
26923
132486
454474
16324
25584
215784
173782
236634
589512
426892
531035
649672
242192
527610
40991
543079
32954
593155
406457
26407
650343
281832
489088
293268
222391
571975
549543
47033
178118
368415
578949
537593
273817
65793
309880
425864
130591
642803
467569
45708
651622
542651
524989
606428
10754
82799
306568
254164
163417
343380
131209
150454
333389
152678
548026
442399
176995
255773
7485
622031
311906
15623
562269
476114
284784
80468
625106
64114
9033
182930
372813
98016
403665
580440
624627
49459
171013
87900
74735
164028
647058
128232
167128
57281
165418
553139
635888
302365
165270
326450
597984
301748
263295
598374
619297
391332
512237
435502
58110
570697
473036
310985
99314
94661
369813
631049
174616
279972
43998
536659
353907
552965
652161
20783
155859
545285
641845
889
254375
154282
447745
12303
63297
509343
614181
111075
516903
266139
57465
563143
51308
59719
248128
209898
309045
624103
366285
21479
535431
155427
447239
643533
212982
109525
270183
410691
245796
292711
486305
496509
450397
240168
62337
355346
432869
181890
123656
476546
545105
289234
320188
644193
628903
110887
59101
211763
446624
9070
328911
446192
280714
293500
358850
455535
456379
188483
295367
412134
110301
366853
64101
648066
413142
248454
79973
341528
623093
191960
157915
521058
28155
78647
297878
363979
224616
270324
149029
398778
552752
42307
363197
22871
650986
430321
183926
514623
571879
297265
540172
425090
234134
452817
556870
613422
443530
553051
50397
387240
78710
356691
198497
14516
137085
79996
81073
450392
184371
269320
144120
499827
272101
439450
302026
47701
18238
121326
402899
299071
265743
158386
121999
436157
69768
635383
423612
228403
198719
465995
94944
78504
78784
426734
600984
309064
452245
335414
559453
435751
12756
38219
173071
272260
308228
115428
324559
183902
386079
620136
135180
106001
193224
231591
315042
343167
377401
155699
529558
519620
139454
109787
399207
48671
473070
509026
99827
160502
353907
384282
277216
153951
459576
164527
6946
124727
263875
355296
311153
581323
630847
407652
263562
382244
304031
215505
289942
101091
114865
582101
287380
24191
287240
519015
241703
574203
339958
412079
247436
238452
403425
98007
348515
537354
642211
177541
444026
446912
414840
124483
507045
278661
166703
97290
422114
220939
393838
406779
346400
132314
453678
345266
488719
603833
204107
193135
627440
412419
449025
3097
596209
584254
632275
378716
472950
418861
265929
293434
281315
596542
369886
139892
139019
432203
621533
366280
202609
643249
194820
504847
443107
45216
492136
33317
630898
636942
593386
352011
559442
41177
193233
171728
120336
508629
209937
625776
276029
8673
481968
130999
114656
635245
205026
490293
509423
503545
14972
42056
564880
430074
310184
452358
113336
587687
545090
256985
404734
9329
229209
445533
393151
436834
422322
562871
525230
442257
468773
187580
486158
625351
323115
177637
30557
622976
419396
199967
71725
620363
233689
517241
129287
145264
105166
641266
255609
405763
195664
442249
654167
415797
169237
607801
441673
7953
172729
209632
493318
496603
223380
188353
62464
569546
361490
4997
431707
524771
206797
369783
598411
531373
46580
103407
317539
34539
2006
146041
32585
73112
161164
143599
134818
473777
362618
505412
201587
95080
407471
338210
380305
415743
499605
627392
135140
381330
168435
257677
347119
398681
17714
459172
41567
262348
172348
77306
8927
374692
548162
570928
439571
36094
169969
652201
52320
123688
370204
70175
46636
100632
432673
212676
16595
428214
302641
112657
213505
484352
278829
11313
374533
443256
558128
77683
209811
452885
2666
469308
357830
15074
101656
88399
329210
105086
224527
294353
286314
444929
588719
153305
62916
602666
614622
260428
382671
300598
486306
339376
130249
648587
230664
473766
350101
414234
266338
430335
529375
326453
471790
276155
221166
642792
204835
7384
512904
294246
63690
432875
533124
320932
220126
404087
228387
561569
12893
374439
510380
317595
291538
426123
407009
533964
5376
233984
418744
639163
94313
568536
372757
352220
311011
384627
128809
188145
325256
525861
201524
266679
487171
152259
339536
399753
503506
134460
139038
517067
195986
244656
509474
608918
158594
104846
302568
11352
463096
273530
635218
33235
55191
562168
71032
508806
74918
457001
576056
646033
64983
18472
397072
567921
356946
464190
353343
350308
628194
619434
26351
581733
453177
618936
614889
160454
114163
576292
544444
130769
290082
567306
136902
165363
400478
42188
96566
517533
121911
615560
120963
649466
453645
235920
395136
93072
1893
420313
52288
280905
83454
111621
11311
14072
276982
625238
453839
442426
303656
378304
190763
281994
469061
449309
64650
410591
123664
485174
644316
204107
31578
236459
620946
202614
452842
298703
24890
307113
498548
238350
61003
239272
166996
136452
365246
366632
159637
193529
21133
147039
112061
357772
189214
110660
563314
201569
408641
503546
500989
533031
152410
424198
84179
368173
319012
44205
378390
315868
232494
575160
24141
306862
253955
579130
329407
342064
590218
570585
504472
82547
420841
489733
459506
277615
333
484685
353655
142946
130611
575799
331763
457161
406739
173119
329972
285289
389084
78671
483751
312020
265674
17159
299288
255760
243541
433829
551109
647244
475630
35312
305667
69472
285006
313606
227807
165279
403938
205333
153904
392024
217711
75905
98618
249785
557333
526574
336042
358257
539275
229467
607191
469049
591632
196210
193988
532529
506154
9658
536712
155100
562266
71584
103387
345987
19754
603900
43625
70960
480260
402573
493430
516399
29014
288409
424782
617154
448091
220860
456988
537022
164817
229941
554250
391931
393576
646088
490826
391696
98107
480021
455044
546388
509980
532234
221393
599650
56005
465503
499440
435719
587744
320936
124362
171718
293429
313292
248122
75943
512509
256154
546709
13534
72271
379640
436698
134788
269813
59723
578358
449338
346269
601232
320256
498311
73474
347527
471618
561949
353239
553705
520358
426340
355719
248320
278314
315551
99808
77870
116300
520949
221058
635652
643051
373235
487003
437596
97807
207597
269832
285220
451813
363732
343688
335125
2775
473747
340284
246270
529680
473083
571164
211897
29514
566731
206081
35873
174946
276958
79381
255078
642843
106694
357717
546525
175324
63904
165027
318616
203466
118725
112484
540398
163992
647670
273839
406981
365747
559284
296212
155518
508880
210988
114537
620357
152905
466367
172897
646258
637031
135071
445048
322413
408889
281377
170694
583340
433813
56674
343203
335832
352374
195690
230700
580640
208261
559088
272997
560629
232295
590643
474205
277009
313868
601370
392682
120814
236577
432917
214211
555043
640271
59461
195946
155571
129130
287239
353026
503134
454060
308398
31316
522998
526624
162111
565130
72336
94108
105330
181471
518963
289760
187691
434024
622324
278708
2120
287364
95166
145936
233
604629
335683
425666
334532
281482
475239
603219
618992
159491
141919
510635
474962
639886
13547
486826
525861
526472
581531
58619
440194
363371
184969
64475
634787
180857
593068
382850
517134
206067
624443
480022
60823
161201
151630
108834
451621
13637
150165
626524
640610
3776
49823
162640
4680
521715
469682
193461
412005
614219
377696
160211
82680
136040
120466
601993
230836
336727
627236
369965
117752
513854
104801
385166
16624
368374
508455
136591
350053
595848
332650
434214
237047
131068
415142
456916
441497
494875
152817
278689
355446
186832
489876
385115
66497
20623
244030
456918
218401
652094
73124
97209
479446
572399
379017
4232
318327
16892
192896
56603
520347
14589
74185
425846
30728
536379
270840
381135
211730
127514
505335
451808
480403
587169
631214
270941
558151
245537
276486
619833
115422
292970
568660
177236
624648
3833
541735
76622
224578
323419
251073
610114
209371
279614
131103
319056
124462
198765
469716
555844
152921
317386
31896
93652
235948
518744
134325
19370
549843
116389
289104
476361
502730
154687
250618
546087
94947
86406
626123
101743
81963
34081
485733
427106
126361
506210
16824
436633
296404
442048
568101
65461
507270
314515
615872
652016
554507
542570
602351
376303
248978
248756
427658
187078
258738
309443
451452
365419
160818
247631
94098
142306
383026
514059
124418
337207
582125
422308
272245
264550
311718
464598
40417
3155
613830
187670
177645
312351
645739
264214
366340
469817
331558
566606
249463
252666
267743
94792
632794
440511
27174
128227
453958
1508
10666
557587
298996
96379
325534
75405
607963
155269
650602
263291
193017
420929
272963
162697
274761
547238
373411
535423
116357
399986
379522
207767
415783
78242
72836
598726
503555
41115
626863
297868
352948
275643
311128
378659
192374
539087
73175
302827
572478
609073
300712
437371
195783
138535
439321
322414
210645
108758
630925
442170
634153
359504
551367
72266
270562
185469
510273
57126
97316
286776
456814
48825
285127
278638
313796
287566
547142
145529
403886
479967
50964
510655
251156
167534
274305
422049
1306
415304
546703
116412
203459
627174
192346
497829
496091
278189
235896
405865
560592
546323
260335
652585
464220
72284
298614
202215
344772
535659
225569
248757
104401
279898
220472
125246
245592
500842
468522
261924
197036
84301
182076
333401
609232
209464
175869
266298
87018
116484
498324
639368
240180
302440
297438
294510
134125
20933
302016
447369
332442
413483
514599
105230
462011
251993
309629
154207
12002
234920
470055
302759
91577
78584
170316
501969
22358
149447
306111
365430
428264
84941
570309
516911
228066
308150
630100
279748
379738
492578
535836
22921
131409
153397
613681
27585
291232
366866
428423
620575
23029
596243
411649
177952
485354
115701
65853
462087
453125
617199
431682
204847
552896
110126
654337
301648
448811
420923
237947
54344
173976
540740
11425
54913
230627
251529
165117
290161
495954
337473
271720
629750
41191
524389
138591
538825
581033
317385
545532
270409
296008
233448
223219
7094
519383
8615
278520
41159
125664
517491
146432
294235
176435
472854
40163
544321
75957
275510
51987
204395
247741
379500
438500
142565
209337
626348
7928
399296
465156
572761
526332
114495
72627
27558
276186
44989
491838
78410
32336
278359
400956
220467
148155
566348
337149
314249
253701
571100
405300
525947
620926
514838
54819
438568
31581
514789
74516
423454
565292
259432
379522
62645
85686
58183
186098
393969
650594
378645
651604
270552
85470
616795
528630
63462
125626
299825
113822
154067
374317
89494
150912
233858
556948
216772
27592
86599
587931
137677
451663
472023
99424
579874
568425
590070
132405
305074
29883
398613
389939
84115
511001
501209
512251
395601
153953
563872
168844
98324
146190
502411
180453
363056
126564
507006
385362
62131
216399
217649
351216
464492
6896
287711
284366
582280
233101
74007
479629
126061
573024
644356
71525
159509
358684
139034
295968
344103
492795
623974
502198
148003
570734
257975
472869
432801
259785
47802
134323
501400
511996
521745
163157
127785
380668
576502
168940
