63838
59527
72665
63333
66905
66947
67931
69662
59645
65291
66840
62688
68089
64303
68497
60634
70124
71393
63388
65596
69937
73797
67048
65882
66938
63417
63309
63511
68671
58272
65545
64839
61512
67293
69768
66086
67935
64193
64460
68979
62602
68284
66203
66256
64929
70315
60008
67926
65703
67414
68594
66233
65116
66408
68446
63604
64075
70706
68352
67611
71881
68396
62454
61475
71392
60318
68027
64625
64170
70202
75012
69559
63969
63490
65808
63006
63052
60521
65016
66929
59682
69387
67388
61347
70360
61908
66479
62535
64223
68796
64802
65596
64911
65790
66572
67798
68798
62938
59018
65423
64859
69095
63140
67202
66093
68848
63887
68685
69494
64338
63897
66491
65852
65426
64514
64011
65839
65228
65217
62907
66347
64741
68645
67420
57261
63366
61011
59071
64130
64942
64781
61986
62203
61512
67003
69617
63535
66464
60998
66679
63347
63127
59236
63249
66081
68673
65971
71513
64306
64559
65551
64397
66166
73380
68899
64925
64860
68360
69588
64959
65544
67714
62401
65389
62055
65248
66089
66400
68810
61539
70124
64562
64846
63812
62021
68751
67463
64645
62419
62161
63534
63502
69134
72722
64486
68821
62825
71968
62399
62225
62841
65933
65563
69171
71050
70468
57515
65600
65469
67850
64314
66719
65305
64815
69099
67133
67683
70857
64799
67902
69874
64429
66151
63520
65433
60187
66709
68386
68097
63002
62848
68381
62391
64286
67596
61369
64488
62139
72146
66515
67151
66525
68935
62239
61560
62396
68296
67780
66539
64055
64379
64283
66967
60602
69947
67214
64186
73235
65952
67678
65362
67503
61266
65874
69361
61668
67497
68100
67827
60375
69693
68517
62814
67651
61529
61811
61585
63213
67224
63595
68248
66988
67056
66912
70201
64766
59661
62838
65680
64257
70623
63209
66971
64104
62625
66837
68889
61829
63110
70913
60607
64851
69196
70400
66360
60808
67196
62520
66175
64981
63590
63734
67186
67017
62255
67115
69143
64453
70328
64729
70310
73903
64943
62239
62020
62347
65072
66433
67952
64090
68019
65283
64584
66482
66166
65106
68090
66009
71014
63641
63306
68817
69032
70026
68615
64264
62439
66089
68022
69833
64386
59469
66685
61433
66363
65224
63498
67518
64375
63892
60869
71057
66305
68382
62222
70183
66804
65566
67183
68571
69323
67131
66562
61474
69735
67432
57133
60501
62706
64524
66994
65467
62522
68671
68623
62724
69702
60642
65845
64397
65146
69314
62422
64509
72211
71267
70133
66685
65771
65597
68641
66213
61360
64829
65103
65728
67942
71255
64144
60297
65914
70343
66339
63006
62644
66948
65544
70349
62473
64443
65295
65623
62229
65569
64061
68249
63851
64379
68854
63445
68971
65017
58505
62165
61727
71203
64284
62479
68075
61829
61977
63323
65127
64777
64975
58197
64182
65862
71512
71572
61692
69173
64034
65825
65443
68180
63260
64630
64894
66427
66157
67006
69472
72520
70350
63348
68236
66296
67929
66269
64527
63953
70911
66897
60491
65221
61255
72450
69242
73520
60541
68411
64601
68907
68888
61292
62388
65371
63105
65538
64028
69948
61960
62566
63986
58055
64868
62722
69026
66314
62135
60185
64026
60597
66259
67358
66063
65264
67137
65504
63785
66224
63531
68810
64666
65751
75579
65500
64671
67996
61908
64077
63057
64494
64580
67346
64980
64469
64212
63265
69300
67874
60701
65493
65169
64395
63649
66405
59659
65162
66809
68279
70612
68656
65321
70333
62443
68477
66270
65407
62554
64467
64199
66142
61845
63634
64768
61180
72387
62955
64895
61739
65940
66846
62671
62962
65338
68705
59936
61967
64632
69370
66758
67804
69671
67871
64053
68307
68950
68911
63519
67283
64501
66618
66260
65218
65670
64185
67040
63791
59266
66263
65831
67027
67517
65001
67816
65286
65147
62286
61386
68544
58208
65862
64625
66157
70760
60829
69718
61380
68796
64981
65162
65769
69141
65994
63376
65803
67308
66114
61919
66227
69967
61086
71043
63365
74623
68739
69727
65651
64043
76623
69185
60469
62385
68709
68240
68448
66577
72340
63379
62878
69584
63338
65588
63947
67437
65732
61884
65114
72404
60857
64565
69144
71480
65665
70267
71355
64576
72291
65410
66594
68884
72018
69187
67923
67834
69668
65545
72993
63476
67000
65923
61324
72468
71721
65044
65890
66337
66053
57616
66511
65217
60020
58676
66708
64857
60099
66835
62568
61772
71052
65477
70794
59925
67230
64506
66417
67368
62925
68797
59347
66013
62545
64015
63351
67680
63424
69739
69758
64075
64222
65689
65821
67938
62008
64751
69339
62665
65136
62638
59151
71356
64036
65356
65610
66892
62019
63167
66744
66931
66602
67234
64772
65135
65557
66591
58431
58459
66766
66464
63428
69319
67676
61383
65226
58026
74002
65350
60390
63902
62533
62151
64400
66638
64350
69076
68318
65591
60936
68085
60545
68020
64703
64483
67678
67399
66975
61364
61018
58575
64024
61566
63293
72103
61907
61036
63183
60661
72682
60486
60019
59732
67951
69865
72848
66037
66988
65125
60729
64326
65338
60083
67567
66032
69601
62574
62591
64202
70020
61572
62788
65382
67726
70193
68392
63134
64186
66909
65957
63539
58620
67476
65187
68048
66950
64195
68306
66284
65244
65216
65724
69755
65662
62292
65300
64366
63725
64473
68286
63265
67341
66986
67310
67474
67162
68141
62285
70034
67276
69499
65017
69572
64291
66068
66577
62119
66621
61970
68185
67592
69405
68967
63127
62328
67303
70802
68474
65860
71132
63082
59389
69168
64100
69368
66020
69595
67417
65650
62214
57815
64997
68677
62325
62402
64769
66422
70710
64791
69239
65147
63142
65692
60619
70651
65236
67002
65557
61711
63082
70008
67469
60506
67891
63834
67511
65308
64548
62198
57912
69497
71414
68962
65015
66562
67296
65537
68402
65135
67225
68271
69031
65759
64782
63887
70261
62324
66362
66982
65812
69516
57866
67925
64943
65485
69982
72642
63987
59962
67769
62135
68059
64535
63862
65072
63896
66696
65963
73673
62731
70763
67804
64880
61096
67930
66847
65810
67926
65976
69259
65270
65619
60204
62563
63346
67962
67422
69745
65187
66321
66558
63032
63186
67441
67423
61670
62341
64934
61403
66085
63741
62573
68291
58017
62616
66818
66323
72327
66381
61407
72388
63398
61602
67692
66679
60828
70771
62445
60645
62174
63530
65928
65096
67476
65711
68779
65193
68331
61469
68105
63430
64068
71211
65036
66544
66146
66175
63349
65826
68601
58509
62826
68188
66556
67886
67602
66043
67228
68867
69314
60629
65749
70214
65783
62403
62306
66636
70515
67682
65549
64877
59340
66104
68920
65298
62306
60263
67251
66167
61023
68814
62804
66673
67558
71196
65472
66863
72763
66296
66566
64313
66000
66074
65954
67896
65794
63298
61676
67373
66436
69813
65606
63791
61443
65311
64351
66221
65960
64554
66526
59496
73119
68334
65570
71634
61875
68307
59580
57723
65999
70072
62920
68367
70724
61186
63510
61039
66063
60604
66849
65477
65250
62242
63465
65243
66479
66192
66779
63239
71749
64578
64831
65337
62653
64350
63959
61732
59698
67916
62344
65607
63641
60495
59997
63290
66965
61786
61025
60027
62719
61983
69937
62308
67886
67694
68877
63543
58361
73329
70129
68938
66198
62756
66012
63558
60902
68856
67899
65263
64540
66992
64191
63850
67765
71291
64724
64198
63048
60406
63775
54351
68426
64070
60175
67135
67009
67927
63164
65147
58730
59285
62493
66001
62123
64470
68465
61894
68329
62629
66641
68257
69637
71255
64341
65231
63650
66566
71309
72507
63223
68488
68557
64829
66906
64073
67773
64268
72341
63448
68556
66683
67760
63102
62958
67547
65229
72609
58196
67271
60676
65286
64754
67966
70155
65087
60517
62017
70192
68111
62970
68337
65599
64569
66031
61453
63311
65888
64195
60740
65803
61272
63654
67492
66958
66536
64101
64091
73000
70452
61913
66351
63526
70672
67901
63296
66112
66242
63439
66558
67630
66470
63701
65477
56623
68268
67380
61505
62836
62339
58615
63638
65689
63653
61527
67711
71081
68787
66984
67536
68442
64538
72372
72011
62016
58616
66781
70093
59178
66353
65404
70462
58192
63330
67687
64402
57534
68138
68751
69117
62920
66555
69475
67481
63707
67781
70099
69834
66890
63746
66254
63881
66444
61828
67354
64600
63838
70576
67500
60510
65630
69932
61177
65142
68229
58295
66213
66553
61441
67944
67957
64735
64384
65326
68514
63374
68166
64602
62118
68914
63489
63463
59167
68322
66270
62167
64290
65024
65942
68993
60177
68291
62437
60813
66821
58736
68135
64458
62389
73819
70049
69224
67323
63448
70207
58332
64892
67479
69468
66920
66013
71048
66468
65028
72299
68072
67881
72388
64233
67847
67330
61850
68435
68424
67230
63626
64612
69671
64798
66484
66230
57873
60991
61966
69544
63671
68491
61245
71949
63602
65843
64926
65829
68193
66886
61976
67283
69338
66900
63209
64656
64296
68423
71655
66481
65868
62338
66362
63237
68016
62686
63999
70833
65866
62633
74832
67962
62815
63749
66865
65246
66725
66607
62539
66689
63196
70770
65044
62291
66243
65207
68781
61414
63485
62294
64851
61650
68885
70551
63490
68356
62569
66170
61334
64694
66882
69090
69326
64080
64763
71474
69337
60147
62959
64046
66327
64703
66921
59653
64231
67106
64788
68569
65044
64086
70960
69118
65368
65780
65843
68085
67283
69269
65477
62277
63471
66155
63341
63034
70119
71644
65472
67563
65735
65280
68199
67792
68174
68999
63845
67611
61220
63469
63414
62716
62506
67903
65091
66516
64602
66793
60477
69000
70717
60818
66299
66444
62961
66788
64664
66178
66333
66530
64298
63024
61083
64001
67577
67479
66733
63036
58358
72425
70457
65258
64947
68420
60817
63375
65179
62379
67742
66885
62315
62540
69827
63776
64461
62467
67496
68709
64511
64235
67918
61829
62018
66475
71960
66225
62567
61892
65799
64796
66931
58561
69105
65306
63696
69608
61678
65842
65373
68223
70379
70665
62002
63718
66186
65897
69071
69409
62112
59313
60337
61984
69584
64982
64647
58301
68050
71083
69492
67468
65399
67427
65944
64204
60939
67779
55839
66063
64881
68460
67941
70415
63364
59643
64703
62845
67317
62083
66629
63559
64461
64657
72121
70469
68496
61803
65648
68345
66732
66074
68063
68438
62255
67142
69760
66336
67683
67663
65218
70666
65943
67729
67493
62501
64101
64902
68934
63694
67183
65636
61336
66005
68600
66288
65188
64276
65340
72031
62495
60135
71916
61145
71959
67262
65715
68034
67561
68109
68867
64214
67335
62470
65220
67483
66662
61968
63394
68450
63748
68173
73146
67995
65888
68871
65930
68850
66250
65116
67810
66721
68205
69200
66348
64158
68922
63350
63686
65537
68047
68594
66244
65122
66212
65151
61180
66763
65003
65826
58413
63436
63579
59987
70389
63537
65699
66873
65127
64930
65730
70710
68727
69923
63394
68065
61536
63334
68516
62391
64704
65121
67985
60960
69252
68691
67963
64927
64966
69211
63170
67376
63160
66165
66316
63094
67100
67363
63721
67454
66574
70020
66192
60511
66802
65301
62624
67563
64965
66739
68642
67732
63820
63982
67546
67332
64074
63759
69550
65605
64113
58184
66868
66744
66551
62679
63315
62006
64615
67221
65391
72293
63144
68238
67647
63759
66406
62732
63960
65596
62678
72066
68160
66905
65928
67703
62771
65951
67371
62226
69786
64482
60665
67430
67872
68224
67089
69392
66070
69261
65827
64560
64598
62441
66948
63205
62955
68058
62940
65855
66625
65361
67836
68570
63797
60296
71401
68941
64213
63511
68155
70151
60842
71360
67119
69272
70533
61594
65737
65883
65825
59012
61684
69670
67125
67141
63288
59367
68796
65374
61008
66975
69047
67371
65930
67170
65770
63190
69347
65840
58646
63654
62240
71733
67365
64666
66651
66363
66959
68568
62217
65493
62551
61852
60783
64201
67371
69458
71588
67033
61712
66637
62636
63297
65902
64261
60259
74685
61739
62947
60370
69092
63607
70294
62280
64738
65926
66821
64201
64741
69975
65621
70143
60470
63140
65054
67785
66933
67095
67409
65326
66814
69311
64455
60282
60204
58582
67124
68566
62859
65705
67368
65064
68429
67631
65849
68494
60973
63049
67951
60000
63466
68463
66354
64478
67479
69073
59087
67591
67462
62231
63843
70630
66443
62466
67129
67911
73246
69664
66358
67709
64812
59260
57589
63515
62098
63327
67151
71011
61021
59927
66774
63180
65809
66390
65385
64121
64165
67222
68610
65398
66110
65373
60245
63416
70845
62586
59205
64488
65296
61257
69191
66472
64106
64460
66289
61734
69013
60318
65789
58266
63013
63983
65739
65521
71402
64296
71791
70896
70263
63594
67143
64638
66269
63827
66066
64097
74436
63102
65107
67664
62855
66983
63242
67706
66700
62345
62529
64244
62101
64578
64495
62374
68125
67864
60952
66997
65076
68447
71295
66704
66018
63326
63463
67632
63911
63194
64204
71520
60163
68425
72821
64078
63657
71160
65821
62230
53607
66741
62291
67627
62264
61557
64892
62781
64292
65214
59486
61264
70942
61511
63267
69524
66908
60895
70983
59209
68245
63179
61569
66162
68361
72092
69120
61828
68690
68875
66112
62019
66743
69143
67693
65031
68401
67574
63570
70602
65603
61451
63758
66885
62539
61849
71198
64462
71118
60211
65094
62069
69655
66580
69380
71666
67237
62127
67500
67113
72264
63171
61599
67628
65474
59863
61144
64338
67447
68661
69562
66755
64328
63455
71879
67329
62478
63918
73548
65559
60615
69259
59624
62644
64957
64646
65443
65848
63245
61761
67754
62038
62167
62428
64070
61541
62490
61548
67796
68073
68817
64423
60102
71949
65733
66249
64515
66758
71368
68751
68575
64341
70781
59512
62505
65347
66617
69413
63793
62417
68283
71620
64108
68294
68292
69213
65415
62958
70510
61280
69091
63102
69630
57087
62279
67965
62040
72040
67264
64621
63432
69470
72703
66258
60211
66087
67255
62512
63405
62164
64320
62802
67198
66686
71705
69645
66969
70332
69902
71170
69229
63074
62510
63567
66303
69529
62574
68240
72677
66718
62097
61003
60806
65215
67310
75082
70872
65677
66714
61597
70200
69415
70863
71804
57358
68446
62791
63998
60872
65732
60627
65621
66948
66701
70856
68545
66574
70730
66883
66071
61244
66913
61149
66247
59255
62562
61261
64027
62924
67191
60008
62050
65805
57243
63376
61452
64931
66493
63035
65233
71011
68011
67302
63975
65684
63960
64489
66992
68208
63748
62883
59276
69231
66208
62879
68319
66915
65515
68950
68592
67040
66273
64611
60555
61261
57354
57620
67879
63759
62896
67780
62880
66384
67257
64073
66133
67111
66049
63130
66539
63513
64860
65956
66140
62697
67263
63679
63751
66978
62152
59746
68181
65797
71229
69461
67901
61372
69618
64169
62458
69531
59881
68717
62970
64889
62712
70795
65122
66539
72168
65765
69892
64467
64305
62015
68165
61769
65337
65624
70060
63460
70008
67006
66347
67125
63070
64563
62399
61521
66110
71972
60793
68774
64883
66189
62707
64417
61332
67891
72549
65310
67418
63456
64985
61856
67824
67288
65070
70592
64873
66875
70398
72085
61707
64487
62207
64953
61271
64275
70313
63645
67849
66444
68405
67616
65213
70445
70926
64721
66716
59472
65008
70642
56463
66731
67459
63401
72228
69619
65437
63242
57525
67290
68195
64989
63727
67456
60345
69357
70075
61934
69536
69798
68312
67221
64749
63105
67080
67633
60565
65324
63709
68634
66242
61608
64424
59463
61493
63959
65357
60371
69028
67951
68469
64254
64983
62847
66677
64035
67024
59872
64083
63779
63690
68059
64803
60609
67510
64321
60941
66142
63979
71037
63495
70352
63866
71413
65943
63255
62671
63473
62929
66786
62972
62901
64206
66686
65471
67560
71920
66418
63173
61372
61012
63840
64675
68436
64518
59877
71217
67488
66896
70069
69690
71529
64701
61659
63264
66498
69818
58541
68561
72182
62653
61331
69302
60611
69889
60574
70526
70331
64448
65553
65628
67540
67176
60156
59727
67770
64625
64686
70131
67039
64624
66713
64256
66929
60263
66642
65731
65597
66720
67988
70133
69910
60455
63574
71364
63029
66166
57913
63688
68359
66221
66176
65090
60906
73286
68211
65863
65961
65725
60116
67447
68329
61502
67066
60233
64849
67064
68852
64347
63671
66721
65408
57503
62029
64082
68478
69896
65662
62213
67975
64152
62149
77324
66571
67515
61076
59522
66221
60826
71266
63511
66429
72874
73631
64564
63594
73702
67424
68280
68637
65830
63913
70212
60560
65944
65600
65446
63514
63591
70011
61372
65137
58823
60526
66573
65577
67309
60033
57846
62981
67116
70957
65898
71658
66921
61744
61090
63713
65683
64128
62578
62396
60868
61855
60935
71380
67621
63858
67509
66537
64316
67088
66143
67969
66353
66957
68104
63032
57704
63354
62967
65080
64233
61984
63998
70964
55255
71491
66797
65594
63935
64880
62392
65285
67059
69597
69315
59182
63670
64011
62813
63187
61879
64855
57503
68199
64031
62241
62713
59595
66445
60368
66385
64379
64139
67405
63671
70263
65234
63881
58795
68385
66421
68986
64902
62338
65586
67650
66172
67683
61408
64218
62405
67621
72341
62821
61196
66444
66492
66495
65377
62599
69118
62297
65841
62399
57051
63498
66311
73368
61372
66610
66665
61887
61097
72153
65406
66858
67930
65945
63177
63094
63918
63063
66655
67879
60846
66950
65408
65248
67048
66083
63487
66830
69512
65134
63172
63308
63086
67173
63294
67612
69445
63235
66891
63015
66906
74051
68040
67604
64949
63546
66117
64648
68962
68494
66081
69915
60774
65097
64670
65062
65449
69559
63145
66383
64578
67382
62947
71348
63908
60341
68354
69960
68591
58537
67048
57095
70157
69436
68272
61896
66457
68595
69390
62281
65821
63699
66304
68146
65133
73371
67901
68362
62942
65030
61473
65096
68878
59423
67742
68629
66868
65283
64025
63451
65324
70592
64711
66751
68230
72111
60675
63487
65089
71133
65374
69175
59298
69845
64942
64698
66351
63753
65037
65429
65180
63545
65456
63663
63333
64866
66196
66693
72299
66919
70548
63141
62526
61811
62151
67619
63033
59831
64564
64398
65013
64649
63397
62445
69089
66088
67758
66092
62296
62521
69368
62441
64519
70901
66906
66091
65539
66841
66736
71477
66007
68695
65264
64553
67456
66222
59609
67238
64440
66548
61577
64014
65980
63016
62471
67765
67545
66962
64810
64674
65564
67986
66631
62480
64502
68716
62820
66005
67403
61219
69666
62668
60351
63714
61352
63837
63938
63167
70534
70427
64100
63858
63547
65664
67205
62938
67691
65813
60440
68042
68037
63823
68188
71214
64282
71212
66306
65956
65602
65428
57908
63142
63630
72137
66411
69878
66821
62932
66412
63692
63482
58057
67842
67321
61400
64406
60994
68060
65335
66208
71256
62895
60349
68446
67306
64749
63596
61948
65311
57594
65603
61429
65082
64207
67920
62893
72616
68188
63148
65625
63969
66164
63223
68539
71207
67452
59273
64700
62498
69566
64308
64024
58176
61768
61537
69344
64291
64315
62876
73126
62520
69503
62993
60579
66710
62439
68286
67145
69840
68522
70464
63513
69872
66434
70924
68629
65697
65791
69716
63968
62084
66901
66126
66441
65911
67817
63741
68897
62857
67251
60342
65833
62305
71273
68133
62370
68661
67988
67742
71107
67089
64593
68564
63619
61073
66966
61823
71839
67496
63771
64902
60720
60802
63784
62116
67693
63556
64936
62973
60278
62024
72552
68701
59778
62939
60447
68672
59373
64921
63447
63226
61270
67484
65175
68659
62386
65679
59142
65525
63643
68327
64202
63475
64185
65974
66516
65811
67428
63317
66227
70707
73341
63959
63538
68201
67087
62344
67677
72699
69327
63821
63658
61956
65414
70632
65561
65644
57889
71634
66802
65403
67619
69257
62391
65971
66327
64990
67493
64691
61094
69285
65610
64492
67823
65755
69314
61491
66322
67491
62121
64285
63911
67732
70687
69906
70288
65841
66069
69328
61351
67388
58891
65974
71989
63861
67842
69483
62941
66316
63896
61898
70216
64764
63422
62856
67031
62329
69234
64206
67735
67717
64336
67605
63807
66807
67521
67839
62369
64688
64428
65271
72079
67524
69433
61913
60294
66085
63196
65526
64419
69057
63729
66873
68282
67248
63070
64380
63062
62497
62682
64635
68858
66953
64640
61707
66317
66640
70232
63467
63550
61793
63034
63759
70051
63281
62084
70890
66214
64179
69215
70124
62828
65005
66285
68238
69085
65673
73261
71085
68692
66867
70399
68582
63016
70477
58376
64651
64886
70195
60692
69976
61788
63252
65733
61086
67476
61813
65926
68742
66265
62457
69803
68708
67447
66496
60729
67127
69169
69744
65106
64079
69770
64199
69170
67322
68127
63317
63165
70139
61292
67184
64004
69084
62627
56559
63113
64372
69043
68064
62095
67142
69065
64270
63592
65087
63624
66555
68564
64115
66393
65850
69569
64941
66943
61361
67057
65270
60273
67635
63241
68314
69868
65651
56996
70428
61146
64358
66395
63260
67898
57457
65795
64192
65778
67562
64504
65762
62677
58859
69842
67796
64957
62919
62282
68309
64461
62227
66016
61264
67860
64667
71531
63476
62936
64886
64015
70236
65364
67194
65155
64925
68078
63322
65554
61252
58570
64759
68830
65640
67676
66707
64771
62226
62035
61769
67974
64428
64661
63089
67039
65576
66017
65773
67734
68389
64444
66233
63588
66503
69823
67165
68073
69588
62037
63463
62115
68039
66249
61747
67512
61451
65586
65088
65868
66234
69802
62324
66716
65976
67488
68413
65390
65551
65641
65728
68830
69376
66327
67829
66504
64131
64920
62642
67516
61370
65926
62450
68198
71144
66167
65338
59345
69677
63266
63975
56587
63088
64046
64046
63303
64787
62427
62706
61642
65082
67867
65954
69549
64821
59951
64127
66922
69818
70194
68471
66853
64187
64881
63036
64629
66793
64985
66935
68016
67406
65983
65246
68851
64213
65262
65537
69412
70041
69170
65423
66042
69600
66580
68540
64358
71314
67649
65557
71009
66337
63620
61772
63999
67470
67203
59230
57322
65633
60142
61171
64987
58613
64197
69116
65662
65853
66893
64661
68209
69804
65451
63563
66441
68856
57905
60470
67109
70263
70213
70697
66428
71396
66717
63987
64315
65667
61740
65294
71068
65938
61289
61342
63752
69761
66344
64900
68276
67661
62081
62989
58678
62154
62873
69433
70165
67440
70849
72316
64725
67842
59712
65857
67966
66868
66214
66309
64739
69366
66645
64753
66128
65173
68681
64928
67398
68442
66109
69793
66997
67027
66587
67841
64399
61599
64331
70553
65691
63420
69619
69054
65621
67431
61857
68957
61905
67485
64779
63372
60019
60963
67265
65697
60862
60456
64698
70958
64850
63280
66577
62462
69533
60269
66042
67607
61247
65504
65008
64550
67575
70945
59278
60080
67858
70097
57060
66090
64141
67579
66628
61226
65962
63230
71467
61567
61817
64386
68779
64130
66543
58921
63603
66277
60015
60624
63035
64680
66360
66020
69030
65041
67354
64697
66299
65672
61605
67651
67343
71421
69308
62068
65783
67177
67452
65814
69648
68680
67290
67243
64716
68905
69763
63513
62726
58913
68741
71300
63102
67696
63407
60687
63458
63832
62539
67872
69039
67523
66524
67803
58095
65731
69144
66579
63122
63468
68038
70460
71177
65253
63967
65638
64515
68897
72571
67175
68720
68502
61671
66684
62252
66507
66521
62749
63521
67375
64879
62026
67897
64955
64396
67367
63420
64902
61727
67377
64364
65578
61118
63060
66269
63577
65037
64537
67479
70008
57092
71480
61770
68671
66155
65671
66037
65072
67136
62129
66420
69842
67640
63458
65117
63862
63606
65972
64806
67671
60854
70372
73594
62737
66721
62685
67419
67238
66562
62846
67414
65666
67567
61338
69351
71294
63279
63465
67014
67499
69292
64621
65056
62431
62702
64930
65293
60847
66979
64929
71372
63597
67919
64247
67284
64541
63972
63928
66033
58836
63474
63704
62467
67594
61558
67922
62397
64775
61769
68757
68524
66191
67551
62716
57990
62727
59737
63436
62132
65826
64007
65626
58200
67697
66438
59615
68728
64117
65007
65626
65595
61830
70135
72949
65795
68678
66870
62428
59929
66999
62203
67866
61818
66258
67351
61884
68283
65261
70591
69390
69472
64645
69874
59039
65776
67242
63743
66711
68750
61595
63846
64097
69526
64640
65795
63527
63855
62392
65461
72050
66931
66311
68853
64440
62523
63679
61921
63786
61445
64076
68554
65332
67326
60421
64177
61576
68177
68866
67272
60873
67279
66765
69443
62236
59098
70938
66954
61269
62343
64931
64295
62407
68962
64247
59951
65982
66158
67679
63559
61540
65711
62400
65006
69495
67267
66151
66944
62432
67776
67206
64303
67526
63665
67557
63454
68897
69975
62604
68648
62113
67657
63307
64123
64989
65939
66780
64386
62413
68831
69813
62397
65363
64455
69547
61028
68061
58921
69746
67759
62240
70556
63025
68010
65430
62627
64063
62491
74126
66579
63237
65672
58649
67978
62456
63255
73636
61026
68698
63911
67904
62319
69629
67450
69608
60838
67104
63094
71648
63998
68899
64515
63082
64610
64959
66535
60141
67415
66014
61368
62990
62238
59861
68591
66882
64303
68234
68262
64916
62858
70456
69004
65856
63870
67596
60388
65523
62803
68995
63243
73023
60468
59565
63200
76554
59478
70306
70055
64786
59770
69225
71286
67518
68138
66351
68669
58460
65678
62439
61005
61099
62778
72190
63175
66844
68842
68209
66459
68105
67000
59619
67466
63316
65499
67615
66428
62684
69582
65359
67293
61716
63825
68826
63391
66843
66280
67873
64403
68629
69440
62809
71452
59131
62804
65525
64477
63036
66957
70777
61125
64464
74381
62267
68705
61238
57737
62324
65169
71611
65410
64843
64623
67249
70068
64905
65423
65327
64602
62868
56591
65811
69515
71668
68834
62699
63201
67943
63412
59463
64262
64304
63852
67795
65428
64335
67945
67072
64027
69877
64806
63445
73956
65276
66566
66685
61052
64187
69814
62500
70258
68709
61323
62513
66665
63240
65367
65048
66085
66462
67226
67399
68359
70859
70337
61560
66062
67723
69443
69738
65008
69818
67618
63927
57450
62304
64978
64856
61925
66124
63848
62249
61728
64027
59919
66175
69273
61568
59942
58842
66134
65255
71827
62658
61744
68544
67488
69018
67053
65756
69471
61837
67323
67796
65384
63980
68595
70097
66597
70793
65588
66098
65622
70203
67351
63254
72254
67995
68206
60781
66974
67008
61041
72626
68255
68157
63555
71809
64705
68680
63527
63451
66843
65276
68767
62424
66427
