66260
64420
63642
64212
63559
64736
68928
67439
66363
60743
60462
66405
65533
62206
65902
61630
70633
62477
67261
65044
67249
69933
70642
69651
68513
62780
68831
62181
66131
64170
72018
71819
62157
63952
63422
65733
67331
68305
61580
66764
68623
64384
67042
65377
66897
63236
66143
67070
65665
67882
63957
65363
64643
66545
59766
69305
64822
61536
64410
70610
64854
64744
65127
67374
69824
68643
68131
64911
65512
63322
63052
61432
63028
69885
66342
65758
63304
65138
62826
60678
67017
67037
69579
61693
67905
66560
69620
60806
63798
61967
64818
66203
67971
66983
66617
66857
62575
65369
68987
60982
60367
67399
62077
61500
64736
64762
67457
59508
61285
61246
63364
66110
60145
68331
66095
60095
72415
69702
63212
66113
58766
69134
63852
61433
65345
61111
63801
66210
70454
67419
65673
69491
64440
63993
68047
63822
62900
68368
64341
67270
65633
63414
68645
65361
68661
64132
66984
66666
63009
64686
64911
62341
65372
64642
62772
65353
67801
63037
64713
61043
61809
63277
62756
64077
66876
72720
66045
65035
61726
67869
55410
59298
62845
66165
72428
66562
65080
53846
69331
63432
62542
65006
69843
62132
61834
64653
64594
70959
64656
62316
66939
61253
65158
67685
67371
67414
67976
60417
59114
67935
60862
70048
66493
67170
69138
66761
69357
68649
67961
68509
61603
63276
66892
64396
66569
71125
66013
60859
68514
63736
70760
67507
63411
63849
67576
67008
60326
61940
64340
66631
65580
62210
60110
69688
64608
61252
65087
60072
64465
68056
64491
66346
67124
68632
63012
66680
64384
70505
68500
63389
71184
65042
62499
64871
67880
63292
65443
70772
64945
66150
66152
67621
66853
69452
66739
66738
67904
64909
62529
55623
64786
65546
63043
59681
64421
62834
70286
67363
61990
67762
65679
59368
65776
63018
65432
72117
71307
62959
72930
64249
65765
67752
62412
68861
66143
70810
64591
66493
64334
63289
64777
66206
67435
63796
65380
59306
66448
63875
64493
68258
70943
61385
66313
63159
67750
62006
58124
60425
68315
66544
69194
63941
66484
69495
62475
65889
69839
64906
70450
64796
65942
66926
65244
64762
57605
62731
70814
66860
62767
60353
68070
63347
62715
65797
65058
63884
66180
68091
60219
69463
69523
68046
61266
66656
67107
61665
61073
63587
65407
64590
62903
61316
60008
65540
68739
62589
69226
72187
66892
69407
66436
63491
63213
64573
63884
63831
60936
64922
63251
68902
68141
73584
60286
65979
65844
66899
61933
59840
63729
73487
69210
65488
64836
65859
67312
61812
68645
63135
64426
70012
68890
62705
60082
68393
68096
57194
60920
63325
66799
64448
64236
63778
64344
67341
65162
67898
62061
68355
65200
68528
64054
64519
61875
67038
67525
63760
64262
64409
66796
64318
60559
59447
64695
67232
67869
63067
66969
65658
63957
62081
64223
63310
65883
65138
65835
68330
73972
71818
67353
69487
61572
66816
59608
62728
58506
65148
70442
64716
66715
69779
69323
63165
63892
65331
64479
65215
59255
66976
62040
60465
63890
66775
65142
60677
70392
68572
65798
68923
62082
64224
68153
60864
63740
67867
63309
72379
59212
64719
67244
59638
68774
64932
68529
62866
64389
61121
64735
75915
70867
67982
62667
68996
66755
58372
69437
63709
62191
67230
66692
70603
60873
64138
60142
62202
65335
67812
72672
64974
66699
69792
60946
61114
65917
67585
66248
63314
68655
65885
69912
64368
65907
63798
65243
64323
61035
63043
69314
63878
64882
64674
68337
67650
58327
67305
62616
65382
70011
69994
64013
65791
69601
58562
66071
64820
65096
63253
63315
69289
65976
70758
63959
62753
60906
66422
64278
65117
61520
67588
70658
68046
63312
64847
71614
64125
67546
60425
65494
59609
67875
60675
66690
62603
66327
68581
63199
65477
67509
65329
63740
66606
69486
67756
69037
68304
69856
61509
66753
64247
68067
62720
66760
64966
66460
71654
74658
64747
65009
65340
64208
67936
65611
71201
74238
64381
61146
61758
66366
68546
67155
63776
67955
63829
67389
63136
64518
65053
63333
63609
61829
59221
64050
62654
68636
57820
66589
68835
67522
67240
63108
63627
66360
66460
64117
67844
60519
69680
68051
67255
66972
65350
73719
65145
67485
64102
64978
61105
72813
67685
66375
63966
58209
63435
64406
64244
66716
65100
64732
63562
65724
64925
60946
66711
63592
62396
60989
70415
61627
64390
66391
62822
65060
64792
68087
58696
62590
64779
58509
68232
61906
67795
65998
61481
71247
65309
61367
65250
60396
57109
65944
66738
63390
68047
62747
64593
68373
69731
68037
66125
58939
63249
62465
70565
66721
67079
68305
62655
66461
67037
62138
66980
63408
66097
61773
67516
68954
65887
66707
59902
67773
59861
65741
61389
62929
65387
66928
68493
63247
62515
58651
60085
61988
65789
68794
66267
62867
62344
68051
64346
65081
66129
66629
68409
59646
68095
66628
62586
67868
73092
71716
67593
62526
66380
64732
64112
69309
68626
65215
62025
64680
66934
62614
63235
64724
66787
70450
65487
63709
68236
65080
69665
64227
67318
73368
62305
67235
66603
62367
69357
63869
67386
68432
66467
65542
67581
65019
66925
64030
63433
67730
60072
70047
67181
67325
63133
66396
65558
60678
65788
61475
66258
61579
66797
66407
63944
60398
68583
63000
72913
57549
62854
64539
69244
69711
65746
65966
68283
66884
57765
62068
65608
65706
62779
60146
71847
63765
60112
67082
69844
65865
69201
58136
68122
61551
73180
66625
71902
70091
59493
69528
68564
63479
60705
71787
66960
67863
65330
61377
64277
69562
60385
70518
64933
65352
64228
70890
65339
68156
66009
67412
70494
63749
63162
68884
65647
66732
65225
63634
66551
61521
63759
63355
70607
63554
61337
65465
71572
69297
64863
64354
66108
61304
62858
66462
61125
68798
61846
67226
66036
72440
58938
69154
62919
68719
66458
64437
69882
63113
64558
65086
64936
68729
67228
70292
66991
64362
63411
66233
63387
67868
65015
71043
64347
66118
61408
61515
66951
71014
64665
63928
66910
65533
64702
66661
63492
71166
69154
64206
60039
65164
63994
58907
61148
69200
65936
66765
62642
66575
62791
67710
62156
58652
65484
65556
64499
65750
59642
65431
64538
66854
70606
65482
69705
64044
65768
64932
59743
68275
70386
68544
65888
68485
64976
59442
67519
59576
68891
65726
65884
66747
62075
66849
65799
70280
65756
68272
67277
67598
72292
66063
61540
67756
66918
62786
65242
67077
69447
67018
65047
60315
68017
58752
65335
64118
66161
65866
64415
64750
65137
63581
62829
63583
65315
64331
60317
66341
66943
59997
66956
65480
69187
65665
65263
67202
66717
64430
67359
69953
69273
66355
66015
64483
63903
64684
58261
68394
65592
66921
64768
62650
66145
63425
61600
59982
62297
72986
63869
66993
62019
68029
62527
72559
68138
69124
61139
64538
62989
67956
62805
71071
66205
61404
66691
63163
66214
67276
64865
63033
68540
59825
72448
64239
66490
64985
65892
66001
66039
69870
65217
70141
58472
68892
70437
60984
69535
67704
69420
63704
62689
63217
67230
64161
63621
65810
61538
56870
58638
71997
66846
71810
63722
65184
69769
75721
64972
61505
55990
69287
62495
65749
65086
61999
66400
65036
67930
68904
64436
69382
66022
65137
65798
66176
62576
64720
66790
69321
63757
64506
65626
70476
63161
67213
63268
64769
64441
65098
64413
72614
66469
65440
63843
59795
69561
67398
60027
66043
65628
68312
60752
71231
62083
58640
70869
67323
63353
68949
64832
65205
71221
65203
69332
60842
67681
65683
68984
66231
66218
65649
69082
56547
65796
68783
62246
69900
64511
68897
64936
64751
63418
70112
65801
68548
63214
65309
71296
63942
62812
65407
63652
68930
73166
72144
63230
63201
69836
66554
69452
61284
59453
65451
66146
65891
68891
66322
63552
60597
67163
66822
64376
61399
60987
64033
68936
65259
67851
72617
65850
60741
71023
59680
67214
63697
65484
65002
67124
60784
62769
64957
66484
67825
64933
65055
62076
69844
58951
59847
61811
66583
67698
64010
65614
63356
62226
62894
63142
62023
71658
58030
63441
60564
62553
64935
72664
65565
68135
62705
62985
60786
70957
64898
68781
67303
66386
59245
66775
70637
65110
68521
63851
60829
62447
61219
64748
66620
66970
67902
61302
70452
68159
63750
61404
64032
63095
67201
64126
69405
60651
66258
69578
64349
67791
60030
67461
63475
66426
62541
66291
63571
66145
67243
64705
65086
64171
65627
65773
68610
65141
72362
61574
69203
66218
66029
67453
61748
67235
61474
65422
66392
63917
62350
68426
63635
65769
63051
68236
76176
60588
64030
69856
64396
64317
63813
63810
65557
65722
63245
71169
61831
67720
60624
66141
64317
66738
64114
70143
65783
61293
68331
66726
59108
61268
65225
69699
65502
63263
69910
64913
67711
59615
66697
70446
68048
60502
62277
69008
65247
63829
65192
63136
67793
62000
62315
63805
65828
67950
64414
60357
62991
61683
69379
68192
64612
70958
65154
61684
62297
62819
62858
59843
65473
61514
70968
62691
61936
66794
62469
69265
64200
67632
60423
60304
59437
62115
69942
70560
69033
66074
60526
69631
63902
66401
59339
63773
62349
74382
67224
66407
72867
67943
62214
62376
62274
68072
69650
60427
65705
66179
68867
66688
68319
65087
64693
64354
64921
67970
67527
63653
65210
67682
63339
64995
63765
63108
66069
62775
67845
59937
64481
65896
62404
72104
67373
63901
59819
67690
69336
66201
65133
65190
69394
71072
68755
67571
65156
62771
63218
63760
66735
59979
65734
66828
70492
55880
65060
66426
65721
66090
63563
68148
65038
63232
63899
68737
64614
59908
65772
64993
64457
66372
64766
71942
65398
65092
72193
63018
63005
66341
66757
64391
71713
68664
66197
59754
64709
59300
67480
64623
66857
65611
68453
57633
66864
65470
67497
65240
69737
67512
66294
65032
65225
69162
64064
64523
66949
71174
65279
58281
68260
69677
58129
66129
63163
65777
61668
62562
65639
67453
60430
63904
68867
69793
67973
62137
62899
59203
64099
67149
61554
66819
63485
66729
64997
67075
65385
67795
61794
64489
63640
65412
71229
66301
66538
58185
63935
68186
73593
67714
58178
66143
63146
58066
62393
55479
66426
63153
71913
63771
61479
68158
60429
66892
63538
64287
64272
62321
67808
68794
65991
62493
65424
67876
65307
67063
70956
66601
71670
65350
61894
64777
67452
66566
65156
61498
66117
68594
71137
64742
66532
63963
66029
72028
60476
68120
69242
64093
60745
65309
62903
61087
67189
74704
66677
62278
62546
64187
70450
68551
66780
68022
63957
62726
60355
61873
62080
69145
61920
60589
65935
64991
65697
68195
64782
70577
64540
64603
64796
62290
64121
65619
66236
71022
68122
66518
63145
63102
68584
65286
65371
69168
65932
65962
65717
73074
64578
64794
62637
72129
59915
63489
64416
66224
67094
65887
70135
60373
62333
66990
62647
69795
72099
58576
63412
69052
66653
62189
62450
67103
66260
65986
69282
65293
67416
67098
63216
59844
73501
59194
66662
66573
66640
60082
66219
73289
63223
60952
68279
67572
66150
65437
64689
59899
63010
71869
64668
62037
65473
63824
62296
68716
69652
68030
61482
67854
60532
63289
64319
66362
71599
61956
63210
66460
67004
68875
67141
65127
65790
67937
61955
68928
68921
69726
66051
64087
67102
67475
65663
66313
67434
67660
67244
61714
68272
62870
66407
68594
71980
65003
71167
68303
62549
66930
62821
67184
66733
64982
66540
63176
64944
69533
64743
64340
63412
65661
68473
65249
68357
66331
70064
65594
67372
70166
72883
60756
64621
65983
61959
65310
72470
69110
65558
63262
64159
64083
58213
68092
61474
69005
71478
78191
61158
62210
67154
67452
63406
64476
66623
66263
67812
57757
56907
66617
59888
66714
61984
68569
66464
61089
66435
60434
72511
63925
63578
65381
68034
66457
56726
66929
63371
64142
60641
62934
67565
61469
59224
63951
66637
59828
62890
63282
63641
68287
62971
63949
61353
65117
67753
65554
65720
70606
72251
66113
64126
69622
64594
66204
69550
63475
67999
66881
69428
66963
62886
68046
73962
67478
62692
62590
65760
68580
63879
64494
69546
61821
61838
71277
70497
69259
66068
62317
53624
68745
72636
66343
64746
70136
64780
63587
65459
66559
70292
68988
64808
60181
63908
66859
61800
67248
67411
65815
65101
63650
71181
67668
66794
70381
66726
68416
65206
65758
65469
67900
69472
64724
60247
62115
65176
67712
73015
65979
67263
68405
61246
60154
64201
66341
64353
68780
73758
68815
72310
66510
65777
67316
62162
70337
74274
65390
72084
69349
71510
66618
72679
59223
66551
73212
65914
58668
67358
62748
62782
65959
62372
67741
68915
68741
66639
61315
62589
64550
64605
61038
72120
60439
68750
62164
62850
74402
75537
61789
65013
68488
66310
64715
64734
65488
64971
68004
59357
66979
68049
63736
68092
63685
66765
57196
62481
64370
61299
68653
66617
69974
71136
70954
60414
67132
59175
65378
69448
68261
64624
64396
67913
63257
67768
60413
66867
61926
67123
60648
65673
63152
73193
67566
65138
65390
56974
63629
59050
61519
70295
60069
66506
62595
75457
70080
68281
62675
64134
68928
71550
65249
66234
62155
71283
65281
60496
69232
64174
68483
71457
63986
69357
65047
64769
68823
60755
63222
66711
63808
69073
65376
63968
56370
65729
67608
68581
73078
68996
74633
73595
68100
60701
68936
71276
60366
69964
72199
66984
66916
68886
71525
62768
62547
68086
63946
65573
64547
64737
69053
66233
63917
62137
63337
64650
67928
63215
63517
56710
62485
67230
56189
64625
71234
65367
69605
64930
64039
63825
70137
66989
64864
65805
62036
61501
64037
66125
63922
65421
65341
67305
64878
69748
63310
66383
66014
62909
67397
70528
62449
64109
64343
64391
67492
65298
70230
71440
65906
61579
68034
64035
64593
67188
71044
64650
65946
70152
67712
66189
69389
62973
66707
64977
68079
69578
63555
67165
62416
66171
67394
68409
64267
69887
69062
61543
65121
66935
63780
62258
65590
59134
69188
61513
67394
65965
68650
66855
65320
69632
74651
64515
65106
71208
70194
69060
63350
66924
62738
66655
70170
66933
61744
69091
67066
64046
59610
60905
62795
64207
69417
65784
67989
65091
62308
71018
68295
63553
60768
64974
68928
72445
65065
62813
66639
64224
62278
61381
68102
68284
58485
65788
60773
64444
65382
62365
69906
65024
63155
63952
62187
66145
64971
70470
61306
70355
58821
70146
55171
69459
69151
59389
62697
64767
65532
63907
68421
67382
59905
64474
62938
63733
62448
62775
68928
69255
70262
60216
63417
68175
59762
66112
62381
64948
63831
65060
65269
60654
63497
66199
61271
63452
61987
65291
62524
59349
62001
66097
63402
69593
63831
64595
72373
64499
61319
57762
66515
61635
66249
66977
70654
67202
64939
65534
63233
62492
63119
68628
68324
66444
65821
59067
64231
64063
68467
67592
65801
70044
58228
65697
65792
68455
65433
68644
60846
65455
66797
64707
65117
63070
61892
67123
68759
63637
67083
66289
62461
64052
67048
64921
67287
60017
63033
67590
68042
67534
69572
65796
60249
70796
70668
58981
75252
66812
67737
64788
64175
60484
65510
68819
65003
70504
63207
70078
76311
70120
67708
66647
65566
66453
69575
67370
67872
62849
66728
66627
65202
68531
61086
67259
59463
60028
61845
59660
66375
63689
65806
62365
68906
69905
64122
63894
68807
69023
66912
67459
59814
62432
69248
66927
57396
61545
69409
71397
63530
67200
58349
61379
57012
65882
68844
69210
61330
70046
63681
68020
66426
63145
68648
69123
66411
62898
68707
65503
62413
62589
69452
69756
63641
65742
68298
66837
61431
62882
68013
67270
66076
67251
62830
67008
63182
64095
60255
73886
70227
65270
66718
72602
63704
63152
67647
67508
63016
65471
69418
65369
67244
70702
59634
67694
65435
73049
63312
67616
59237
67905
59768
66637
71096
61427
68151
64441
66381
61759
70988
68288
71548
66178
60025
62504
65339
69320
67619
61343
66690
66100
67232
66739
65337
62783
73159
69965
67953
68048
75297
65116
62194
55839
63258
60051
65910
64964
66340
68714
64787
64269
62089
62504
68706
64311
63698
71607
63295
62537
67070
62688
69203
65033
67478
63045
63936
74355
63327
64660
58469
65737
62011
62534
64554
65806
65724
66730
65073
65043
64452
67615
71693
62832
68539
69127
65940
65576
73939
70090
65915
62563
63602
68460
64176
62522
65383
65076
63055
63264
62490
70070
65882
69763
60877
63371
65126
57583
64346
65408
62965
63709
66589
70075
70685
66670
68107
69685
59249
65977
62050
71285
68312
69816
65059
69065
62697
66471
64901
69729
66924
63421
73203
63695
64548
62372
70658
63164
70773
59195
69995
68832
67502
66709
68790
67429
69261
66565
69397
63470
63815
65150
62989
66500
66724
60703
64481
58866
72600
70117
66402
65990
74364
66400
67114
67166
62947
62391
67341
68149
60224
70096
63513
67860
62698
61818
61246
67595
62413
69860
67371
64610
69163
63988
64132
64432
69033
71366
59986
61589
62121
74542
69068
60449
71009
64657
67256
67472
66308
69818
64335
63402
69420
64449
66203
60837
63408
64422
68045
68344
64409
61531
64862
67829
64809
67609
63797
60331
59279
61784
64422
63928
61955
65494
67742
67572
64906
63697
67634
63967
66561
60672
65137
66540
64795
65770
64790
66313
63594
65927
63707
67677
61270
70960
67351
66695
67092
63038
62225
70446
63692
62451
60673
65371
60923
62802
65225
67524
64017
63707
66192
66902
66432
69306
68079
66338
68853
65034
68379
67966
59858
63644
61314
63114
70372
67345
63014
68034
66278
68271
66842
72528
68702
68239
70314
58242
60961
65598
66768
66822
64210
64093
61931
70132
64095
66145
64209
64494
62332
61209
69522
66756
64843
65447
63894
66969
65488
70431
61894
69893
57991
62062
64604
61519
64676
65147
63937
72903
65416
59173
63122
59120
67437
71699
64400
59246
71814
57635
61642
60710
66508
62942
65977
64638
65524
65641
61072
64375
62210
69812
64057
60522
69570
66981
69329
64132
61408
58503
57651
65549
63779
62954
65820
68911
68531
62768
61139
64082
68229
63968
66332
68318
69022
63648
62373
66640
65959
60818
66378
64230
64139
71230
68167
63277
68124
65847
71951
67518
66469
64641
64682
65699
66609
65683
64620
68421
65931
66374
64251
67050
68225
67673
66282
63383
64347
66116
64799
66604
72226
62836
63466
67741
63586
62110
66383
68706
68973
67086
63505
62860
68410
64195
68089
61351
66314
69364
65343
61246
65085
65197
64604
66474
69104
70671
69128
64620
65165
66148
68523
62620
66056
67266
64044
64924
67409
69837
66191
67591
67624
56625
67769
64491
66978
64957
74015
65808
69787
65649
67266
67674
63347
63419
64805
64784
68736
61720
63625
69473
66634
63836
65619
67988
68122
66655
70818
69904
57619
65846
64416
66753
63806
71343
69808
72349
60455
68213
68714
62095
71780
63286
66996
61071
66560
69117
70426
62466
63733
67092
65696
66601
68293
64291
71057
68214
58025
64497
62611
56489
63959
63111
66937
64482
70774
71034
66282
65538
61869
65274
65839
63679
64709
62112
64883
65044
66369
61084
64337
62593
62784
60456
65185
61434
64650
60576
63748
67156
67257
61897
59872
64460
64998
68693
65872
64228
68728
65583
61185
68173
66221
71324
65592
69542
70712
60651
67977
70728
63886
62805
64386
65089
64692
65656
65499
62576
65557
65916
64967
67189
65455
64744
66350
70957
70997
60399
70508
63232
61038
57990
64875
62351
65913
67348
61198
65577
65938
68799
64195
66986
70744
65874
70285
62327
65676
69350
66797
67344
65070
64568
68030
67714
68264
59893
61542
66910
67076
66691
63430
63415
62247
65236
65902
66583
65549
68787
60641
66736
65791
63295
66278
68752
65124
63257
64595
70424
69335
66417
63159
58413
61332
64741
62841
62589
66082
61330
65465
62209
63058
68672
67114
61780
65855
68106
61029
66906
67575
69608
66129
66264
63665
66948
67567
67872
62473
65260
61973
70599
66291
62843
65410
62447
71168
60480
68440
67275
64339
66291
60371
64454
65167
61912
67178
64217
66329
63214
65221
64428
61576
62670
70648
65077
68126
65059
65939
71725
66040
63589
67056
60877
67059
66128
66151
63590
69684
62257
69161
68485
67868
60682
66764
60843
61983
69247
67446
63057
64130
68046
69858
67597
68695
63418
69572
72039
63283
71176
67206
64398
66788
60373
64675
68264
69098
64096
62676
63153
66234
67365
64935
66479
58909
64865
64067
64186
67631
67581
63807
72700
60777
63663
70103
62360
65405
62968
70864
65908
66691
70679
61600
65032
63790
66730
66265
66714
65110
65408
66029
69369
65928
65783
62972
68341
62646
67996
63105
61217
65568
63369
62242
64420
67758
62266
67476
68851
66459
70175
65953
63648
64477
70155
67181
65861
63528
68319
63535
66347
66433
65878
64213
63710
67911
64823
61972
63426
72742
67781
61130
66076
64557
63984
64646
56819
64541
64976
60301
62608
62641
66713
68611
63092
67473
59273
64300
66857
67030
70293
64063
63859
62221
59783
70402
67733
65671
75945
67765
65586
66189
60241
63970
69919
64513
65516
63217
66005
70518
62210
62632
62419
68301
67050
62342
63632
69456
68596
63608
59664
66010
64820
72540
66136
64630
66748
61134
62118
68679
68066
68123
66296
65025
69614
63687
67662
64828
57141
67057
69763
69227
66798
66826
67808
65002
68038
63304
68343
67560
67073
65722
62611
63753
68251
67652
66360
70985
62729
64068
65815
67939
64205
69696
63014
67485
67070
67108
64085
65507
68779
63004
72408
69760
62020
65752
65330
64291
65321
63166
63147
68476
66278
65392
65854
67677
70515
70833
63502
66540
68435
65619
65448
64912
65012
55773
63892
62300
64088
64023
61656
69370
64176
66749
66244
67154
60783
69629
64049
63559
64813
64192
61997
66758
59896
66914
65788
60178
66133
66667
68137
64747
66443
69280
64694
68136
64879
65959
69411
61285
59105
72447
65462
64200
65393
71541
66342
70037
67210
67222
68499
64329
66396
66458
65548
59959
64875
60517
70142
67947
66611
61129
67527
71433
64404
71734
62365
68269
63224
63242
60744
64034
65979
64303
65218
66294
64727
70135
66073
72186
68723
70335
65118
69767
64692
62699
64324
63837
69057
67730
64076
62404
67638
65429
63592
67894
67254
71440
67925
62098
61230
62476
64529
65193
60979
63500
63505
61133
69279
67168
59981
66654
64281
66794
66055
65190
67645
66275
66890
64807
70421
62057
65548
65493
64230
65098
68532
65975
70086
62652
65432
68726
70344
60889
62064
66827
70752
69506
64666
67145
68675
67053
66747
66734
62084
70637
64295
67613
64849
63163
67909
64916
71731
67407
66167
66720
63034
67072
65493
65437
61701
64923
57150
62703
64796
67765
63013
71817
69554
61086
66912
61727
59273
64077
64380
66584
67585
66849
66699
60073
65827
68103
56742
65002
69339
61450
61165
71337
63399
63738
69421
63733
60294
74475
59602
65275
68162
68251
65372
60099
62014
60712
66014
62251
59957
59450
64218
65736
67716
64912
68284
67692
63664
66576
66333
67823
66621
68460
62965
72639
68222
67579
60119
73282
64161
67143
63347
64381
65106
64210
67505
63974
65322
67135
63645
64273
65417
63128
74027
63502
63988
65568
60469
66936
61664
64325
64372
66084
68835
62014
63434
64625
65101
67068
57425
66115
62919
68460
73551
65868
67066
62167
77263
60666
63069
63483
62786
69532
66620
55793
70488
65266
61731
64359
58832
67874
69934
61024
69568
69177
61396
64151
69348
66786
62371
66595
66235
58428
61896
60992
69275
62953
64154
62335
61747
69309
67606
69207
66462
66120
66367
67827
61532
69904
62796
65030
64462
66323
70017
67365
66765
68594
58140
62606
60614
66787
65942
59467
64417
63513
62716
62820
66733
66335
61752
67175
72054
65734
64318
68264
65775
61236
69551
60782
66726
66911
63812
63173
62460
60261
65818
66338
67905
68692
62745
61213
68668
68456
67588
63351
62086
68090
58209
65856
63539
64433
63269
71174
63466
65139
66625
66442
63555
67760
68843
66681
64203
67911
59904
66854
62277
67347
68152
61946
69680
63615
61305
67794
66798
66598
62890
68905
64501
62859
62026
64217
62625
65534
67829
71837
62910
72808
63638
63887
58651
68366
64647
64397
64407
73753
63193
61393
61706
66980
58244
59777
67091
64230
66422
63554
66442
61581
61527
67848
67808
65903
59448
64136
64913
64338
71221
68855
64725
65500
74811
67602
62742
62444
65943
66155
69245
60772
64427
64602
65403
62860
67534
67498
60537
65519
66836
66995
69187
64678
65178
61082
60687
60164
62939
68848
59834
70424
67024
65112
69016
58883
70072
70170
66768
66060
72146
60131
61055
61857
67699
69176
68654
62175
67278
69250
60568
66499
65279
65377
61997
61783
66206
74232
67438
67409
66533
59667
65899
64638
65260
61891
65992
65561
63115
66627
63109
63000
68273
69494
62443
61678
67527
69065
63462
62900
67270
64298
68931
65905
65328
65228
66229
65357
65105
61056
63110
67408
62940
67956
64738
67962
62835
65516
62629
63089
69624
65944
67424
70150
71174
65270
62576
68378
62333
60827
61807
64904
72425
69492
66915
64431
63276
65433
64397
60597
60601
61897
68394
66155
65654
68992
61279
64633
69968
65708
69598
66262
63251
64127
62834
59324
71136
62388
64782
66757
67431
66197
63838
61220
68989
65313
63707
66031
62585
67143
67884
64947
62039
62942
69799
66978
66922
63675
65798
63404
61128
63335
70245
65715
64492
62032
63381
66412
67102
69008
66810
69104
62694
67515
64605
71112
64160
64279
68398
62861
66013
63784
60691
59234
65295
63862
71788
69077
62816
63586
67578
66910
63972
67578
61611
61447
70022
69917
69458
61103
68529
64136
59794
64994
69051
58414
65098
63305
63080
62487
68562
69157
66812
67123
64583
67135
62993
69350
61535
67270
57564
63798
67410
68443
58423
67415
67749
63102
63910
68476
68413
63462
68722
66386
67437
61027
63750
68171
67563
66172
68207
64599
66683
68095
66081
66412
66988
66762
68915
67459
65746
63613
70573
67186
67013
69169
65056
63027
65365
67707
68148
64289
68572
65429
67211
66654
63003
66610
68604
66863
71614
60389
68025
65199
59009
64948
67197
72883
64616
64389
63832
59730
64952
62881
69082
70052
74880
62252
67207
60190
64064
66250
64101
67164
61889
64780
72018
60971
70737
63647
64699
64479
58795
67921
68938
60403
68466
63728
63613
64851
62194
68204
64506
66405
58708
63223
68579
65341
69708
59618
65473
67720
61466
58542
67216
64148
64051
67993
60473
64123
63458
67454
71642
65386
65981
64161
66297
66705
67528
65361
66284
70842
69476
60561
66739
68729
