26576
325873
249881
333131
100750
408353
531148
526879
607923
488159
90090
223608
530538
177117
573361
313226
345539
470147
66531
624816
144623
526962
465187
254108
382286
164894
194222
36540
209795
484639
465917
423713
31849
148133
550210
169025
163629
34114
213146
417214
197996
126022
508183
34895
216699
24715
11417
581883
121850
578261
548360
273728
65889
117477
69160
140250
403036
590639
543766
159627
79101
204869
586872
43517
385163
538733
353051
504002
150934
321213
411367
11773
491600
512347
334012
66130
222529
184286
24417
258262
577831
299736
238327
505222
166454
83170
119831
441063
576914
457445
593067
590431
386104
338605
650781
609693
81026
449850
272385
104923
47186
86486
620333
356686
215664
558950
176433
454919
360119
412212
315917
262103
556675
234910
422450
260125
647388
590097
534485
508368
396586
200684
652767
166831
30631
226141
610261
457656
436034
73982
502129
203019
413144
47775
482867
481323
395238
633352
106970
102020
591360
82349
474559
191174
525336
521278
495918
555233
620335
449866
140690
398385
88706
93597
268164
278420
69898
114189
264521
621637
312200
172494
647778
154129
22815
215486
594185
580022
76549
530005
299342
32913
125966
261823
129023
590751
193662
28474
28532
320718
151601
54154
605945
447056
319294
359512
276449
144282
629565
583000
302045
336655
265282
335386
426645
441192
233088
188493
277489
166032
388626
236907
636988
318670
234805
137892
240146
481473
542180
560351
503626
493152
476085
531467
362020
143424
355318
364844
342192
156654
357003
342325
189252
323382
352297
393100
381465
625570
59705
181301
525184
269631
173247
353244
202218
64115
50620
593653
98080
413849
118474
248004
310271
428312
332481
98630
638345
401966
203459
527923
412882
467456
350879
366751
458240
125807
123515
183717
499360
411650
288397
460670
201522
365444
500396
6340
148271
76390
603664
88893
579400
652307
166567
614083
313090
558681
556669
645850
315676
313680
347787
114013
17201
507295
472526
244691
10958
122279
503473
76423
151002
353571
331759
436097
29045
586160
282747
264380
584872
553213
426102
337205
514011
226896
492571
17655
303472
425445
532799
525740
173610
139949
130291
508675
26767
118384
522177
40217
346209
202722
270513
535920
374997
602701
182059
625756
85341
582655
184429
451651
54397
199575
237651
266598
34554
341235
510999
173416
600232
293385
50908
325800
44272
283509
61997
377700
444965
235391
556064
325900
425478
570473
500485
468323
55658
393855
189195
173070
258061
34006
128017
604828
593348
363591
133840
488381
337
529231
154592
339168
350707
37621
520243
174329
219812
647091
528056
285110
44754
127575
617462
543238
274250
41056
526918
418115
166677
499338
174293
564267
141737
441579
43062
515191
151890
527027
87270
421624
542095
39738
432102
608324
485063
609641
426897
551351
234691
376020
191107
425872
181839
220585
22830
231760
173430
379460
79866
68857
122279
280072
123740
187464
587201
527230
205826
413845
155545
160060
71078
325422
210900
393475
547534
114982
429331
416663
179914
437148
547100
233994
188550
261327
399974
616477
509197
336580
461050
315640
153548
100772
312400
138620
542241
536112
576113
522672
232808
225324
293768
638737
6594
350590
408816
249682
623295
580362
594176
118574
209700
289040
479161
432914
545339
314578
266684
344719
535948
369414
301194
58853
187670
94467
582999
182753
405273
66551
32440
626412
395751
239697
477255
174774
276066
396404
262604
140075
516326
397489
181849
20375
100059
615021
494021
93780
520071
96042
528786
416337
540614
652544
395616
572208
283264
111310
177342
175712
535185
111896
335182
391681
143013
602260
7387
463822
154541
98909
42886
193294
375713
455699
42226
420080
402767
519255
190567
507477
542881
88591
356718
213642
430611
19810
47140
447414
569244
131596
96499
277377
548978
75959
313232
508185
615410
554834
193571
355995
166095
617210
598850
340641
86715
266482
542484
465551
217979
388756
550360
485308
220124
438653
698
281295
601536
112078
179422
486625
315598
335287
158660
77514
432136
158384
638427
482410
207419
232527
321343
44323
526974
577721
631199
198750
47435
206603
464189
78141
190668
68818
565118
146013
447792
614351
525304
58761
167994
308206
17120
307745
516301
382864
631345
300640
501340
225324
63771
61084
325269
602218
465231
154159
577659
226285
170617
562057
385033
27214
337219
650463
606226
130695
14619
273751
13564
643498
357964
301990
427189
578573
72349
394075
318913
488401
14822
99414
278140
480491
243519
63361
179677
562773
423767
485006
152652
511055
171875
626449
14078
510777
33233
166363
363265
372960
34607
643083
333865
396283
264610
225272
565597
111574
395920
135298
10036
512731
654580
208409
200922
37170
235595
266180
376558
17038
143053
492606
203263
108186
527175
499825
4869
473546
446956
397290
424458
36541
131904
32577
481870
138196
412169
470775
334320
68872
89888
444654
426115
371982
616637
52108
406519
74785
503852
19267
412116
40957
295192
42059
580090
480848
100691
78662
267876
654638
186190
50898
11601
42796
492040
113089
633230
137187
131504
333663
403659
192901
174020
415067
596812
232537
97388
415179
596288
641790
101252
28073
188329
525456
294325
578494
458447
333953
375933
597491
201789
592140
268905
337254
380180
440831
67418
46474
440113
175281
636670
5260
3563
654784
161632
557117
524307
503120
257123
218824
89858
12249
284650
28763
147060
314982
322974
5542
225956
7608
546919
495214
86704
399989
10341
452770
630431
147036
355831
86821
346498
507007
358255
254526
194292
590044
530420
55499
478504
103424
297875
249642
489714
488971
578304
420271
163167
271274
481056
147293
302600
248979
493372
555289
121207
388158
584961
79011
654406
252624
188282
244374
340067
37223
196975
201112
649094
639251
292630
368085
19048
247251
364389
224384
58992
208486
365019
5975
38822
120428
10356
21849
288142
378209
624578
82282
122068
142835
50919
330590
546138
483924
256551
649683
288415
495919
431401
181906
52156
469973
129717
148148
15214
109757
46471
73269
106540
400793
474369
212069
579678
620073
131028
241831
294538
557789
437527
244061
437379
111222
333596
178300
630931
96435
484585
419196
16489
197646
260605
530352
77014
628849
161235
214395
399408
141166
458171
327271
316120
370812
10429
67734
238370
373296
32689
644468
34523
468596
175524
225945
362958
49118
429683
561492
479381
36685
48614
354323
158006
199499
465291
220986
542892
427291
361919
196179
515853
606024
205664
335014
495704
62479
450711
96770
386310
16814
477589
221077
377394
367848
53572
461156
207044
628322
542566
204176
245194
239108
299053
96720
62631
229835
269578
166692
406346
582681
414254
443540
575816
527659
567722
191192
400332
398968
51142
374911
6788
576231
15783
485683
56407
487571
256226
44076
574452
644942
38458
288693
479356
174238
134354
143260
323569
405584
75129
38342
160319
216078
295770
430786
117501
33355
267473
595217
413144
150458
105504
325261
625520
589787
28254
599421
435933
582423
305001
59795
333538
55711
598103
460780
497663
484253
98902
390391
114286
27848
163831
86122
390518
416047
260864
132509
534509
388142
24059
596105
175331
429932
494181
654785
563450
37103
234230
264739
47134
485890
193935
415841
516149
486645
594224
12030
497150
581751
272921
406844
312415
439581
392977
259447
413524
518251
402060
288852
354633
382063
304399
534049
428176
181195
204829
483430
534851
463177
39012
193693
545226
495632
471637
32337
571366
561275
506548
94347
347601
24029
246722
619499
591316
580502
181128
41420
477544
134062
515580
273265
604321
36803
84700
58534
411395
284542
65604
206751
31542
441594
536234
46554
27281
514647
10715
644654
63284
335482
84599
69728
169756
593355
225328
634904
399546
136432
481621
318348
45814
429949
301918
29965
44939
375195
560452
2023
52786
26665
240008
133590
220605
356944
384526
163365
433209
280000
641130
358094
99435
239061
279363
417129
622969
149142
345423
119348
507101
216933
184515
276866
8146
622490
474563
392366
60666
35834
642745
553109
137343
536838
539725
541217
398703
158653
242795
561097
529003
196565
119548
410063
646739
458472
188850
81950
52394
160224
177195
139679
554076
475284
295149
80882
511764
298683
286963
140681
365748
84397
542788
395518
99652
408776
66855
271693
94883
586229
348423
390189
352623
222836
126248
33312
224380
43970
118523
130512
332551
570493
83487
648594
412943
490125
580367
58784
255427
404629
148449
519334
331304
603320
478137
118477
42744
447917
321241
536309
319333
244096
162946
262249
483227
520782
19009
357528
38938
13935
353844
593625
265019
165104
230206
490299
180225
479706
383015
503491
561701
527226
524357
448440
245798
366058
518792
517915
150991
460672
130206
337832
644090
214728
258251
19166
314039
616761
67103
377523
21317
172975
185232
439722
499402
245062
418179
118488
568069
192721
180601
626586
328100
153641
493543
138037
230581
271739
553414
268501
280451
258013
267832
586960
403424
42516
35097
453210
165080
454215
68097
434950
354065
441753
61512
616749
439865
370457
594113
589783
565489
236548
627450
296808
338477
170574
256134
622973
534116
167838
393229
632861
393632
549828
512999
627266
422134
269025
487786
384426
26733
120603
498436
438954
37475
172036
151906
206178
414817
522522
103242
526520
539321
550221
526727
635948
536540
484023
485672
58118
91016
73120
9719
259634
18578
471770
241029
159956
57931
648304
135513
317053
251411
48887
128959
85730
91492
152695
449775
416653
132568
594722
402399
33016
12775
252404
368120
68698
647073
72231
521472
462441
480993
221902
525220
188174
437771
314095
176260
281396
263037
407845
582216
1099
16485
215008
383229
69873
445127
361405
427968
92616
574888
311310
45860
253192
352970
263766
544726
599796
52351
284355
296967
644169
21299
631943
613362
271814
318044
609763
457488
7728
301054
443813
296442
206580
251352
514786
456313
595215
104320
188024
408245
180960
537869
581541
372814
228956
153925
455131
187235
228518
265538
395207
366514
241694
59681
13314
628881
562905
276149
351502
141057
599173
55697
245868
110202
488694
545863
437995
83072
142337
354167
181891
372403
583508
494680
631393
465021
220569
228055
258187
55014
193938
62473
372528
449669
219955
604892
345307
502885
291344
279438
334195
136029
645214
654515
521488
13415
621149
567116
138433
341277
130124
540421
219335
393957
361693
107220
122375
452661
500901
586430
110022
387174
259634
439436
532162
480194
88827
143048
592754
419915
152739
645409
432803
82911
404880
398062
144778
529548
330016
603701
390878
82260
306426
492714
217511
319876
527006
28574
17134
265337
327582
295626
545376
460469
529004
198060
274383
568038
231682
27137
346780
364268
276557
550167
526244
277864
5189
451341
27372
377759
150395
632289
346815
575722
220940
71478
289839
48426
4145
217121
298132
217790
304777
120542
87285
556593
560905
479858
169277
18923
463843
62088
267446
598133
307811
425347
199736
608432
416364
617546
446019
102196
146800
538522
214240
387391
73549
414965
289516
255670
219737
627455
124502
326611
501226
654836
584861
652325
462240
240163
374162
459028
284720
651252
382796
131148
261483
103949
598903
444322
314723
22286
276884
105312
643730
38922
462899
331094
370066
264629
141133
423483
51628
650479
125103
589
238889
377593
27718
552243
143044
111770
67884
507114
463966
652339
500127
522404
49096
126822
507422
452005
374926
560273
498320
438121
409899
360441
318879
292619
445312
229617
226393
475159
475333
448022
651153
379205
200683
393518
491436
282160
35035
466785
36947
618355
555966
327289
64893
169471
170762
313162
294062
75931
8561
554136
275934
579226
32079
475742
16892
548506
652228
646691
444655
12682
166258
128073
578732
627815
504510
230810
405082
521186
654655
182943
368599
257249
130171
67372
559448
507778
171454
341142
413562
262910
598665
570895
96075
461384
631765
393953
46022
372335
72840
324812
231709
100024
217924
27271
515279
111791
383016
485041
633208
239200
606513
111908
434591
336170
584254
407758
464278
14944
206774
337512
165865
570796
479010
500398
147291
287682
483423
142162
420051
114822
360166
557562
205480
505911
58522
182973
532613
305136
192123
86279
358638
44760
318625
173411
380169
223915
104726
195007
335418
55092
605522
233778
602365
598255
70371
73565
546863
352994
50025
312738
616164
581127
53322
53629
448046
98349
239911
482909
43349
507498
616877
39019
423992
455449
435405
5302
603082
427806
210833
344655
408606
53821
128955
411130
634109
67590
369096
553875
259320
135198
185288
166338
412353
579441
363927
252189
312037
588194
541858
595666
116842
559592
46739
152473
648862
379233
651283
324831
33716
292056
169319
121192
614224
101358
219385
367219
27110
405582
250786
550383
25042
467928
458173
528076
369731
379895
131908
459679
633998
150206
396502
386116
635280
419885
125346
202349
337287
36858
390374
114557
378136
335699
627783
554388
138121
73563
289842
581339
71244
560122
196083
331617
349274
548996
230987
546921
102836
417423
345025
249220
523108
96353
442909
296768
406410
36542
242118
225845
210736
265147
313394
644529
324786
136892
392434
639106
250282
566025
319904
542824
340294
566699
98283
21801
607083
280804
497079
158894
60531
31927
446882
129389
194133
92591
260966
226646
55694
218918
53219
214327
4021
233474
360142
434252
634361
239814
69213
563847
322621
338665
183917
94563
285046
430885
34864
23326
104623
296910
145720
526637
448931
190206
213728
77594
70085
19773
252425
398226
311052
547384
620299
46829
532014
439160
251855
527327
292882
283517
509860
81062
608496
170799
611488
197827
572067
530493
618762
51200
445624
586854
523033
400273
244846
117062
44697
493946
563694
199407
277127
258730
380092
72955
247242
642624
11963
630148
195163
280223
540588
411472
164299
132767
532040
178041
207722
6629
69050
315240
435379
476045
250983
46872
147210
255288
14352
548469
119873
458869
131611
449068
633735
333257
167366
250725
296036
246872
614757
547795
394192
216195
59217
217634
168147
245808
383804
132892
649387
105980
245399
604439
201029
576367
592620
617580
157334
564572
546087
376398
363878
235707
642804
312222
51761
551111
361312
250562
388859
29429
498742
567342
238595
498954
633258
385115
360167
621109
508354
121861
566992
551724
145630
327457
294886
448449
238749
82815
18971
545560
623751
248539
652932
551389
175539
265741
384918
585988
464407
579023
654761
134413
222931
189110
101746
8921
503481
159132
46083
322241
36465
53253
312722
158712
540432
125305
627173
377546
408389
157993
54459
392665
306262
228026
153645
237510
548900
331426
613075
134195
139368
475154
66261
223231
432045
42098
133179
182871
400001
53484
189203
207782
259066
277443
523836
350184
125741
174502
346452
466151
440231
27300
302782
153612
362022
584572
221341
61031
444492
122288
494324
409039
46369
192364
118724
575577
142431
62020
522508
273944
383325
432822
587765
244095
357339
451172
328849
33301
337776
405684
279854
519541
257256
452843
46750
422989
426417
318772
23286
604121
323241
271326
389454
1540
285718
574685
650769
72030
104359
164339
431472
575132
360268
62270
625041
529643
632114
19273
343944
332987
614660
542265
444755
342272
533513
168843
189192
512878
141402
457400
103267
406295
283633
328478
454115
101224
582508
120815
527856
526276
164684
286866
68228
274149
449559
538614
493688
435247
73223
295165
202800
475996
75609
291561
197652
565564
169294
624627
641278
331897
8527
549896
242203
398726
390365
653209
577740
415978
220226
66389
235360
535298
601484
335950
337744
241997
500353
24879
607897
430733
425907
574173
640685
146616
310992
153432
141678
321132
79573
203169
574302
451400
421368
497916
151871
320090
434232
432758
528423
299315
394569
281722
296330
53676
470314
324286
545036
312210
31497
560022
87424
582332
457577
501043
508834
305920
559674
170369
503472
98569
524440
41210
426633
339131
410077
315377
316452
357083
279052
358824
394976
169026
582123
396565
619039
74075
561317
328185
648401
123452
623451
433794
507550
120009
158507
350001
358628
107211
428012
614597
396641
198526
506470
401479
160985
543268
639362
323606
570632
180617
19912
115985
569746
355318
155458
630922
171869
188643
627142
436459
611556
570323
345133
642458
45349
602363
244611
588479
620843
51157
38572
34521
610551
90333
365618
610536
639938
231695
47663
566873
541989
398937
505221
650904
597840
139795
255537
273488
233937
221223
567228
279661
129300
6264
190876
426624
124686
104156
528818
548455
624366
250978
319889
523852
318358
362033
344981
296508
202476
500343
485298
56302
171111
425551
425524
161698
166769
153893
641959
333947
470358
78032
459073
118979
648306
76702
490508
319137
229425
538738
318826
370684
143936
251336
158639
184547
631611
392617
514513
283323
138120
257514
359292
70191
537748
356621
449498
24687
339152
414126
630140
628914
481786
254687
261369
264030
158278
417413
146895
464885
447392
459462
399086
376296
202491
327463
472819
145216
220881
631126
329375
412062
215777
22357
556737
379029
210526
5164
14023
342520
623291
350668
602072
7643
186646
270384
632676
631602
415663
639302
382584
228256
365686
56713
377856
155119
380384
320514
18412
560919
67652
74444
577457
309837
104341
353213
567282
150719
608443
264768
326553
136838
573870
575125
394934
217167
420188
95581
472988
202162
490015
348472
467630
488802
351474
611611
282468
213060
405316
313007
292369
266474
181146
362780
524567
227564
293748
386549
223065
333587
574173
166296
354793
540714
549539
329480
149458
349394
142154
318801
640267
385930
118560
144058
613251
124851
155685
529147
436931
636254
391794
38462
335460
307806
504565
58536
595009
467332
75084
219969
316695
293631
283950
572458
70491
523874
265213
69501
258269
430406
65632
167859
506598
296569
158634
430564
383448
380345
346102
228567
517660
420818
101983
520547
398823
406446
76804
55787
522056
343537
271604
265261
459722
616723
378804
515183
38173
604140
97424
371822
272770
513513
205945
39285
622304
339373
96371
46481
401018
369370
215861
52475
426392
179347
529495
539262
315236
466771
227910
615507
79936
129738
134741
364150
620233
163076
428866
564086
83463
223331
494005
406808
296129
620093
334284
197093
46690
541455
326201
508695
629229
609600
117250
200970
455750
171422
153659
435299
533732
576514
198116
264910
484763
27236
25840
553154
150450
114331
186537
239612
302182
434675
31926
46162
533472
445506
24972
187994
60357
367084
182386
314056
341843
582860
321918
132558
383705
435661
175203
5020
235753
319220
154907
278715
361130
456709
648303
30535
366493
218032
189766
536013
49822
612282
387570
17117
313710
233588
134295
69464
83024
52014
221837
4045
583395
540269
137307
151691
512482
281806
511220
533461
295526
259557
275349
293948
164861
461184
220861
76900
150682
511555
655097
472900
124309
286368
573231
144010
358355
205406
606644
139798
54514
317630
200736
317647
531772
460812
303199
513837
123354
195376
317670
83088
492951
541524
494902
279526
644686
195330
82971
576831
436540
454913
443322
87279
515901
33153
454665
324816
216865
609239
37631
106791
45568
200347
164933
293459
608782
567862
272000
328059
455260
635104
566341
173674
524639
117077
577402
9801
197677
2543
63036
78238
136250
349889
249705
280557
299601
588331
633716
136249
485461
596349
287893
565134
521807
56595
333231
54633
553453
201465
91735
524283
344429
57241
50500
244955
68628
614462
389968
613600
519745
517648
582996
442056
595938
141639
220736
282489
226833
554376
615719
43855
147424
12063
298128
467443
146858
411192
161783
382857
206144
376174
619011
69044
70671
407893
546586
227853
311079
391889
383194
93023
355690
431798
393358
143338
540306
92860
241310
614312
153038
81557
61791
299458
62309
633488
289810
73876
565343
219026
601868
171459
279661
643351
561006
153493
136390
18582
364155
87043
130142
373736
363945
303384
621289
246611
256933
504656
65685
441115
466756
341140
42334
473965
502073
626450
343823
412394
584251
98341
588370
453481
47777
41307
387397
82296
440932
593527
359424
412949
187664
362867
256373
258047
214326
638096
555033
336579
215983
170362
601482
493030
319573
458399
5156
373758
322976
208208
144390
171637
299820
196185
185491
463404
565803
618
333186
206021
251438
400060
484106
542471
99360
351753
310613
563052
529903
154243
170047
468817
236013
238838
72403
182236
40552
630315
107024
92438
217468
207234
157189
41244
150816
101441
503287
642300
454341
305194
216858
72052
502107
489587
274984
410054
27148
652809
13721
3976
219369
187541
410821
129396
171343
15477
112197
330339
122745
304236
145906
498067
161930
480432
359539
498718
361905
380788
572880
185105
625414
198625
139066
42618
523191
123702
106320
564683
399442
570184
189869
142097
41471
343865
592511
59680
570933
201158
381569
349574
301235
318754
161064
629618
562927
250846
633593
403642
653555
161395
107937
456564
169550
500102
11377
160215
598995
492995
490307
561976
598286
648047
583588
219961
232036
370398
306135
453696
404786
245298
67950
149476
530396
138062
336558
429462
334564
207252
104057
205350
302784
391555
259572
89050
432903
390018
79518
122538
602233
375869
615910
414467
281313
244902
572233
96169
577422
292612
641286
318122
214853
391409
360299
332849
403688
584685
71632
189810
487778
323193
297579
407742
355821
284395
1968
202716
366031
20711
430983
386602
327509
204135
182342
14223
23641
376167
39248
90012
537466
170284
598933
293244
516855
65035
379166
19362
128708
317159
381239
593462
182944
86867
568437
503666
156216
571543
580880
57970
193175
651260
616498
397540
645253
449178
44125
357239
364447
36295
265979
111245
518086
297588
364682
227406
59155
519635
383471
292997
226365
306489
115522
122759
62432
72342
435475
49560
632552
314969
148383
414171
413025
539601
486357
112594
354323
112911
560428
220447
523317
513313
251650
594119
208732
161936
461817
258407
121907
151729
173992
104678
124372
457407
470000
140234
315641
267551
210274
602918
179818
28651
337403
250426
143930
28446
489503
23977
159812
542275
467481
438506
456039
643139
391815
75115
221647
311152
13427
570722
601199
619519
175705
615178
132852
503415
36866
101400
498126
511450
170986
599729
174301
239934
134420
440670
440905
417365
372491
195422
52208
123372
470584
93010
595667
642179
322547
152353
152192
32612
194519
603815
593945
69896
352061
59406
21433
121047
138127
96079
135316
163413
569870
435241
38263
88622
281765
568310
303998
541795
15114
585403
50782
641814
298373
577297
238093
238247
590150
101238
129594
499837
359606
144913
618313
391996
619657
483625
484394
504799
147231
576971
452431
586125
92723
237266
407211
8999
42859
212959
416336
382249
477454
46439
481848
355704
296509
429448
559196
465566
434651
232408
567156
300135
650673
373489
436217
17152
225064
70863
112509
346710
36608
369921
324476
528898
329067
339648
213305
620362
407269
152694
243094
82668
348840
414420
328762
259610
19513
224548
432585
160276
181872
619782
146055
27668
146533
315851
637291
12476
459254
647583
424707
111450
447935
302785
36559
390095
539896
510464
575992
94708
550158
487813
426129
286213
373153
316494
109634
317400
39575
92793
470298
495285
629992
442324
496752
352480
231198
558527
122757
373210
271685
288013
269325
340022
229139
56367
188667
458152
345053
83799
361223
450079
60422
286765
254471
208186
114067
285656
514607
379988
436000
474234
115298
484204
365293
411103
384012
390657
359358
625942
652133
328241
150876
393663
27995
502507
367323
375282
616339
218438
6248
618605
294669
629179
464817
279434
583500
369578
592871
5999
548434
282704
274295
650762
449851
361568
629153
272058
477714
441931
11587
81404
317592
21523
371009
199502
366542
634031
492501
7182
366889
504862
259583
400963
512098
306262
167977
582785
4008
500325
25865
274527
621309
404137
108009
14372
395992
443486
591679
257410
83108
574593
487531
489675
414541
301227
250949
193273
165689
490056
451077
46810
522296
493152
378324
225944
332991
350660
11652
165857
227514
96672
132779
328881
328175
163675
234108
587072
578118
245026
585576
422186
14794
626067
83658
607214
70792
578771
189885
202191
616191
652248
218872
8979
370089
236721
307699
417207
45596
176999
612713
50485
540271
449967
322572
304586
548042
646467
130130
363495
210472
286926
180427
129726
1391
204777
123261
175889
487188
387042
175634
414080
529805
32227
307390
176384
285348
638284
380660
535464
630059
571419
416154
157832
494978
47233
625808
213631
451371
18847
324371
397442
297754
22272
570974
58239
635147
406350
511801
493349
301747
111929
559107
415345
65407
423935
6080
587829
424524
447700
73570
550992
37039
534229
535950
237480
342687
347870
385536
202696
160560
544883
419994
81233
443814
548966
507796
473452
595122
394257
351224
52719
208814
191814
438505
520505
136173
46813
477130
26869
227483
358828
152169
117693
325199
375007
302200
142537
83799
99877
81464
412012
342454
257921
227725
126461
520148
187070
654951
486496
300383
451987
280347
353660
490546
495281
278637
486272
151601
505638
163616
610324
413773
586021
145836
242430
17899
205903
78594
644803
121866
30514
446457
156893
623773
43840
275075
424903
374841
169973
283737
213407
604904
531569
139677
9437
226671
603426
106126
403151
76507
168556
289273
274436
338089
245167
261591
55393
257874
62221
134813
558142
513245
40424
654829
471487
292541
372572
505847
26275
126210
639087
74941
468197
306679
74855
587782
636984
540146
116087
415764
497561
325940
48609
34030
190587
315946
210401
426427
421857
58550
556490
260221
49187
201147
126185
239542
128388
231730
376545
350179
79596
134172
107886
497857
493320
381729
540372
232802
422212
285624
447449
168370
574839
243206
23765
10932
143316
570886
624951
218504
325554
357332
245454
384064
422553
25863
226410
78506
160779
517413
248859
212315
247960
61261
451147
200568
470728
387110
535792
596654
188375
460682
558728
3694
558306
109741
533396
93180
290915
551134
328480
293100
449468
60002
513085
376745
3143
513770
387314
604767
486402
74159
396792
632471
277216
403564
530975
576253
97782
247342
350566
326269
251384
491115
448987
498029
147628
459785
194252
534684
27662
149856
505507
462840
104458
325090
257544
115055
577209
630293
486183
530147
6741
115280
528859
72816
482011
605711
63605
218186
390580
235584
144397
321094
67569
185292
422906
471451
129353
180150
515183
165355
290356
364872
409014
148117
197752
260621
515454
544347
50368
556129
299939
93367
136103
406903
44562
391947
474080
149710
72214
415544
8488
146545
163644
321547
173505
199758
59710
122386
372632
518304
63825
57150
535280
254064
231592
420231
141051
192937
294863
128538
78667
412812
571490
341962
476785
525284
3593
598717
166652
439432
277997
530208
155050
243520
539163
92674
70899
587113
625354
202942
181750
563252
158125
410769
417515
380984
459039
225338
605399
545528
501246
528975
57409
211100
653206
261914
648995
90877
371257
22939
631650
581722
6857
306874
328359
195246
66947
415732
228570
89417
1003
196067
22039
544371
91109
447965
485940
16427
247167
639344
70514
73248
573337
146417
103564
535845
251301
116533
271084
68695
6842
347216
3221
575274
318136
198644
99206
113571
480375
352523
296232
243743
601793
179709
42368
521557
155087
182202
349039
183824
39583
81921
621843
287944
27784
164277
299063
485459
500797
553959
116822
165428
149039
5907
624721
201600
412596
352657
28203
483738
541863
12369
541877
564495
179223
492352
444106
299541
652889
451442
612237
635895
199718
259757
248996
508062
199181
225818
426644
612568
461743
308457
324312
454447
67717
386555
49697
355655
402556
229043
47335
547892
347137
91243
32557
334128
39430
131650
610732
224241
373999
610835
491373
571049
313046
394870
31479
65058
431281
236665
469714
343000
322372
607447
346451
652266
475427
17662
636128
170062
20276
184104
452756
393942
283110
194942
434205
399075
507010
131057
509070
182128
50944
56304
79266
430994
109405
23407
195079
11021
64222
600859
156929
595166
187475
320212
498579
331165
124423
491123
30996
117310
587139
559037
578282
191104
308924
507652
644433
34058
484723
206311
422729
556573
571769
379907
153226
119879
549880
305702
481521
350101
254590
648319
10080
304915
470157
106170
412584
470929
343123
370968
110324
219533
420600
204548
180665
120613
282431
179528
129900
552754
527896
458270
269825
292122
315284
170070
244759
542040
163486
343682
477547
32127
263159
299745
323216
480396
43758
553268
512881
623714
343770
594609
375315
232528
