68162
68685
71443
68814
69597
63230
64194
64004
68077
65149
69131
64640
61570
66732
64569
59508
61245
64104
71761
63326
65462
62906
70560
64549
61234
65159
60858
63909
65668
65738
69673
66636
67303
67404
69433
64154
68008
68006
64870
63003
67116
68694
66618
65043
67215
67049
66990
66533
71176
68055
66065
73099
66295
66650
67070
62418
64184
60037
68418
67489
65841
64569
65263
67115
67763
64063
65239
66766
61936
65847
64529
74974
67993
66721
66089
61563
63370
63448
66471
66877
65310
70598
65314
69807
63745
66423
71063
62184
62094
61718
68078
62997
58908
65274
70798
70768
61067
64935
67178
62423
64462
68481
66776
71742
68908
67530
69345
63334
69765
68451
70296
64039
69002
63464
68295
67626
65684
61549
63974
60040
59994
64931
64666
61378
65730
68618
60423
63279
64869
62903
66928
68591
63854
70660
67944
66396
66832
65995
60623
65766
67640
69386
64615
59742
67638
68931
61803
59722
67358
68282
73907
65950
69131
64785
64386
64079
65622
69257
64319
65449
61565
64526
64680
62771
64384
63314
62519
64955
61541
59853
61589
66262
66012
65634
67371
64846
66940
64520
67451
74365
64722
63431
68782
67864
61539
67918
64775
65660
70511
68018
62678
67083
63281
58234
63849
66838
71938
60287
63821
60542
65616
64379
66832
65898
75848
63491
67513
72933
64882
60648
62322
66107
69133
68559
63241
65699
66787
63196
67341
66073
68601
68459
63686
70543
66448
68629
66529
73543
64170
64571
63594
70087
67670
65225
64609
66146
64562
60086
65801
66747
62984
70106
64573
68229
70744
63389
64018
66720
65530
63787
64593
65049
67335
68945
72095
74984
65823
64578
69993
68633
64828
62633
64419
69189
64674
68651
69343
68641
59027
69105
66304
71383
66882
61363
63433
59852
70234
62354
64643
65492
65949
68057
58379
65218
68168
64597
65630
63278
63379
68665
67803
72360
67049
64582
70894
66650
69386
62221
64121
65473
64774
69183
65226
72836
63071
68152
68688
68304
68656
60529
64858
63473
64633
63648
59509
66483
60051
71431
69870
64439
64049
60095
67689
70357
67840
61815
67572
70181
60605
62913
65392
64628
63946
59430
65851
62809
71644
66801
65257
62832
64684
64606
64188
66369
68678
64807
63706
62772
65468
63763
62102
66170
65086
66163
66583
68740
64672
62432
65715
74588
61677
65335
61447
62589
66316
68514
66491
60916
64993
67339
65609
59806
60944
65111
73965
62992
69905
68340
62891
68693
66659
64556
69179
65975
63231
67305
67447
71192
67376
64041
67499
61379
67045
61063
68040
64230
70706
68507
68219
70336
65406
70123
65794
68180
63900
71960
68074
64127
70661
68589
68625
67506
65959
65042
63736
64367
70729
64176
66248
61658
62777
61069
67435
65651
68595
62280
65471
64688
67178
67807
70268
64819
73294
62079
66774
65249
62626
68468
65983
66640
61846
68488
60219
65067
76046
66880
63380
66642
69505
60995
65011
61215
73432
65445
70991
60436
64506
64267
65061
69961
58450
70257
61070
62867
68310
65532
59689
59691
69954
66443
65850
65616
65630
68526
62148
65792
67377
65299
72863
67831
63453
62999
63048
63923
62793
64004
61330
61272
65441
67717
73790
70440
64546
67636
67473
66828
59674
71462
60989
64655
66779
62586
68697
64416
70407
65785
66308
69519
65599
68573
67886
60165
63493
65860
65096
70455
65713
66160
68595
63803
65558
64956
66993
68694
65858
62121
69558
65957
62270
66930
60377
62503
70831
68773
65647
63419
62654
60098
65483
61335
68491
63017
67708
67255
67150
64602
71558
62588
65558
61184
68136
67835
64902
65026
58292
66261
62758
64027
66348
64727
64776
73701
71657
73031
67542
71589
63738
69689
69459
64395
65857
65823
66670
67974
61728
67828
63477
64761
63924
66765
63660
62263
69588
65079
67694
63131
64476
67047
65908
66202
63198
61636
63263
69693
65935
63473
63124
63655
62678
69188
63137
72937
63520
68092
67374
63244
65581
67673
62763
63090
62024
64321
61470
64671
61470
64929
65441
65004
66599
64119
61615
65504
63551
63138
69351
71304
71964
69256
65209
62151
70819
65370
66584
70982
64000
57972
72633
64789
63358
71190
66524
67164
64587
67461
64231
62888
64205
66574
67302
63410
66729
67139
71354
63632
68266
63989
64152
63634
71399
68048
69670
63010
66637
67518
74317
60701
69643
66703
71615
67399
63034
64132
63983
72632
70206
65076
61990
64248
65759
62862
62181
66052
66187
66254
64171
62923
67693
62653
65069
62581
62445
64604
64469
73087
61610
61018
62136
70905
64456
65590
67672
60770
68018
68586
58353
69774
65216
65268
64292
64598
65265
61490
66364
70285
63564
66487
66090
72048
62929
64350
62954
63663
75277
63557
70891
65379
59179
65782
66624
60650
65933
66169
68422
60247
65665
64567
61918
67765
69738
62014
68402
67842
65469
67208
70547
61681
68944
64960
67279
67470
59566
69937
61160
72225
64397
69357
67426
65910
64202
64554
66191
71640
65353
66336
65540
66766
64761
62972
64064
67016
64566
65485
69197
66807
69404
71187
74180
64723
63831
64603
66447
62082
63811
68728
61702
66254
66550
61930
66228
62087
71836
65455
66297
74097
69503
60985
69778
66281
58949
66944
63865
60356
63593
64969
60866
65633
68204
62417
72447
71819
63474
63651
64003
67170
64555
61964
65972
61825
67195
66358
63015
64363
67348
63799
67970
64792
69616
62770
58508
66990
69706
64920
66518
69717
64650
63724
65690
68535
62107
67721
66440
65135
61393
68046
63245
67808
66043
64913
67825
65208
60704
63754
66624
62727
63552
62862
63185
67635
64914
65209
62467
63531
63740
63975
66429
66711
62957
60957
66724
66804
62985
68744
69837
64216
66638
67317
68406
63409
66311
65466
63412
63322
62650
63030
68646
63100
66843
65089
70330
64715
66260
69115
68495
67266
65221
69710
65810
61220
63774
63001
64325
63249
66112
64077
69289
65363
65717
60924
69252
66875
64986
64857
63911
62316
65515
65054
64291
67501
62682
62035
65364
71747
61996
69951
62084
64504
69325
59571
62808
61367
70230
63493
67704
70441
70227
76031
66961
63559
64762
67290
66170
65796
65939
63931
63081
61143
64170
63809
66519
60955
64547
61073
67567
63582
71882
63589
61104
63126
67545
70475
60944
62251
61685
59692
64215
70808
66835
63936
62185
66768
68489
63488
66683
66118
66971
66185
64815
61363
62722
66002
66361
68990
68690
64691
65181
66180
64252
62925
69962
62343
59126
72665
63199
62718
68917
64680
63556
68689
63205
61935
69418
65814
69269
63771
60919
67872
65009
64466
70652
67380
60080
59390
68364
66377
67279
65857
64231
66883
65260
63611
63847
62255
63012
61796
62961
66392
73531
69886
66790
65117
60073
66959
69208
65980
63318
60853
64114
62643
65157
66524
63418
67284
62800
65441
61831
73637
67636
65233
61024
62523
68583
67858
64965
63429
62106
69834
66502
60799
65625
63864
67138
61904
61115
64350
64230
63611
65075
65830
65898
64838
64641
69999
63724
64278
62813
67442
61992
63041
64994
65682
66610
62142
67504
69642
62781
66375
59756
66842
63011
64793
61095
63200
69892
60272
68346
66034
67098
66108
66270
62476
59086
69907
65907
67988
62764
67631
70618
60972
64967
68791
65839
64683
65417
59049
61871
64863
63399
70056
68252
62677
66377
62284
61882
62911
68543
62618
62630
64381
69506
68446
66158
63068
68171
68236
59151
63150
62988
62439
64916
67216
64049
62437
65543
65650
66152
64269
67655
68954
65910
67369
64141
72197
63006
65509
62818
67939
60358
64192
62363
67967
64146
72059
63181
62496
64950
67600
65165
68592
70125
62127
69894
66158
62734
65760
66995
65710
64341
66139
64168
67803
68462
65110
65250
67601
69226
62876
65257
69112
69492
61310
60800
65040
66529
69892
66688
64596
61430
63181
63518
69394
62926
66510
67495
63420
60944
65673
71155
63746
66728
63438
62581
67584
63330
69675
65022
66102
63785
65195
61921
70537
62618
67108
68011
63663
61486
64811
63006
62747
66570
64473
66451
72433
67681
71287
67921
68189
69626
67198
70490
63130
65112
64325
68706
61516
59246
64784
65202
64370
65830
73364
63320
62730
67258
63300
69167
72580
70186
66794
71699
67172
68688
66632
66648
66924
60744
62822
65732
69822
69657
64806
72590
66242
69286
65923
66639
66674
71232
71765
65021
66177
66113
65452
64943
64380
63232
66418
69834
72417
71042
68740
64195
59726
70218
61598
72119
65848
66492
65457
69226
62577
70194
59540
67000
63241
69295
64775
63124
62508
62005
69068
65826
65897
70057
70360
67443
62731
63901
68638
62175
59726
64735
62363
61112
69975
62700
62971
68215
65175
62331
66614
62295
69661
61057
61333
63351
66238
63254
67493
61353
65221
65117
64179
61219
72093
61535
69488
64919
70103
66232
65389
75119
65372
65063
66423
64032
72757
60089
63764
66351
60907
69388
65996
64298
65309
62644
61207
64660
68423
65041
70362
66652
58817
70264
71852
64529
71616
68835
66658
68409
69656
69697
70767
68829
68772
66951
67925
66929
68063
69673
60244
63149
64822
63625
66527
66365
65766
62666
61519
65464
67502
68232
65780
60914
65598
65191
73454
70334
69263
63826
61830
63278
66374
63753
73274
67897
65051
66647
67703
66938
69123
65552
71409
66033
59751
64392
61565
66788
65021
64269
64814
70919
66748
69810
57729
64996
69926
61745
68634
67282
58507
68127
63946
64257
66957
69873
66082
77152
66930
64760
63240
63018
67721
66999
68273
64109
75580
63349
66730
70150
72437
62952
62253
65778
63999
63843
64457
63160
61592
62819
70513
74233
65080
63901
63774
66036
66417
64944
64821
63413
64284
69597
66462
64942
66418
66409
65542
65021
70841
65884
66282
66578
65791
62624
72988
70802
76111
66295
62297
65090
62670
68796
68568
63782
62045
60468
63070
62946
59958
78447
66684
64428
68825
66071
59394
64108
65796
63571
65351
68521
70594
60153
68409
67297
67342
69906
66200
56592
67719
70256
66945
60387
63800
65629
63148
68699
68373
63314
67430
60867
64506
73483
58297
65317
64522
67046
67930
66184
67227
65476
64951
64004
67352
65971
66927
64041
68875
68137
61112
60968
66747
66635
62286
68322
69073
66820
62552
65263
61157
69864
69660
65815
64891
65401
66794
71960
70853
63997
71375
65050
67316
64060
66114
65577
65314
62244
61574
71105
68720
66464
69049
66922
65024
66532
60056
71310
68814
61872
67918
63244
61309
68791
68666
67434
62063
66113
68777
66051
59639
69405
73108
65556
63454
63918
65537
66215
60920
62859
64475
65754
65289
71233
61543
69888
59656
58956
60699
67426
64970
69126
63024
73283
61390
64699
67005
67120
63842
63216
65122
66325
66971
64217
67559
67560
63212
66512
64684
70037
65064
64598
65464
68785
64574
63746
63717
63752
64925
67636
67629
66950
65807
65240
63956
61951
70447
63644
66681
64278
67402
67170
62775
61089
69571
68243
70246
63263
65178
72042
69141
66591
64732
65205
66565
63710
63917
66294
65088
67106
64634
65122
62877
62050
65203
63909
62547
61938
65623
64044
68574
66673
71955
64900
64236
64325
63940
67803
69960
61445
65223
66420
65879
71667
66556
64456
68395
59754
64426
67150
62543
66695
65425
66225
70668
68837
65840
61011
65903
65655
66083
70700
67173
65705
63613
65435
72066
65122
63286
67099
70173
65631
62626
62034
63237
63292
74797
74561
66931
62212
66330
69532
66864
68793
64202
66778
70745
61904
65363
67139
70436
62450
67546
70089
66356
63871
69335
68130
64595
66054
68556
71088
64901
66096
63435
59050
61197
64188
63992
65832
67431
62346
67341
63687
74908
65231
65569
66396
69021
69768
71058
61296
64189
69258
65649
69489
64788
68223
66848
73691
64451
65963
63324
70674
61904
69606
66603
69151
71907
59922
67397
71442
67134
68412
64216
59170
65756
65879
66946
72353
65045
71387
64908
65437
61779
65096
67413
67615
60711
64898
69160
69455
66394
66815
67355
70169
60916
67593
60305
68150
66767
65315
64575
70463
69190
71075
64158
65897
65397
65667
70480
67079
69486
65342
71425
64671
63028
64107
70716
69536
63731
68039
65162
65010
65945
70311
71402
66506
71891
64130
62427
66244
65874
69492
66980
64903
62796
62850
68370
67489
68766
62530
62802
69893
62358
64665
60230
62232
64677
69316
70261
69191
69593
62554
63603
61793
58765
72508
64708
63799
66042
71786
57939
69326
68112
60718
64523
62872
72842
67089
66219
70632
61129
64497
63628
67988
59232
69174
62248
66407
63704
65490
72346
62803
65072
60720
66565
69888
66413
65559
69470
63521
69431
77335
66920
66956
66299
67640
64853
61297
63012
62388
68789
66888
65261
61044
62772
71876
68737
64702
61753
64807
58227
71189
70013
61534
62263
63015
59795
64383
62936
64064
70749
73543
68621
63864
63044
68465
64906
66806
62093
67678
63000
64276
65029
64720
68406
64814
68586
62493
61631
68655
61387
61920
69084
65733
64958
64946
65285
64430
65847
67156
60798
68557
67402
65483
66514
69526
62530
64834
61451
65431
67961
65294
69637
66147
61477
64484
66804
63480
67460
67464
60857
66400
67341
62673
65044
68800
67033
68192
65969
66682
65489
63987
61601
63874
70040
60633
66999
68610
68588
64543
66245
65717
71489
63684
69839
75310
64980
69480
65441
67552
68563
64130
69346
64921
66000
63641
67434
66071
66243
66736
62153
75537
69202
64328
65688
62967
68864
68640
64819
65860
72161
66489
64907
62771
64964
66220
67146
62075
61070
65449
68280
73778
64087
67368
62883
67115
63083
63836
67141
64241
61604
63523
67033
69374
67956
65051
64105
65868
59787
66358
62121
65740
67718
62174
63570
63405
63992
68927
66563
66554
67785
59280
65797
69968
64793
60598
63759
69288
67221
60904
61290
66442
63996
70901
63934
64488
68662
59961
60713
66233
63144
67099
57761
61732
58296
58687
67189
57768
71214
61491
72085
64850
61314
64683
61772
65792
75439
66650
65966
64204
62547
65604
71128
65806
66004
65787
67919
64974
63758
61607
65381
68329
58965
65359
63664
62033
66622
66014
64739
68321
70970
67869
66595
65304
72858
71219
69123
67978
63533
72201
64954
66978
61966
64739
63241
66901
58999
64827
61725
63539
61957
69537
69009
65730
61010
64114
64296
68220
67561
69287
63276
69715
62654
59469
66086
62687
62384
67256
63677
71021
69447
69983
65718
71614
59648
75551
62488
67018
66226
66922
64810
67977
62236
67747
69977
64273
61654
71287
64360
65128
70630
76479
67517
62174
62470
65495
64400
63739
66052
64729
60818
61767
71020
66247
64393
61848
68262
68884
65822
69733
65626
71809
69720
64824
63448
63891
62256
59167
61960
68163
67853
65436
66746
67997
63905
63074
62949
62672
69292
71448
65238
67505
70439
66604
69095
64932
68381
66524
71402
69729
70945
64681
63064
61998
63841
66510
71012
70812
66088
63930
65923
61326
70222
67068
67200
66923
64198
61760
65265
67824
64655
62636
58330
63008
70010
64681
66093
62509
64658
62914
66054
65844
62982
63301
64150
66588
67212
61367
78203
64568
65071
70805
65567
66338
65480
61706
62719
71888
61647
61795
67773
68696
66672
70096
62263
63593
62942
65610
67655
64734
61842
68066
61212
64765
66136
63157
70052
59977
62110
64877
61896
62199
67779
62536
60469
69617
63958
64774
67395
67667
63763
67548
59213
66189
69887
66787
62339
69593
63739
69613
67780
63893
64766
59569
70754
67244
66510
69107
65266
67591
67970
63843
67541
62524
61849
69628
67517
64137
66552
68211
66307
65197
67105
67298
65919
61936
63910
67598
74750
63531
68723
65868
66906
58480
64639
68619
65838
64760
70034
67682
70487
65368
63512
71380
65695
73040
72884
71957
61381
66498
67889
69028
68846
66690
75258
64039
69243
66776
57003
70472
70098
63100
62196
64166
67597
63579
68709
66569
67946
65027
67878
63397
69593
60839
63651
66246
61724
60144
68950
61239
65982
67254
63470
64926
69279
69707
64610
59745
64883
55663
71126
62237
62910
60137
67958
70599
64799
67996
66746
64829
69034
65418
67700
65636
62693
66549
62289
65555
60907
67097
64392
65979
64603
73059
70087
62777
63030
62560
68935
63064
67352
63164
69982
65944
68476
66508
66807
62245
62645
66322
63657
66797
59395
64894
68982
70674
66398
67889
70631
62240
69640
70701
65712
68025
63391
63424
68871
64532
64504
63679
63325
65453
66211
66021
68442
69083
71153
57916
66849
72602
71521
65700
64145
64486
66725
66667
69584
71573
67772
63016
70031
68003
67160
62201
64232
67926
63761
67823
68899
59605
68999
62775
61095
62423
67588
62684
66389
63093
62755
65716
60604
67189
65565
67342
64961
64283
64283
64007
64924
69938
66682
69558
63076
65123
64115
65461
67551
65898
67809
69172
70061
61042
63974
64763
64222
67954
69443
63679
69803
64321
59340
59649
68229
61650
65297
60182
66105
70832
62871
66782
69025
66088
64390
61418
62651
71162
63832
65875
66458
59240
63378
60330
70321
63142
67503
65506
60557
67132
69854
67533
64554
65031
64727
61348
67480
63510
66385
67160
59358
64333
65648
66647
64693
61908
64678
68832
63764
70471
74502
63060
69059
66676
63012
69580
65936
61379
67411
67755
61512
60947
65130
60968
64310
69559
66566
66495
63821
67711
64121
67397
66654
65978
66137
65314
57978
69552
62861
65986
63200
61031
66043
59290
68991
69586
66434
60495
64567
65833
65109
59851
68878
61955
62936
63657
61277
65469
61988
71923
67761
69388
63322
72846
68050
62249
66138
60347
68847
64870
73175
69527
62179
70816
63880
60961
65030
64558
70878
62910
69820
61491
66646
62344
68940
65395
63111
63925
70354
64335
65957
71782
64003
64129
64966
64363
68293
61759
67099
56051
61741
65398
63791
65882
68357
68557
69245
63304
64925
58516
66700
67995
64204
64388
62867
64009
63408
69723
65262
65141
64695
65377
68639
63825
67638
61305
63928
63296
67669
67754
69198
63815
69244
65321
65575
74717
66401
62870
66621
61780
64060
66017
59448
61281
62178
61250
72352
65264
59693
64769
63999
68002
63766
65040
63745
69387
63502
66599
65161
61510
60090
61421
63591
62144
62929
63432
62800
66257
64918
69430
65313
68388
60257
66792
70805
59174
63369
67944
79159
62301
68500
73031
68188
64992
64661
63376
62669
67441
66658
64369
67537
63081
62895
65789
69796
67812
63934
66670
65787
66981
65410
63823
65759
63327
65964
63250
68351
67829
64225
64112
61468
66212
64400
65926
67835
68217
61832
70085
70342
66467
69457
62068
71506
64691
60714
66574
71396
63397
68648
71337
68978
64915
66889
60056
65591
64504
61264
69390
62080
67551
60506
64664
65945
62463
63394
63937
62727
58156
66326
64549
64359
65617
70693
64045
65758
63696
71578
67869
61668
67069
64622
64085
63836
69841
71604
65843
61096
67772
69241
62628
63220
64739
60622
63127
64618
60999
64999
63986
71612
67164
72919
65708
64640
68080
65468
56839
60870
64256
67516
61166
68395
66355
71628
60917
69410
66363
65107
64864
67723
64209
65452
65867
65979
64276
68859
63356
64772
60681
59596
62753
63468
65299
63379
64903
69069
75876
60831
67698
68807
59957
67686
73589
59858
67257
69141
65633
66517
62508
66645
63278
72550
62258
63460
68534
66914
71566
63786
65606
65028
70641
67245
66268
74326
68632
61496
66523
63705
64475
65075
61027
65637
65457
65391
64777
70818
62401
64561
65454
65443
66398
67227
67859
67881
63224
69158
66386
64843
62379
67466
65295
65383
68024
69686
65820
71052
69991
68382
64151
60115
65519
65672
68751
61819
61659
63284
63559
66680
64713
72632
62651
67075
73387
66481
66397
60233
61980
57745
63103
65897
64746
66855
70451
69458
66692
63808
67091
65281
67672
64173
68649
71906
69974
67726
68749
65327
70154
68071
72862
62502
63618
65229
66794
65412
63516
66648
63443
65016
63981
69955
61402
63354
60622
64698
66992
66783
65995
65891
68326
59717
65358
62094
62654
64529
62965
69411
63177
65025
64013
66391
57339
63853
68321
63051
63142
59093
68852
77919
64292
61586
70435
66470
68500
66502
60147
69868
63989
63962
62835
68053
67370
66920
69849
66325
68459
65223
66025
61532
69013
66612
67856
68530
63385
60142
64433
62940
61434
67039
65436
69092
57700
61208
67332
68837
66254
63318
67410
65792
63682
65504
63990
68617
69127
66287
67213
68618
68463
63762
65806
67942
66255
64631
60318
63607
59907
65594
66896
68783
66316
65125
62542
65897
70509
68809
65323
68309
68993
61785
64327
70657
63463
65804
69914
71867
63834
64139
61284
66492
68465
64480
65814
64262
60570
70218
67535
66247
63151
62791
65042
66771
61030
65847
71541
68605
68442
63328
65354
65524
61992
65614
67730
69270
62696
74849
66237
64779
66810
66099
67708
64498
66463
73827
61568
66522
58419
65701
62299
64023
67198
63859
63530
67525
66174
67980
64175
62669
70666
64532
64913
67332
69520
66905
64737
66967
62439
61971
70451
68581
66615
64403
69991
63349
68670
70913
63572
66663
65276
66751
64622
64058
60697
66423
62539
65755
65448
70230
68865
66493
66532
64788
68446
65876
67303
63806
64505
65179
64448
71077
69023
66445
64211
66960
69602
63857
66864
65381
63105
63307
63811
70838
66465
62740
62915
64472
62185
67116
63900
64968
62905
61162
64220
70854
65611
65498
63101
68520
63007
65229
61184
66618
66468
65838
68603
61167
68062
65281
63742
69840
61316
74071
63715
63340
64939
64980
61907
72993
60167
66784
66709
64474
63056
66270
67311
66933
66425
67368
63238
68715
63084
69298
68563
66524
63285
67255
62310
66073
69350
62412
68706
63050
61396
60729
66806
63657
62522
63496
64794
64528
67173
65880
64445
58393
67259
58863
63659
60534
67314
64122
63444
65431
63699
69020
68195
69023
70693
66823
66277
61602
65890
61246
72237
61978
61560
67196
68303
67410
64830
65760
67031
63469
64249
63350
61732
65230
70552
63708
65966
69222
66894
56987
75262
65823
68353
68319
68210
68502
65246
60993
66022
66162
62544
71032
69882
64742
61442
74655
62123
69553
65590
65661
62287
57902
69410
69105
60296
61113
62711
60165
65478
60959
67153
68969
71763
63993
61640
66811
63703
66392
62769
61772
69050
67016
62829
61765
67112
70570
69470
65845
62771
65162
65298
66529
63206
65811
61444
64878
67354
66118
63864
68199
65329
61553
64219
64582
59843
64846
63399
63487
70853
64246
71907
63877
62961
67796
60050
59037
63480
69163
69451
65945
67255
60055
63477
62032
62201
63368
62663
66028
68847
60979
64248
65309
66563
66769
67411
71944
69261
68199
68845
66256
66640
69212
67301
67070
67936
64919
69242
65023
71300
67332
73876
64024
62748
61307
64944
63583
64497
68493
64792
70089
61904
66201
63025
68006
65311
62914
63127
63512
67899
68549
72190
67672
62534
65232
65571
64995
67759
65738
62377
60482
67243
64948
64778
62563
65144
63369
68284
65142
66092
73870
68668
64765
66892
66440
61929
67917
69001
68104
71792
67993
65873
64722
69751
65659
63306
68630
69024
61609
62942
65620
70306
65166
60443
72853
66038
60933
68621
63459
63386
64127
68909
70561
67772
63802
62542
66308
67988
68545
65961
64044
67547
60707
65681
62746
67626
66476
61713
68802
64615
69678
66535
63611
62259
68110
64887
65432
69341
63764
63132
67395
62887
61633
58775
65288
65916
69575
62264
65711
62818
66254
70394
64362
65831
61874
63091
66879
62901
63855
67713
70325
69092
66752
65537
66858
62157
66183
61390
66284
60391
69406
64135
68545
61143
70109
64887
65261
66250
64852
71022
70159
65420
71395
66986
62542
63852
67436
70396
65853
62484
65857
68009
72379
69981
65499
65462
65687
63342
68655
60066
64194
66359
64226
65647
67043
63191
65807
68301
64460
64205
64560
64003
64244
65870
67297
66040
63069
71800
66379
65296
68334
64371
65883
61713
63575
72269
62720
62452
69832
72506
70499
66074
73146
61077
65591
69340
55734
67845
68767
60784
67960
67939
62231
59996
70430
72326
69846
63804
63211
67482
65844
68871
61836
62604
63123
63091
59286
65394
67960
62615
64759
69186
61382
66072
63742
65501
62792
67182
67745
66584
66856
65343
66217
63198
69195
63780
60934
68781
63590
71304
67832
74683
69220
70253
62611
63714
64600
57780
61704
63262
69405
65240
65498
71311
65226
66005
68576
71083
59773
60600
66105
63405
79587
67179
65237
65781
65132
61965
61301
67724
62385
63377
67001
66267
67215
65340
66356
70015
67296
68526
61206
68045
62225
67556
72513
67312
67718
63650
66110
56955
64806
66657
59578
70584
60744
62427
63686
64023
64385
62879
63756
70370
68947
71047
69333
65292
61623
63058
70456
62488
69916
71772
61240
62949
60573
67282
64346
71475
65536
63034
72989
63360
62113
64224
65274
63169
65558
61984
62736
62346
64889
61179
63261
61154
62804
64065
60092
63195
62754
64532
60126
59752
64791
68794
68836
58388
69481
68174
63779
64566
61138
63762
67033
66585
64176
67265
68914
67226
62324
66999
68993
64862
66467
63171
65647
63617
61056
59984
71545
69649
66070
64110
62815
64047
63935
61281
70741
72565
62900
62675
64158
66455
62270
63322
63344
61637
66586
76082
69321
62065
58640
68176
65936
66519
61385
65910
62289
62717
64788
67484
65475
65553
66080
59951
67463
63742
60199
69165
64974
70845
62973
68404
68362
59303
63890
59559
68170
62851
64927
70775
65232
66750
65304
63777
67470
68786
63187
64674
63793
70337
64768
61448
62880
69890
61053
60435
66439
67673
66852
71196
69492
63038
63320
71303
63673
62166
62575
60036
61780
61552
64763
67590
64239
70609
59387
69015
65782
59773
67565
62448
71329
62775
69281
62837
62362
65727
61504
67555
63080
65504
66510
70427
63822
73058
64310
62873
67963
65371
65425
62768
62902
67967
68807
67077
70374
64543
68484
62684
65929
75889
63051
69272
64645
68379
64211
62719
65761
66420
65185
69155
72841
70285
64607
67239
62365
63125
66170
67016
66303
65645
63294
64540
65840
66496
64980
64030
70560
67450
66273
71451
62783
64857
68642
60884
62300
70123
62686
72521
65125
63375
63529
71950
64974
71141
67095
62862
63199
60379
66815
67653
65506
72072
67316
69412
67807
70436
70507
59531
67278
64371
70012
67616
61504
61961
72606
71353
64880
65082
60024
66374
68024
64174
64015
71288
61011
69344
64555
68542
66651
65013
71258
66517
67314
65332
66845
64353
63818
63332
65451
64092
66666
71143
67823
64147
63607
59167
64206
66792
69065
63828
72777
70077
67848
60452
63887
68201
64031
69308
62093
69646
64754
65485
62621
68838
66979
66097
72650
66282
66916
68300
64069
63673
62364
61400
63840
62248
64481
67533
65821
69061
62803
56975
66468
67584
69346
