605756
280742
100271
536149
85299
270009
347357
295415
396708
463215
151001
631545
523917
39200
229165
537723
114256
556108
240605
582016
423442
416104
224063
634436
303774
101977
206207
353154
479215
535396
519540
89902
415447
292558
200449
331369
186157
507777
65130
574025
323706
335151
596115
324172
219244
174559
55287
150823
446403
414706
563717
219603
63511
641045
129602
507041
304874
120301
379107
346456
437370
147303
78646
458857
492722
56402
331368
484742
309173
154028
117743
625100
541749
617390
446051
605888
342515
528158
509951
514110
132981
441618
577209
257340
181101
539138
266484
65694
38933
229153
62790
307345
438036
115923
414841
12104
30748
83339
30394
486246
450761
467283
612985
640656
462171
249641
172789
548490
433363
320861
250641
573742
371408
317878
164087
268947
78448
41126
509518
649156
432304
8748
594545
459402
607002
239739
639932
640003
6025
80612
553763
528699
377823
72813
443326
239370
145804
463573
554268
144405
382337
579122
523849
412184
417702
459596
138186
206796
582620
157334
489212
36361
92578
101907
450651
390525
469597
624648
624438
425960
473050
624288
293338
45812
635859
345727
391026
592930
287270
190104
34387
559573
412926
17014
556308
20467
98247
615375
621401
135284
128727
221214
631072
605058
538201
275886
447104
69045
288439
327974
158809
261061
151567
589105
50836
256412
184496
83815
307955
182111
231042
504106
102703
239249
389007
275300
380693
260861
357812
304741
415633
182312
56067
271308
595349
368549
282152
179426
83674
189242
94504
7084
583597
386896
501536
367316
149408
550067
72797
321215
479746
490912
19155
185313
109144
431398
272490
280471
201683
552606
416299
387786
541171
427845
509704
534031
5665
649341
221567
97339
501217
114073
459960
302940
23758
507188
601457
78786
320874
199248
427953
473115
385317
105926
213128
257056
187454
247220
11063
305878
371839
317583
491812
206138
456389
266146
33663
189437
325537
385266
581075
223179
108736
60049
424739
424334
571990
16150
333478
26366
67853
131205
477581
269128
167152
376311
617893
631274
234862
187153
584
385572
647163
555876
102984
614004
504964
17988
60605
516144
455297
163331
75647
299913
538040
591420
546226
61117
35812
463315
648519
182124
35446
388240
439414
303028
374175
591736
39278
311411
403652
397633
202015
105399
527426
286593
179543
466812
128200
603804
290479
121172
207597
301743
164001
260984
470480
608928
321154
351210
203825
57465
84222
501868
12899
39791
351203
552151
11136
428601
196525
629458
464272
180438
432067
584161
639944
16971
291157
362737
21941
261166
14952
121706
464969
529491
456547
36260
537610
537530
396117
374903
253780
163210
359699
305925
354393
468869
240374
431201
599908
50695
168842
602336
120208
603418
400360
348484
290423
344567
403986
400145
166629
121261
156770
303826
646281
581847
370175
452392
488518
84441
415019
379851
626754
124707
328208
26323
575568
286873
218665
590434
500663
472256
66557
339763
335932
43902
289997
803
569371
301320
173135
37731
618332
398338
485163
107398
615437
654931
60569
502460
551965
543591
83286
359742
221974
325989
17026
157799
598299
58943
404343
514012
157762
536753
564771
53959
494734
395079
271817
609414
128022
607237
481506
476090
125978
590237
522773
613373
122913
380768
340114
461370
199861
599959
187617
33258
591116
362356
312669
70
552985
627637
220422
144791
17116
639958
125515
498383
264702
85979
440499
577484
15906
42514
360246
52771
476946
184873
640856
622166
346963
100981
3293
568978
325577
420317
65863
30631
271318
115419
512287
339657
232682
235093
498552
401618
115269
120696
605782
624632
102873
256875
263522
564801
61962
479920
160433
137853
426671
503820
79849
97313
496564
386277
123455
305340
186089
378585
36438
591365
592259
499295
123984
267952
69817
378212
86911
515793
567874
457572
377214
605584
529365
417517
216730
506395
320376
171910
522003
120611
432099
310213
647438
609992
613103
29933
122177
357599
271450
598751
603773
362418
95091
359400
459680
13262
50165
503491
67607
465941
295359
414430
2719
475533
335129
66785
503476
446883
615683
468946
416902
223422
74613
548300
176445
317867
70671
102924
52690
33655
595968
194567
31807
278801
161392
132384
179469
157779
108791
72857
136261
105688
312113
645800
37029
139317
432720
346273
645553
30865
629846
542139
38568
547876
529759
124211
154841
299195
639801
491932
598501
132766
198833
441732
627163
531362
60444
535465
4517
556940
219851
103884
28120
476530
363625
425228
101028
5740
382513
333400
618470
543662
548752
513712
385340
114892
164464
125186
129060
219542
43121
484413
573372
82815
261955
270882
60887
230845
262736
195305
140583
337539
474555
564052
438612
582068
373529
84374
155118
628410
6876
531012
106214
536151
214626
387074
480384
135130
541666
520146
592807
450631
398226
235383
461392
624191
591798
338727
238547
44233
473262
516450
166599
383652
53855
168831
346697
425698
279980
164011
641031
320209
586091
399482
163336
403282
78507
571741
256004
147921
228068
65603
223690
375793
126919
566532
603210
518684
353697
643345
451900
652705
454016
276372
586557
269069
12732
175046
619918
419365
102799
114205
20957
564679
476745
652020
489285
277740
60213
22861
396598
442849
630537
594348
176270
60126
479625
373727
453725
535888
606106
379455
319450
596641
388743
569437
260068
294531
306940
145702
587966
10670
404534
293180
121313
34938
398105
42894
576715
335064
464993
393386
298417
592434
74780
49669
470483
446503
254786
405679
616874
191891
561808
236876
446776
496283
280131
128178
434884
524935
99564
39668
611764
216423
147521
362340
451430
640890
171026
512994
27583
89461
30451
66659
581110
453574
654218
521934
84053
125868
646027
368699
453748
491267
534196
611543
352176
507490
446343
496495
540903
137638
20057
123750
305958
115598
134836
304978
519832
479559
68181
518500
130376
604722
390332
78510
611955
226375
194211
610405
511223
9011
622012
558371
395349
603159
39495
360913
279249
175888
316569
223830
416023
289844
134583
154466
108834
469879
291839
105796
96088
228940
572059
144597
36015
132849
370756
466063
93076
576772
578230
179817
347345
86965
493431
308769
409399
420361
606430
305315
57114
204318
595243
399274
161044
316229
618958
506249
624810
442306
59572
310762
498428
491740
194068
418818
631115
310273
79518
155115
23542
581638
169017
272858
37134
217533
526417
45537
507706
548060
524364
634183
223927
515533
6965
26515
61463
156975
256347
286930
495873
257204
239274
465654
110429
45881
149347
235203
333538
156210
551396
257690
445832
152330
200244
209233
190293
58034
598583
548173
25089
504868
575558
540706
299391
346819
468212
610838
610957
343827
407120
326319
14694
315264
429097
164572
98944
253896
633552
198325
583421
370903
333482
458355
178279
642778
192363
338182
395792
571445
125235
456810
145516
383327
72028
470166
145532
297950
397260
504727
529271
221004
82267
300440
17577
591226
363960
393958
424129
269125
634004
349563
319396
354168
146614
598982
7319
318624
243807
112379
376262
145022
552393
172837
464724
569333
314384
239463
578042
619112
356553
346125
494946
641681
527552
280308
235387
267029
329172
523150
31762
105123
84917
273195
148009
51183
241871
87294
392350
219276
33784
321728
352044
289236
491951
429017
93881
401858
247500
181520
386514
521911
426708
244414
39824
487771
249232
549678
327417
458
304141
410360
474938
144938
24221
585722
583051
63192
191600
171853
622715
446093
121648
407061
507394
505793
577086
379105
132945
362325
116040
228354
354299
647907
59751
304215
350639
145848
187897
356695
37654
541232
642852
642340
608981
186677
594251
390242
409778
103504
134208
532977
539231
495995
400671
29452
354707
372453
302738
421419
397199
46767
30098
417290
255813
469662
45888
569829
19164
538679
581547
167518
416374
515460
481691
259137
270754
300406
561506
112399
170814
123647
599001
494221
2367
414963
97638
228651
35931
532723
292126
446670
263459
215063
247596
435759
214269
389686
455428
308338
147707
362493
57415
357777
236618
644041
312329
584986
451348
390979
576370
608472
150874
146317
91471
397448
304448
431210
258913
581193
255841
65791
201134
595166
540415
593601
505849
494046
407188
296087
187590
66633
156692
127008
370090
437639
118742
473265
54427
211313
262690
277683
456272
617560
185907
327329
613751
391389
645661
446987
280874
522152
559132
197697
301570
470540
586773
140879
508359
308740
431272
201915
346797
500042
309407
497806
306341
180512
400184
325367
439641
386879
95673
483409
530687
4263
257350
152673
263152
422291
284552
654312
463705
135141
322910
395928
38906
208227
4825
87990
426292
135025
111045
571428
630022
498268
484235
57910
311251
199605
372804
647707
36990
157558
60188
21518
53944
624124
146793
67819
2929
29287
627682
142756
605031
575025
480367
313158
609895
44934
72702
210273
279366
521077
444785
490414
495447
593246
595329
79216
106907
412637
462907
378197
606602
113042
227526
337585
19416
624200
422843
158811
541826
340701
625559
295931
140506
303401
334731
395306
546620
188459
472257
525094
446515
288530
159831
592385
422761
454151
153745
157453
82149
652897
216620
99176
270654
6331
587794
35013
634939
610287
574611
633736
367848
177265
339123
498625
185706
387966
535713
81917
113942
442860
651818
636164
195578
551361
192898
642605
236667
575033
573381
593355
357349
177178
135140
371473
424967
134353
21079
140438
206557
5261
351948
313019
529860
287491
223525
275050
346945
105976
140168
564845
346475
350225
168836
74743
39374
303650
334707
319396
279215
9230
641088
317450
427375
461798
281166
132674
276525
279632
409488
634566
599840
239386
112343
3031
215871
436699
386589
346623
373587
402666
52849
66192
76254
153780
405966
640534
624344
71856
599236
310330
435669
140822
580719
487064
335313
416192
581229
586052
81907
416666
605087
129610
461528
102124
564114
145773
299917
420681
532437
423857
53292
564944
330613
167932
520834
437030
272146
517371
620168
151464
487198
73083
128798
640713
99176
86863
401951
613182
540639
609404
492898
617255
140672
476060
603768
350445
430883
153475
459968
578941
489820
636724
149622
218924
331383
303256
465124
350749
453536
70069
609966
342688
395081
636010
389544
239264
548575
81291
374306
10516
376241
488030
206432
643112
97427
457683
26608
547371
185645
498943
472489
619451
578423
435973
481657
236320
523914
483521
142095
274442
149063
245070
593138
389057
210
10733
8420
257892
205420
524541
100391
643846
292093
628114
187990
506201
98663
580723
103301
121341
302915
412555
481940
27976
159586
448788
13971
146841
53770
569512
120682
400573
23404
506339
65113
79515
484923
359071
490230
172134
72015
545734
513318
432663
517461
130208
408986
88814
281433
410368
186739
500022
408476
342010
343231
336583
435290
169187
457751
501298
271458
432702
22523
395843
609547
15467
252829
93138
132593
13006
128852
379414
298896
470483
339105
304460
201897
122245
514291
51961
509656
568391
341640
21864
156205
195332
124150
518219
654184
106411
314049
204277
592564
27215
517834
86604
8048
34809
589313
228139
643704
376626
91534
47654
539867
77382
312960
225208
606183
506364
353322
535634
132385
280136
649407
449036
563357
339233
57250
466804
261171
463064
89838
145531
604831
540887
76835
321680
97121
334487
555474
376591
39586
439821
456289
103029
59047
573228
240044
373317
410957
43472
310406
180438
498369
160704
532608
234989
428479
69729
309708
235067
579158
631451
286624
165541
315754
134602
231705
410958
376713
317816
381412
332239
295682
178039
398980
575216
77558
597010
75168
465917
28801
186656
388527
347714
23109
348850
316294
181436
363465
135037
572591
469813
83793
332459
622115
108280
480902
488712
647465
265619
102686
406192
520586
388439
322189
350103
64069
557845
251459
587305
255796
96321
284166
65846
176215
629253
70187
268533
611078
15492
117860
630251
484979
531968
443253
185204
55949
170851
529295
14193
342271
599579
124978
510319
4812
362372
105955
33563
134307
7916
636480
386316
320400
29461
571566
88333
332194
546120
502297
481046
258637
383211
493576
188404
222390
72977
462209
622217
464229
217829
250738
490775
109886
383271
71770
200461
29781
459368
198196
235120
104148
543933
215492
256273
543868
74352
412832
23035
651404
463050
346509
123627
572654
197247
83603
547424
617084
346616
437880
457560
547517
364956
40190
158862
269741
174855
65018
111200
558300
169798
18129
198879
164886
513928
276367
89704
87815
442588
216133
13041
626855
472526
75692
448451
274448
92651
409122
529625
396890
536744
559993
26700
506990
28665
515269
99375
34042
622504
365954
352569
81787
602730
56245
85205
518324
349258
286820
109806
478143
291655
437620
285630
546613
133479
184998
605572
473832
291895
2125
134292
615533
396648
97958
229658
389061
119341
372088
489452
185905
531404
169151
69146
54990
235759
545463
247587
545926
181606
622859
436008
255858
436991
136160
132971
516638
492951
570404
626945
54869
52149
354684
593922
280130
552775
478328
508116
244053
248489
472418
383050
167980
551724
644637
550626
242029
501740
306423
270786
469538
464948
491744
143801
319302
308776
6595
264501
466464
195252
561712
65385
432435
568546
146836
413641
357282
172365
87032
198033
567765
609133
63729
450383
65578
236763
623291
518866
458432
273354
327834
304121
12457
525256
507340
5480
583430
211459
652379
630463
60483
645664
378260
541257
32649
516033
413763
436560
193638
515808
40525
34899
248023
191739
219431
293868
631345
413918
168141
201561
191477
361830
271878
222154
394359
435224
570217
611359
410126
236211
150327
149385
33498
429140
319418
505407
2764
216178
229040
571114
648189
646915
149585
446185
381715
598831
593097
562772
523165
548683
249855
389447
141970
528045
26859
230772
104186
468988
298081
188806
516653
246639
267271
225420
541078
318241
109656
115742
364935
582250
559502
514572
318471
83518
200295
651553
439383
464057
612738
575136
142230
255741
113143
448042
306009
377759
497034
569440
121576
576639
454600
222830
164462
480562
502090
505959
332497
430669
123222
42922
237634
649978
263193
93619
393800
409887
171331
237251
540422
417538
37395
446929
220477
50901
401239
582207
606178
212538
427417
43683
574570
245249
582340
409267
513014
12835
273032
638472
596881
203923
442117
645194
651650
484654
577837
126914
119083
307417
630743
222699
502065
627291
455289
49581
589311
580916
121093
308319
498275
402125
649157
563173
508333
366333
36665
161679
654468
443176
34327
455810
216141
511466
111733
178633
23018
520844
164344
55076
128829
639702
464236
547113
113518
4271
251215
1302
624030
1982
129142
408440
289405
546761
396830
532381
382127
613394
240573
626474
163346
443019
188706
387455
202277
112191
446743
346245
205298
608387
159823
129763
642338
35454
62735
344197
60504
262508
353013
340145
598295
558646
354117
163316
355566
594458
592375
468211
137578
644523
424936
231412
375099
150029
321585
651915
228312
654016
50040
164278
301192
39686
338585
627980
560858
506584
98114
154311
308521
276402
483756
209604
285294
31272
610007
549094
274736
508556
293798
297513
467895
521648
177662
167820
38197
278773
47107
478735
283601
487392
96157
287890
332764
465117
86775
595142
236945
597580
73370
161836
363672
369276
282738
230228
567409
487848
262464
33773
625217
378575
480346
440826
463954
157916
599628
279130
589058
100928
403002
159990
456107
222710
525550
310916
503381
96510
567320
333898
8244
580765
306419
563070
221076
463539
614561
414348
442517
423957
587491
13076
370144
239918
596314
3674
184178
648149
126924
414284
4622
466685
454472
257449
54932
504572
110947
543163
290898
612331
90124
598419
518284
21429
603547
568622
507483
606832
489420
454858
605548
229674
10775
423022
22260
515281
597074
160804
647875
285434
82568
50339
280669
511736
23042
307051
613471
77762
23242
352359
418110
178130
93404
578738
16829
334942
639910
274266
459397
474785
167565
151800
162866
158856
520737
382799
389372
54594
158633
33159
306784
630396
103288
41618
136301
650944
564460
164842
223992
415723
615762
485099
283755
569261
520541
256461
3626
106505
309850
230926
360576
152486
481046
403183
422608
221163
523606
343339
89045
92578
163714
126366
395919
503164
15105
277437
252577
617927
115920
348920
518950
471786
536559
211710
438591
208370
379558
515093
255290
156040
126672
81545
572680
297537
197429
280573
594444
558750
396774
184450
334773
401884
463289
377779
612039
542577
376804
574726
511534
452525
537750
149549
342737
419991
276206
207307
409848
567227
172915
94282
37134
614530
477160
327317
541474
507845
389017
629835
215260
57949
561389
449500
71871
553469
55572
94366
195372
300076
530232
285973
384824
586711
289797
129034
66002
312943
436135
62209
476543
526994
39127
541337
135166
382058
385183
116141
476036
386877
82576
306922
16993
155373
166864
155494
324241
163502
234227
217454
443373
415346
509201
364601
468151
322807
409685
573951
514398
312152
124862
337959
478277
462249
360139
110698
357825
252346
456237
317673
248035
103206
174924
97185
37324
69563
373501
543229
143968
155234
253849
146468
80167
62006
274465
112676
365362
485492
129103
384120
111202
477095
127863
101958
620422
109054
192755
583480
307014
474131
158998
424918
10181
586659
298489
41206
149151
436880
236918
564197
381826
378554
326046
513644
108263
553423
130963
76439
594394
121694
359917
457895
206503
576655
176315
126993
428743
535996
265031
116090
71622
172654
279872
334495
413492
278301
609167
306288
276406
606557
304221
589301
321432
426286
314655
501539
400799
74255
252172
530009
275105
316661
635334
140152
307885
177474
646980
246756
264274
369365
442329
267802
338935
326002
173452
514687
424407
533445
273028
502205
372418
9248
103315
537526
354810
596326
615463
489828
593631
240613
162595
43540
641813
650796
303234
307167
91164
26968
190407
582151
445792
607306
241686
250364
458409
543716
161393
258574
492169
384062
369773
254142
194204
576213
497399
621257
511569
500944
589968
288616
263001
647223
146862
647557
584362
21676
91309
507465
123624
335584
564861
117258
612372
603234
343593
414492
40708
189230
122679
205646
135530
80206
116357
189352
214344
116421
459396
15991
22526
398822
627010
26299
493935
338500
424690
248869
398718
587761
560760
389419
398541
367974
586502
116366
283810
263459
514632
531469
478820
395488
557835
564747
599305
252476
582776
453763
532362
358790
53860
62621
272003
377500
61498
520995
44750
520291
298159
240526
440233
606297
502140
431716
474442
77042
460949
208071
468000
103385
223505
215633
611880
365421
361773
204251
530321
440249
474355
96582
569835
298990
103340
532302
432894
556211
426574
485885
54130
515930
11037
537735
476840
238796
291693
169178
551807
370504
652263
48717
248015
613092
455309
103062
68399
243211
635254
307975
614605
488603
476728
12012
9287
637091
187284
259779
232069
291182
25663
60688
404118
647083
140650
426615
133039
21896
249339
437934
551667
355200
441023
322390
11902
428975
365174
422639
607891
494480
308570
406484
93860
404759
197967
126166
600374
28501
589240
263490
369365
253179
122773
393890
42060
376292
370645
192683
394182
505668
240394
584190
516046
197541
179977
371396
34440
541099
471172
314838
326436
534081
439321
640589
338400
454590
428906
174839
569944
152117
313177
227412
509975
164559
43352
432904
640524
505497
402575
39811
27236
438365
192170
192379
199995
386984
12429
72855
240789
424392
612311
150989
123255
609659
47042
474590
615274
535990
98798
448334
83481
111240
504314
337750
600610
224901
523622
648092
591337
222986
197684
529680
220890
62470
5177
514755
605277
569043
496612
257135
37186
150069
6735
222964
542477
615809
584279
90694
486945
480440
588277
613613
567895
471283
584846
327517
128897
644873
219368
142619
37037
426136
180977
291097
284072
132159
303047
219153
355383
502167
322871
299128
256154
429515
445030
77744
289835
356045
72100
316567
499472
426293
80998
108681
501045
599162
606593
240403
223065
396174
487135
582333
122610
84312
505468
137183
334631
99333
359494
155592
548180
501838
419317
137327
67717
600993
208172
271962
378677
377165
479435
401454
153192
301544
565032
28792
344709
227314
643342
274654
467957
280420
334454
170294
38425
654206
624381
268814
629771
524476
608765
381162
264665
530391
302907
536712
294688
351942
460841
37576
393349
462131
178106
185733
415820
518799
491264
274978
353097
261356
549869
378149
351883
354930
57022
149165
408247
145256
644594
604997
246555
181886
74154
151898
569971
89970
216742
205226
3002
208704
426038
119878
353008
20432
293494
206616
513409
157388
382896
356159
22236
647585
47782
166235
113618
413589
606634
563240
399407
452092
331256
379967
498394
300290
357722
127592
173552
402950
9544
654714
46962
161933
158230
270494
620666
303589
189764
625508
187210
132261
292404
149445
255447
8892
467581
253879
273384
104596
394595
383285
484617
16905
398767
193848
301351
313093
145564
175273
274733
269076
46869
268795
87391
498780
365220
210196
442887
91508
393080
357071
238930
157532
451333
343004
256108
446670
628345
72854
342784
292081
221805
65933
472401
518217
38358
495771
363265
470029
145891
163840
203730
321808
631955
148003
33194
203657
641641
366601
648129
541214
317463
23789
514988
302839
373047
408501
167191
629697
493494
521681
593896
100154
44800
632186
270715
307712
203401
208303
315051
478515
328025
384793
257762
581821
571956
592494
368050
498721
518710
441141
596432
364826
522036
625452
219144
643801
352687
362491
577817
479884
287595
398362
31861
63258
261783
113922
400819
432919
570197
423596
354666
233252
134709
647567
67347
644258
302037
435457
229092
79825
532130
48292
465834
262419
185156
374702
541510
132131
225956
441852
120478
516694
603658
251437
487449
6761
204819
630423
113318
617796
235407
341241
243705
236828
378976
371421
399496
328751
12708
487681
519227
267445
313447
136951
91586
515525
254642
278949
294037
81179
439653
118768
561986
332866
226785
396411
12465
251459
641559
509481
394805
641158
195544
361746
295185
90004
409231
166832
58948
347807
629213
278744
486180
626815
260391
180386
652676
334602
291355
270344
219895
592270
636074
193811
11202
58783
328622
281876
615947
462464
482001
331624
417946
292332
424453
221418
384883
459287
298190
334792
45065
18959
387206
33451
153412
627662
322069
212166
176740
453779
370899
568573
67662
506636
359464
204833
347313
476556
400838
279163
139272
413531
169808
334044
598978
379966
10123
206216
597272
521176
234870
535660
169697
102547
59680
71587
264739
10796
644340
355481
354028
578628
54140
465154
612764
616201
195074
568312
440984
320994
397398
160987
158825
190797
330067
536866
451774
328387
545200
329638
218369
154961
79158
489755
53360
433507
87168
478172
614849
172682
552336
372488
573929
89353
547976
470412
584545
647088
252918
208436
594763
174813
93208
290149
199613
41371
8838
431321
76853
618984
589979
480542
157192
415239
67378
184938
651791
152734
374176
405061
615199
474464
276712
201023
72365
653082
280857
493606
85104
446366
10191
67335
264458
615090
349400
539243
507839
425600
458408
264070
135686
111751
268720
333693
96595
408042
652520
634142
526812
110799
325784
412997
602145
527720
451535
362196
460939
486222
371252
581161
220875
341733
570142
344096
224850
264399
628378
226367
256317
587801
140161
37635
368281
368853
618892
162140
259709
655293
244201
160765
61487
598734
57401
205317
431499
238073
194070
174790
556744
280876
207606
642181
364277
255356
154704
407387
367975
111218
471793
551894
488623
606459
632825
629517
350235
410862
321063
392623
621626
24933
33602
413239
62838
134974
605007
587247
80962
600248
443735
319671
342677
393677
343956
67460
587853
479559
60547
543395
288246
293598
143616
432872
593335
568914
122573
466978
646140
222012
477144
393103
34003
78840
72543
582722
557856
229152
366381
94857
518612
575768
579681
277360
621853
535235
183711
109983
231227
26832
505752
498022
253563
603569
50836
420868
93155
294492
128801
630856
319507
162162
300622
140702
620088
344693
15946
57858
608707
238877
538244
107856
361489
624513
648968
486312
37415
270945
168261
532145
174680
137797
508659
429451
115025
647712
125644
37620
193907
647708
9561
436082
499804
450906
42279
624629
54918
573249
435315
112160
168680
216021
349798
569414
53251
216819
419884
604229
154151
126200
453625
266142
76308
122557
539154
154961
410846
457515
307555
253893
557223
6090
458307
486626
211308
638240
522237
502210
509101
351504
377414
604308
550941
466729
552579
44690
258264
487324
398702
192566
483008
233629
426955
559978
568610
86335
27663
104850
439621
211560
283325
215911
119679
68809
436001
370780
396895
31698
249950
308310
332121
566176
25248
238206
85151
319046
531654
173115
340125
44686
447868
417364
630194
141356
467768
459157
396839
26086
19698
191357
193837
640859
164289
117482
291538
435399
558942
651964
346521
268319
322234
55803
650792
28402
192264
565847
532691
399400
279169
12851
586978
530315
155240
140641
235621
651345
48972
108120
156907
123391
367816
465588
251834
288894
144203
435113
536959
411930
215395
578192
151949
644170
350081
39121
122773
494092
572516
123636
24523
650555
162671
622116
196323
278933
338577
478
435419
311540
608161
378374
118608
351016
166758
139764
186914
288071
85658
398611
215447
598260
563118
180336
413053
414326
324992
362642
509894
600829
119169
416645
392919
331493
488214
62080
426684
81916
289676
610986
94132
37267
301565
140630
31028
442940
524679
320827
338529
412408
196838
654594
135979
179658
329087
409310
257068
167688
204416
397442
115889
61986
376821
116827
296597
282364
430114
250669
398043
100845
569157
167538
22284
526402
118985
549412
67944
152688
18636
578584
5767
77884
573121
52465
496490
292379
595237
246373
228488
98740
161949
652904
462069
9383
524637
137291
182813
366291
151551
245668
196398
275177
409727
181546
134730
171201
191212
133279
282453
485978
249299
5310
411800
265292
511401
555979
649081
385527
572350
112891
596166
371859
239646
12612
105007
75067
622618
527915
495019
95589
36973
19638
570279
204309
645319
37478
27267
443797
652000
436274
368862
234750
213462
505701
262357
250157
262908
172296
418545
534183
284472
393614
615877
518549
349619
24628
70169
100023
472920
419057
583607
21021
30109
502787
401232
552707
397221
435546
518906
112863
246237
139084
21282
159113
150802
465912
589774
542846
23515
640671
104042
419805
646792
447802
106525
473929
128085
12394
133807
582025
107135
442237
557938
491640
610548
130691
616735
89094
302531
180408
23981
605394
323616
460429
454179
602056
334522
232790
182273
629684
402047
525755
446330
613520
423699
392084
98767
270349
387779
398295
568679
589633
13393
588844
96306
135287
76268
196223
555985
4430
399847
635603
414730
444711
103989
272391
67132
514184
324048
35444
405122
56700
57180
595389
346389
143935
416070
652702
503524
423376
476968
189417
469873
570125
164049
277873
111725
67983
8500
342602
563254
530825
191044
623032
454114
625698
233408
77108
427307
319954
286151
454794
79563
615993
269550
459922
505140
168953
304384
314165
435900
526010
599897
81298
544848
565444
503305
606377
208051
105146
360620
442935
218496
638752
469623
416718
513106
300799
291581
274624
616430
125134
147209
626057
541836
161760
385314
556204
38289
454484
36221
292458
513518
72252
481727
323175
534158
94614
505187
649900
564947
193051
89043
243116
58847
452662
216861
542373
304549
186610
556439
626403
51271
90177
543308
407991
374285
251049
622531
418262
456361
125076
412135
137013
88388
167735
588704
482924
131998
636695
527961
484883
216597
598649
241887
548607
21336
101992
569154
372416
119417
63111
654059
132315
27535
303069
255836
439043
39146
629837
48346
528202
61027
242651
30051
594273
615036
279020
244338
513422
249744
219490
235496
101306
105554
568343
287998
167064
572192
444044
210847
125779
544956
44532
428114
591673
129402
336148
484389
503511
316765
322845
99552
77673
204189
626030
276973
404607
92408
272456
53072
61882
368302
649245
589414
25690
356394
25058
194652
651921
279544
506127
545509
235886
192807
525546
303913
206722
423199
585258
185207
571720
53104
23885
278662
362246
425383
625387
145336
443627
204168
364059
439656
466860
19997
130450
576072
282725
152509
114918
396801
270706
91231
175144
301769
75782
131953
651004
573002
140977
167478
381851
451830
68515
449500
481181
103455
565154
165980
587603
393636
519238
606425
442873
625670
21918
286091
63959
