64819
66670
67485
66887
67574
66344
62310
63686
64719
70706
71035
64678
65538
69043
65171
69689
60806
68743
63854
66031
63866
61414
60798
61663
62688
68412
62398
69071
64945
66930
59636
59802
69098
67158
67720
65338
63788
62878
69745
64330
62587
66707
64063
65695
64202
67919
64933
64036
65406
63270
67153
65708
66440
64542
71862
61971
66257
69795
66681
60825
66224
66337
65946
63748
61510
62569
63039
66166
65559
67826
68117
69913
68142
61457
64739
65314
67846
65936
68362
70782
64086
64068
61727
69617
63249
64527
61691
70632
67321
69309
66261
64875
63188
64119
64472
64240
68636
65703
62256
70429
71146
63723
69186
69836
66345
66318
63669
72174
70081
70125
67782
64966
71409
62854
64981
71469
59310
61618
67944
64963
73085
62124
67264
69912
65727
70281
67317
64868
60960
63705
65398
61805
66649
67116
63117
67295
68282
62820
66752
63846
65438
67728
62567
65711
62552
66970
64118
64424
68163
66396
66166
68894
65700
66441
68421
65718
63345
68133
66368
70358
69486
67875
68438
67027
64222
59061
65030
66039
69581
63282
77511
72429
68341
64912
59299
64525
65994
79762
61947
67708
68672
66069
61494
69126
69458
66430
66491
60527
66427
68921
64162
70117
65915
63454
63750
63709
63183
71088
72655
63221
70567
61314
64592
63940
62120
64333
61925
62563
63197
62691
69719
67875
64207
66695
64518
60386
65061
70571
62687
67386
60697
63621
67732
67267
63557
64096
71195
69339
66754
64458
65491
69039
71451
61630
66477
70118
65987
71496
66624
63108
66597
64735
63985
62579
68161
64411
66708
60916
62700
67755
60335
66033
68720
66207
63272
67858
65628
60687
66132
64926
64924
63515
64244
61840
64353
64355
63250
66168
68687
77215
66294
65525
68127
71964
66669
68353
61106
63757
69283
63382
65393
72344
65296
68154
65639
59555
60231
68217
58891
66848
65307
63392
68815
62371
64934
60654
66494
64591
66760
67861
66303
64871
63690
67323
65691
72420
64635
67240
66595
62921
60541
69966
64767
68001
63394
69266
73892
71079
62869
64542
62071
67170
64601
61802
68746
65184
61498
66171
60964
66283
65131
64174
65828
66319
74558
68465
60650
64238
68426
71163
63096
67800
68483
65275
66017
67229
64897
63076
71322
61830
61776
63118
70102
64434
64001
69649
70324
67544
65664
66495
68278
70046
71572
65531
62482
68620
62042
59497
64207
61880
64647
67646
67943
66512
67229
67286
70483
66155
67902
62334
63029
58367
71242
65095
65228
64200
69348
71773
67393
58444
62056
65583
66243
65213
63806
69483
62567
68028
66664
61345
62345
68493
71483
62797
63072
75093
70501
67823
64296
66641
66861
67342
66750
63779
65911
63255
69205
62832
65872
62674
67052
66568
69413
64067
63604
67361
66834
66681
64299
66776
70920
72248
66387
63882
63283
68101
64132
65413
67153
69182
66875
67839
65190
65935
65237
62855
58061
59802
63767
61809
69754
64280
72053
68468
73410
65926
60971
66365
64377
61550
61955
67995
67221
65741
66609
65857
72482
64126
69228
71031
67224
64319
65932
70783
61014
62634
65274
62315
69181
66873
63018
70565
67381
63284
67841
59339
72535
66362
63870
72016
62450
66145
62673
68319
66702
70269
66346
56575
60606
63177
68536
62249
64338
73578
61853
67415
69060
63884
64399
60832
70555
66964
71412
69048
65737
63336
59100
66102
64392
61539
70471
70277
65156
63548
64831
67835
62558
65188
61433
66724
65166
67320
65829
66771
70368
68127
61963
67236
66196
66408
62849
63487
73635
63812
68592
65689
61346
61361
67094
65281
61708
73340
65004
66259
65978
67900
67834
61985
65098
60699
67151
68441
70516
64661
66818
65956
69813
63545
60784
63118
67837
66232
59973
66977
63585
71078
65577
72051
63276
70785
64401
68605
64754
62625
67959
65594
63620
65743
67382
64482
61810
63388
62212
62879
61482
69825
64341
66849
63098
68478
64333
66109
64624
59939
57528
66334
66066
65732
66890
63220
65460
60320
57853
66710
70240
69544
64715
62657
63955
67343
63203
67288
63733
68026
66569
66021
67814
67520
69464
72524
67056
68550
62575
74280
64499
62394
63607
63875
68056
67501
64721
64624
66985
63306
70968
61637
63113
63860
64130
65721
58261
65928
63643
67001
66098
70287
58985
63455
64707
67143
73784
67706
66685
66853
64376
65974
66349
67571
65347
66152
70471
64381
67538
68833
70421
60994
69692
66702
64691
68366
66014
66287
63080
73172
68620
66301
73406
62946
69377
63351
65076
69857
60282
65763
69987
65823
71112
75205
65130
64355
67754
63117
68448
66491
62816
61592
63126
64951
72871
67904
68757
60865
64371
64027
62878
68549
64623
64067
69119
64122
67734
64978
69528
63613
62286
65186
64384
71699
63372
71748
65331
69962
68250
65684
64172
62706
67906
68702
73228
71480
69286
65283
62431
64812
68318
68890
63113
66747
65993
64947
64460
62783
72006
63072
64461
68624
63283
58760
59887
63540
68690
64701
66349
66990
61968
62584
65858
69245
66403
64166
68594
67920
66357
64307
60964
65584
67414
62942
65995
61651
66871
63800
58539
68934
63879
64485
68865
61924
67246
63735
62762
64617
65529
63552
66056
64174
67077
67707
63412
71496
61314
63931
63794
68029
64687
65513
70782
65284
69864
64821
69747
64298
64675
67167
71110
62624
68173
58904
74630
68332
66547
62026
61610
65326
65108
62898
64215
74351
69196
65463
65366
68413
71408
59779
67355
71448
64024
61493
65208
62064
73877
63047
69778
58689
64464
59733
61276
72192
61772
62640
67659
70751
59828
64141
63288
65742
69976
66818
61742
71125
60905
66143
65720
66870
60586
65733
63016
65065
63711
60926
67372
67998
62349
65424
64361
65848
67494
64535
69812
67362
67791
60829
67579
70022
65607
60008
61978
66215
66739
64968
70059
68327
64622
70265
62428
69446
63887
65039
59289
72871
62106
68261
62499
64626
66653
61460
68051
66528
65988
66141
62490
63886
61101
64111
66730
67731
64845
67757
63283
66060
60455
66746
64959
69940
69819
64150
60480
66418
67184
64189
65538
66380
64429
67645
60351
62106
66893
71535
65909
67114
72909
70238
62065
65137
64329
68563
64512
68400
63431
69099
73226
65587
65515
66589
65321
72012
65640
66548
64243
60829
65589
61616
67062
65303
66144
71889
62906
61020
62659
65185
62713
66100
72254
63610
72091
62343
65346
65188
64346
69189
64248
65273
61111
65316
62908
63839
63536
59410
65012
69791
63388
64182
68405
65831
64030
61845
64085
66028
71208
63144
73102
65737
66985
64916
65207
66675
66331
65937
67550
68359
67548
65757
66762
71206
64740
64158
71585
64145
65591
62077
65407
65809
63911
64375
66660
63761
61397
62000
64726
65060
66605
67210
66399
73718
62796
65479
64178
66312
68554
64932
67716
69723
71603
68943
58845
67246
64110
69252
63134
68689
59192
63032
62133
70248
66548
68185
63201
68384
60432
64873
69945
64400
67997
64864
63840
66212
68138
62663
71791
59283
66858
64595
66091
65181
65074
65036
61470
65855
61232
73453
62342
60975
70427
61766
63436
61868
67420
68512
67939
63883
66940
67508
65262
69793
75521
73245
59654
64251
59809
67400
65889
61559
56720
66104
69830
76708
61987
68724
65323
65988
69274
64682
66039
63225
62332
66654
61903
65053
65937
65274
64901
68635
66362
64304
61957
67364
66581
65446
60941
67999
63900
67884
66311
66649
65976
66677
59147
64616
65632
67273
71827
61743
63724
71550
65032
65443
62872
70696
60296
69180
73242
60603
63795
67794
62291
66247
65868
60304
65870
61947
70591
63458
65388
62259
64848
64860
65422
62171
75952
65276
62441
68999
61444
66576
62338
66141
66329
67723
61258
65271
62656
67943
65763
60241
67169
68377
65664
67475
62308
58701
59532
67925
67957
61499
64533
61839
70081
72240
65620
64931
65182
62343
64758
67581
70876
63947
64274
66716
69951
70423
67073
62303
65813
63299
59145
65222
70708
60472
71966
63899
67427
65587
66074
63985
70659
68424
66120
64601
63323
66143
66019
69188
61492
72855
71764
69485
64505
63442
67098
65457
67790
69021
68288
68020
69247
59937
74012
67699
70915
68661
66142
59106
65506
63035
68493
68190
70656
60528
66180
62444
63814
64696
72494
64319
60803
65963
62680
67264
70606
68776
70157
66333
64469
64132
63251
70061
60962
63013
67372
69945
67074
68071
63911
66975
61882
70813
64821
61728
66744
63355
71546
63665
67663
64657
68674
64788
67560
64932
63871
66377
65988
66929
65445
65299
62599
65933
59353
69752
62062
64860
65045
63673
69555
63879
69866
65649
64690
67195
68884
62767
67492
65303
68118
62942
56381
70887
67076
61483
66696
66777
67305
67307
65514
65350
67909
60348
69462
63422
70845
64935
66777
64354
66988
61231
65289
70071
62854
64366
72662
70100
65847
61621
65569
67890
61434
66164
63430
72044
64394
60967
63115
70988
68964
62238
65825
67288
65881
68026
63353
69273
68923
67313
65244
63207
66677
71159
68183
69629
61905
62983
66473
60527
65919
69627
68942
68370
68327
71769
65598
69820
60519
68509
69344
64300
68753
62007
66899
63504
71081
71221
72259
69144
61407
60868
62215
65001
70960
61681
67211
64682
72379
67346
68884
57741
63889
64676
58942
63214
69035
68855
68968
63093
61664
71076
65367
64898
62365
64403
62866
65987
66389
66738
66155
63189
63603
67473
65863
63457
67808
66081
67355
68057
65007
68418
63305
71657
66607
65177
68824
59566
63748
67212
71799
63449
61944
64876
65941
65883
61892
60430
62466
63561
65917
68422
67938
67361
64358
71607
65338
64268
60928
76860
66015
64657
65350
64986
67569
63023
66036
67922
67214
62483
66470
71692
65300
66082
66632
64710
66314
59699
65673
65982
59492
68153
68167
64740
64337
66700
59890
62550
64881
71876
66373
72427
63647
66461
64240
65460
62743
74521
64233
65601
63631
65833
61587
63617
64785
66043
65848
62099
67040
66564
64152
60344
65793
73693
62920
61641
73886
64948
67997
65295
69645
68650
65432
63673
71073
67208
62365
61538
63185
69119
68282
72546
67004
63961
69774
64277
67652
64363
66079
64032
65686
63351
69504
66599
67487
65659
60297
64779
64548
73815
67176
62988
58360
63427
73823
64934
68016
73966
68837
77415
64657
68008
59723
67349
69860
63014
71073
64207
67596
66808
66824
68915
63339
62431
65083
68726
65648
63276
65765
64043
60529
64487
59926
65722
69391
66302
63674
64521
65918
69839
64959
62613
60375
66339
64554
67147
65045
59628
71019
63049
62027
67011
70703
65763
68278
70308
63923
57493
64414
68963
68668
66912
60963
62653
64314
63140
67153
68471
71161
69415
69184
62114
69362
70886
65138
66085
65374
62980
66298
60854
66546
66482
66283
68950
66981
65452
64842
60473
63048
64567
68017
68063
62622
65786
65700
62094
65141
65112
65355
58774
66507
66285
68568
59544
71683
67647
66675
64854
64013
65186
61238
71140
68902
64113
68557
61536
59569
73321
67730
62199
64437
69062
68773
64005
64819
65088
61992
65779
63707
64009
67940
71768
58433
72556
64428
64514
64450
71484
64859
58602
67932
70463
62902
63561
64927
65634
66393
71703
68163
59760
66414
69231
65598
67293
68943
62502
61662
63132
69857
63296
70952
67862
66775
64720
59985
69321
67947
64624
64099
62358
63969
65947
65282
63218
69322
62310
62316
61597
65024
67017
64006
63652
65408
64767
63691
63478
63870
69594
62908
68315
64676
62614
59668
66073
60349
62880
68665
64170
68368
63927
64359
66094
64546
67983
66133
61767
66337
66753
67730
65410
62724
65823
62830
64750
61300
65477
63749
61211
58929
70691
66463
65091
69318
65761
59264
62146
65513
67891
66942
67021
73779
63075
69865
62240
60087
54928
70226
69039
63956
63673
67737
66612
64465
64816
63335
74362
75473
64472
71716
64377
69290
62636
64620
70305
64648
71068
59231
67186
67554
65690
63129
64627
75713
64171
67774
66960
70825
68245
63567
69871
72520
67160
64452
71787
68292
67869
67486
62895
68205
67161
70003
65957
63390
65517
65352
60829
59444
64963
66976
61688
66491
64874
61753
67663
63161
64217
61861
64139
68297
63117
58069
63649
68508
68619
65311
62627
67234
66594
61756
69473
69454
60256
60923
62012
65008
68920
80093
62476
59129
64737
66335
61237
66300
67544
65612
64528
61101
62256
66271
71366
67205
64238
69497
63866
63712
65257
65973
67477
60338
63471
64301
61024
64366
62777
65867
65314
65602
63253
61822
66357
71289
69144
65897
63429
58822
65095
63852
62786
70125
71398
66898
64740
66740
62444
58230
62412
59396
64575
65295
63803
69092
61061
57825
65681
59582
61931
60060
64471
59094
72521
64536
58664
65159
73206
63762
68447
68410
65114
68860
63402
62322
62480
64450
70047
68621
66536
66479
70364
59552
71062
62471
69090
68336
57726
56858
69509
66063
62710
64770
66367
66347
65583
66105
63156
72357
64123
63115
67385
63075
67439
64328
75091
68739
66722
70064
62560
64472
61378
60376
60531
71091
63977
72580
65693
61843
62919
66460
66695
63241
67896
63377
71093
64230
69356
63985
70817
65398
68009
58679
63566
65935
65682
75384
67499
72734
69815
61098
71499
64579
68614
56918
61285
62900
68527
66967
62310
60027
65823
64844
69100
60252
65791
70995
62037
66926
62714
60105
67123
61925
66028
66311
62405
70692
67934
64381
67310
62179
65695
67141
76192
65343
63526
62625
58771
62249
57547
58358
63068
70755
62303
60258
71148
61387
59487
64118
64184
62348
60047
68425
68667
63080
67165
65498
66539
66344
62197
64845
67195
69120
67810
66433
63228
67941
67618
75734
68735
63884
76437
66459
60293
65705
61704
66147
67067
67292
61236
64113
66214
65267
69232
69835
67069
64952
67189
65650
65730
63812
66199
61577
67839
64699
65061
68271
63725
60896
68775
66994
66750
66701
63635
65774
61155
60119
65167
69746
63129
67072
66492
63924
60454
66433
65127
61223
63429
64889
61896
68202
64385
66099
63087
61728
67578
63946
68811
64906
63728
62782
66829
61455
62189
69787
65952
64166
67340
68986
65481
72630
62076
69821
63729
65108
62562
64242
65752
61680
57533
66573
65967
60315
61186
62191
67796
64176
68458
64435
61207
64167
69560
62163
64040
67059
72051
70518
68396
66892
61871
65288
63171
65983
68930
60476
62888
67580
70677
66102
62310
59285
66010
68376
64450
66874
68963
69972
63066
62898
73436
65284
70671
66645
65690
68867
61438
66051
68005
67158
69064
64932
66105
60946
70057
61046
73017
61228
77847
61834
62109
72318
68503
66314
65539
67206
62772
63740
71695
66615
68241
67389
68776
68417
62310
62016
61127
71325
67725
62998
71867
64964
68850
66129
67286
66014
65803
70810
67640
64878
70097
67688
69287
65781
68692
72367
69272
64979
67741
61715
67285
66490
59344
66589
70042
74356
64571
69683
64830
64125
60788
63910
66137
65537
67922
68727
68044
62583
62861
64639
65251
72713
66866
67042
62729
63542
65271
61317
73761
65375
65280
62740
65638
62567
70586
65616
64297
66374
65957
68097
69394
63986
62463
67490
64024
64791
68761
67054
64057
66156
63829
71561
68137
63544
63121
63596
61733
65276
71286
60666
60776
72819
57073
64284
63405
66291
66925
71009
65561
62409
66073
60917
67950
61287
56281
61251
63433
64443
65505
64631
61730
63751
63280
68337
64364
64462
65871
62671
70309
63856
72228
71548
69447
71990
64706
67435
65266
68867
62330
61439
66981
67219
62420
62224
64187
63667
71804
68793
62022
64173
74829
69785
61878
60155
67604
63912
73607
69973
75333
65191
62386
62056
70029
61315
67444
63141
64657
68017
62564
62134
64671
68283
62510
65568
68814
68621
61840
61570
67486
65329
62885
64259
69915
68301
63148
63845
64999
63864
68358
64096
67977
67008
71279
58129
61157
65803
64374
59157
67420
68009
63490
63621
68156
65600
61871
65703
63871
60746
72021
63446
65637
58795
67838
63519
72504
63249
71859
64452
60409
69919
63020
66649
64700
69543
60502
62894
60028
64899
71551
68714
65732
61957
63517
70015
64401
64976
63882
64353
65735
68409
58707
61386
63204
63116
57039
65958
69056
76916
67895
71521
65163
66112
64741
62504
66292
66827
69173
68714
62512
66784
67426
59979
67855
68677
64036
68513
62063
66041
63649
68124
67175
57762
67821
66422
73456
65335
69260
68681
66532
65266
65348
64362
66002
66032
66637
63520
59907
68356
62663
62131
65133
65495
58087
61277
65159
68649
67528
62736
66924
68695
65688
65998
68113
67888
68729
61294
65191
61564
70551
67774
65948
74586
66747
65664
68211
67415
64499
61290
60762
64420
63061
61633
72489
65097
69217
60249
62872
61518
66016
62186
68502
64613
66176
61594
64176
67720
58671
67429
66538
68860
60784
67996
60686
72555
61360
62397
63627
64383
62435
63695
62011
64522
61889
67668
67303
65923
68185
64585
64368
70752
66608
72961
59158
61254
64680
65084
57755
64682
63994
63944
68230
68839
63779
63022
71315
61272
67622
63291
68502
69477
70125
63539
68814
61479
63750
66474
62098
67121
66970
66658
62215
60181
71599
69735
69138
57618
62184
71051
60484
66426
63859
63654
64772
61516
66759
67741
61869
66641
64874
70597
67735
66668
63118
62842
66682
69801
66216
63319
66270
63526
67321
71189
72453
69514
66668
67184
69323
65577
63401
63561
66171
67427
63502
67142
64526
70789
65936
64547
66285
65302
66290
64767
67536
65147
67417
63462
70098
60525
63769
64396
64016
68132
69023
60967
67432
68772
70788
65701
70497
68388
65848
63605
67090
67417
64886
64197
64652
61971
63087
64743
62378
66041
62810
63192
71751
67483
70047
68050
61032
63775
68157
63129
64801
62909
64255
59217
62515
62939
61082
73743
70453
65473
64326
64274
66888
67011
69350
61240
67009
64931
66889
66594
68903
70168
61777
64337
66235
65624
67220
64133
65583
60980
69391
61450
74062
69204
66480
69815
66406
65927
67174
58913
65655
72582
68042
72648
63687
59902
66691
72493
59806
74519
69675
70745
64577
68235
65097
66446
65547
65430
70326
66717
69038
61521
67048
70964
61735
64121
61950
66970
69940
73413
74498
65522
67340
68223
65252
62325
62671
68425
70248
67022
62949
67141
64749
62866
62225
67479
68859
64449
65114
70618
64704
66867
66963
60297
63005
67875
63045
65226
59692
63611
64615
66442
66400
65373
64479
65388
66464
62772
65142
64707
66846
64055
62952
63466
64797
67761
66746
64960
66281
64484
59465
68351
67672
63402
67545
69150
64699
62511
62269
64021
67631
68324
62782
66904
63078
70005
64767
61918
65729
70126
65989
65876
66481
64610
62152
60773
62130
66464
65908
64928
62678
68587
65019
63850
67061
66152
63714
61499
64886
63543
63511
75848
63376
66597
64124
66120
58027
65264
61543
65422
63849
63464
67800
67723
66275
66296
62484
69587
67503
61822
64455
67280
65452
63172
63048
64435
60647
61440
74539
65227
66675
64340
67312
60201
61525
59363
71043
62963
62504
69166
59834
67865
64107
70327
64527
62140
60984
68755
67389
64015
65376
64487
62890
66805
60443
62962
74019
66590
68597
76031
67150
68053
64164
66606
60685
60462
64798
65533
69420
65798
65233
67446
66373
69148
66195
66031
64712
70312
66757
68617
68407
71042
65888
69911
66433
70901
67374
63954
63858
69388
71735
66628
66078
62523
65201
66869
62491
65488
70195
63000
64857
60217
65480
61760
60738
70814
63182
60724
67227
68384
66705
65985
66390
65415
65572
68635
65514
65157
66109
63922
65616
66337
64731
60529
60495
71109
60914
67923
70364
74062
66203
68883
65160
63772
70181
65495
65136
62426
66904
64117
60710
65199
61107
68909
65396
61931
64298
63775
66005
66517
63132
63427
62916
71709
69788
64189
64030
64400
67711
67727
68998
65837
65171
64505
65522
62438
70825
64356
65281
67856
64801
62469
65950
67896
66490
60986
61945
64665
68001
73527
70027
66340
68345
68620
64993
70030
65606
69040
68110
62542
63994
69520
65218
63062
70375
64193
63558
61701
64948
64815
67461
64152
63565
63279
68748
65812
69303
60835
64788
68344
65661
68777
60349
71014
62754
63841
66755
64788
71142
66635
65906
69371
63933
66881
64751
67942
65851
66662
69750
68532
60793
65997
63043
66016
65135
59880
65034
67542
64049
70551
64047
64948
64926
67540
61634
68987
62100
62713
63284
70778
64330
70590
69292
62023
63679
68111
66972
63118
61480
63537
62522
67723
61733
59619
67868
60342
63907
66693
64306
71139
66408
62916
62157
67008
68525
68008
64845
63756
66141
64605
72908
66213
67038
66913
63505
63552
67311
59077
70667
67463
61266
68873
65667
68208
60608
65165
64400
60766
69722
66043
67329
64362
64814
64378
65964
65664
65046
61914
65146
65289
68203
62845
68558
63164
68059
70159
65503
67776
69003
66670
63386
68976
63651
62380
64625
61203
65121
67479
66612
61220
63930
65211
67607
62865
67599
64734
64650
65195
66886
67413
63243
66256
69304
67715
59043
63365
70258
65000
66529
67125
66438
75589
66545
66100
71225
68600
68564
64379
62597
68074
63653
72459
66794
64240
64075
61100
67042
67256
69026
71842
61005
63410
65401
56553
63380
65485
64888
71295
67139
61427
66574
65555
67939
65069
60905
69038
68573
68808
62882
64055
68893
67496
61836
62611
67521
71985
65064
66259
59208
64940
66453
64345
70254
69141
62536
63099
63046
64783
66050
61696
67437
63476
66251
75163
64048
61564
62041
64297
64270
63339
66073
63125
67846
62843
63572
64033
65350
68597
67368
62928
63485
64721
60505
68467
67036
65257
63217
66893
61624
68158
63642
64036
64000
67018
65565
62445
68168
59316
61567
69250
65319
65741
66804
65751
67993
68014
62721
64802
65679
65219
63462
60908
60634
67635
64547
62759
65452
65623
66165
66063
77007
67221
68940
67016
67084
69659
61913
66924
64344
64834
63956
70660
61682
67056
67573
66266
66907
69276
64335
71706
64185
65284
71370
64943
64423
63034
66333
64641
61993
66388
63035
66198
65115
61876
70081
72666
59283
65609
66898
65678
60034
64739
61323
63903
63892
62700
66765
64686
64625
65523
71630
66202
70970
61231
63210
64478
70259
63603
60125
66687
59873
68867
62912
67932
67912
70705
67073
65095
66791
65854
64786
66354
61237
65002
59498
62495
61064
65956
61561
66390
68500
66770
67280
62194
63412
67028
68824
63498
65642
67538
63259
63861
60119
63230
69164
70144
68745
66557
65879
70433
67636
67631
70255
61994
63943
71604
64436
66814
64301
65020
65882
63492
64804
64209
66272
60989
69209
65523
65578
66868
65976
62670
65099
61280
68552
65639
62493
61056
70537
69202
64269
60703
61792
66416
63965
62539
64053
64346
64359
69178
60802
66800
63522
66230
67997
63245
66161
59875
63716
64910
64372
68137
64034
65578
65634
69608
66154
75151
68496
66283
63380
68159
59803
61750
70309
64187
69579
72460
67027
66712
64504
63548
64248
64392
71495
65245
63065
75692
66074
61941
69893
70218
60206
67744
67383
61868
67389
71233
57669
72060
65798
63010
62928
65699
71464
69257
70742
65061
68994
71633
72244
66880
65335
63425
66165
62898
63448
67461
64511
64747
63325
64467
62736
68211
59127
62955
63553
71439
58608
66940
63967
67800
66711
65968
66888
63624
67135
65749
63974
67483
66822
65654
68035
58018
67634
67121
65503
71026
64165
69650
66768
66720
64991
62394
69257
67707
66458
65973
64038
74791
64961
68261
62736
58394
65205
64040
69087
55588
70796
68099
67655
68405
61769
64469
76980
60931
65806
69574
66733
73003
63278
61414
70381
61737
62086
69954
66950
61933
64308
68860
64493
64843
73507
69389
70418
61998
68224
66947
68900
69557
61967
63528
62058
64622
64956
64715
63321
69799
61440
68394
66045
66627
64757
61341
63756
64328
62613
73871
68602
70857
64308
65131
72223
66673
67622
68482
68369
64360
64745
69551
63936
59606
65338
66776
62916
65297
70137
61752
70661
64366
64188
67306
67987
68762
71272
65254
64743
63249
62524
68450
70163
62546
62740
63545
67796
69176
63077
73784
65217
67595
66656
67883
60344
67673
65935
64464
64641
67577
63384
62387
64410
66896
63243
71697
64243
68965
63773
63019
69333
61638
67513
70058
63352
64297
64490
68293
62331
66586
68326
69243
66881
68581
65537
63320
59787
68271
58990
67490
67226
73228
62822
66436
66694
66684
58234
67965
69957
69602
64122
73740
71849
64016
66867
64660
67579
64641
69744
69805
63301
63339
65170
72246
66965
66164
66755
60304
62376
66356
65571
57410
63532
68453
68780
65131
64922
62025
70672
66663
66483
65669
68325
63597
63630
70946
65552
64260
64108
62077
66405
65895
70313
70771
71387
68239
62382
71780
60987
64080
65962
62231
72939
61293
61207
64325
65015
59531
71426
70344
69433
63441
62087
62559
69078
63838
62020
70911
64586
65793
65695
69275
69515
64871
57857
63686
63714
64553
71981
65174
66446
65812
69394
65082
65510
68049
64462
68055
68173
62908
61802
68782
69635
63603
62186
67677
68282
63846
66797
62308
65168
65743
65844
64849
65714
65969
70343
68054
63715
68238
63201
66343
63196
68352
65556
68577
68077
61687
65129
63700
61225
60344
65802
68635
62811
68902
70609
69489
66173
59302
61804
64184
66659
67875
65639
66694
70876
70872
69388
62796
64921
65417
62252
70088
66450
61384
65363
61710
64817
67902
66975
68353
72398
60376
68842
66298
64336
63693
64881
67278
70156
62255
65759
67417
65044
68625
63966
63268
66130
69229
68236
61533
64124
64178
67450
65274
67739
70261
67812
61142
65356
66596
69237
67764
64671
64005
62237
64286
62151
68506
63614
66479
60396
66941
66817
62793
68324
65061
67335
70766
72508
65777
67253
59828
62175
68373
67545
63555
64189
67137
63555
69710
69897
61336
61429
61835
70290
62673
66966
71829
66081
62199
73525
65976
67844
68087
68732
62642
62104
64284
63985
66502
63974
68180
61930
69796
63846
74611
67321
63713
62751
73514
63708
63395
68063
67202
62722
62779
67677
62497
64696
63687
70377
67371
63001
63568
64905
62968
66485
64407
63072
64995
64671
64114
64332
62322
63667
65326
67516
60858
63925
64091
62093
66019
68144
65707
63434
63023
66806
62633
65642
63901
64436
68170
64478
62604
64234
59973
71120
63137
65873
72784
66128
63915
58928
66468
66702
67284
71905
66124
68302
62171
61310
57357
68992
63906
71356
67040
64828
67002
63946
69397
66300
59637
70441
60717
67480
66383
66609
73049
63234
62301
71104
62730
67394
67516
66227
69057
62972
66581
64677
73157
67933
62627
65730
61613
72040
65598
63422
69875
73365
63897
66953
67054
63166
71021
66980
67681
63671
59950
65685
65093
66939
64783
64386
63602
65711
64795
60626
61818
70918
64354
62490
