67278
72151
59105
67814
64194
64153
63224
61653
72007
65781
64257
68512
63078
66792
62702
70834
61247
60159
67756
65475
61411
58199
64057
65191
64162
67725
67841
67624
62543
73705
65526
66240
69822
63824
61560
64989
63220
66906
66629
62263
68607
62897
64875
64823
66147
61081
71573
63229
65368
63709
62613
64845
65957
64675
62748
67526
67030
60743
62835
63524
59750
62794
68769
69864
60159
71205
63136
66459
66930
61180
57256
61745
67140
67646
65264
68167
68117
70965
66059
64171
71963
61898
63734
70010
61041
69376
64606
68680
66875
62430
66278
65475
66166
65282
64515
63349
62428
68241
72772
65648
66219
62159
68022
63911
64983
62382
67227
62530
61802
66756
67216
64594
65220
65646
66573
67096
65234
65845
65856
68274
64734
66340
62567
63704
75005
67780
70395
72707
66971
66135
66299
69288
69046
69822
64100
61693
67599
64620
70410
64411
67799
68036
72505
67904
64995
62541
65103
60058
66788
66527
65520
66694
64911
58529
62336
66152
66219
62827
61719
66117
65527
63427
68828
65683
69211
65824
64987
64682
62417
69791
61247
66524
66232
67306
69249
62470
63663
66438
68808
69093
67600
67634
62124
59059
66602
62407
68363
59678
68830
69022
68345
65140
65508
62091
60449
60948
74675
65471
65602
63300
66781
64373
65767
66264
62155
63976
63457
60614
66281
63251
61467
66661
64926
67615
65639
71359
64383
62804
63070
68170
68338
62809
68839
66809
63538
69985
66600
69117
59530
64571
63959
64561
62303
69007
69767
68833
62887
63365
64547
67050
66713
66812
64135
70871
61402
63899
66914
58645
65122
63461
65709
63626
70103
65199
61921
69645
63631
63068
63321
71137
61626
62684
68374
63487
69802
69485
69740
67943
63890
67535
62931
64115
64049
64188
61180
66315
71989
68349
65391
66840
60815
67947
64131
66999
68581
64260
62345
69464
68054
60566
70865
66227
62069
61007
64721
70631
63916
68696
64902
66095
67540
67388
63925
64087
68989
63993
62116
66636
61070
66352
61085
58116
66133
69007
69250
68887
66003
64651
63205
67014
63143
65789
66501
64602
64911
65968
63077
65066
60480
67486
67844
62410
62216
61333
62595
66832
68785
64986
63140
61503
66706
72221
64406
69912
64719
65849
67638
63611
66717
67221
70560
60443
64775
62807
69026
61196
64291
65505
63928
62634
61955
63978
64525
69866
61589
63692
75174
70989
68493
66563
64109
65604
68694
62544
62587
68473
61618
70824
65227
66694
65928
61963
68804
66578
59477
60265
61239
64406
65301
65474
62570
64865
69995
66249
65971
65343
63214
60275
66957
71229
65159
61057
64742
68167
68560
64153
65527
61052
68749
66647
65777
65448
69017
65502
67043
62930
67265
66713
62377
67694
62271
66059
73411
69089
69579
60319
66811
68741
63090
69464
69298
67825
65947
66303
66101
73800
66917
65211
60059
60008
69618
62089
67072
65247
65628
62993
67893
66453
66184
64656
64919
64097
61822
59224
61050
67798
62942
64784
63226
64810
66559
67157
60567
64202
71001
65851
70116
59281
62027
58418
70943
62781
66483
62329
62346
70073
68842
65701
68060
65533
67079
61402
69318
68646
67123
73980
66210
68476
62222
64766
69122
71362
67080
70877
64820
63762
65012
65808
63972
65567
67334
64854
67604
62417
66416
65321
56826
65571
66412
63164
69375
67027
68111
66594
66505
63773
66096
66620
66886
67888
61976
63278
70755
65578
65904
66697
67478
64677
71991
65911
64286
62902
60824
62557
65751
61065
68782
62720
64809
65664
68659
66622
66899
64934
69446
67494
66312
70201
59333
68222
66183
69566
65134
64251
68531
68214
65733
62512
71659
69310
66451
61913
64336
63343
61645
63281
67053
62876
62290
62325
67616
63833
66587
64471
64819
65855
65402
66914
64064
67328
72469
64816
65241
64077
63612
66075
63331
65786
65926
68954
69966
62659
73785
65211
66459
64920
60697
70606
61604
69972
62430
66095
65911
65303
62118
65080
67768
65269
63809
64962
69364
64851
61385
70310
60455
67781
57555
62481
61596
65420
67062
56052
62078
71027
68845
62509
62938
62747
64511
59371
67765
68305
61723
67809
65483
67164
63687
65339
69403
65960
59319
70573
66521
62115
60086
65406
61123
60191
66509
59411
65662
64494
62350
59636
62077
63232
63314
61648
65526
58840
67662
64103
65150
70037
59266
59884
66030
65183
64743
65022
74544
64574
65856
71558
73197
64384
66221
71463
64261
68644
69528
60448
65594
60668
71672
63884
66582
64666
63753
68254
62428
72370
65062
68668
67092
67795
63459
67717
61585
61569
67029
66876
65382
65252
63218
69264
66329
61941
68538
65938
68567
72609
60190
67070
65715
65461
64206
69251
67993
64349
64169
64486
63880
66308
65938
65514
64497
73504
73469
64328
64620
67713
61958
63463
69968
65847
74017
58038
65722
71119
67211
68682
69105
66691
64451
66743
62177
62866
65480
70482
63082
70937
63141
66378
66605
63461
63724
64127
69991
70388
73323
67083
69761
67857
59566
69377
70367
67976
70802
59091
71007
71559
71903
63206
61474
58957
65038
64114
65949
70722
66768
65733
71482
63565
65042
61707
68637
68618
66897
61338
69754
68403
65689
63415
61187
62798
68028
66914
64191
65117
67594
73267
63650
65885
63115
64151
66904
62878
64795
65828
65856
65347
61571
65409
68948
65772
66726
67398
66616
62896
67887
63779
64116
63808
63653
63949
63030
68956
61326
63840
61798
66058
61733
66804
65007
64511
69139
64468
69306
62989
63541
61882
62275
68036
68908
63814
60661
62723
65213
60380
68085
72318
62094
67003
61915
65055
61713
63706
65421
69034
74287
66078
62537
68911
68827
66311
64661
60740
66288
62030
65926
68020
65379
70851
60790
65836
64101
65514
69596
68084
61349
63658
70983
63262
67283
63618
65764
66538
69052
74162
61800
60141
62279
66060
64525
63821
65534
62790
65938
63888
62909
62217
65313
66297
67226
61128
68913
64719
64120
65261
61783
74221
63230
66133
65586
61371
59124
67121
71628
63376
69122
63105
66552
67253
66003
67217
64395
65111
58297
68466
60695
63343
66198
70298
63225
64249
65262
63229
65098
62012
65802
65452
71339
68649
67801
63196
63702
61580
65885
64759
64529
68139
67972
63684
63700
69644
68894
66142
69947
64991
67380
68638
62891
74029
68591
64278
64758
59381
64701
69942
59332
67745
69720
63448
64411
70608
60687
68779
70820
69078
67604
65145
65978
63651
65361
62445
65880
62854
69871
63063
67711
67037
60313
66039
64543
64931
64903
67798
65246
62607
73405
68361
62987
64531
63267
63532
65032
63885
62365
61963
70840
65323
61168
65289
68825
68932
64453
60908
63457
65522
66201
72377
64971
62317
65774
68932
71269
63864
64910
70382
62413
68386
64417
63573
60325
65600
64235
59026
64784
64521
66781
65075
65002
65119
63257
65278
67852
69636
63749
64647
61520
65465
67328
69901
65761
66742
64857
65114
66532
64560
72188
58738
62852
65501
59956
69412
62877
72086
74405
65075
61293
68259
62821
60728
70194
67626
70363
65013
70868
64248
65594
65822
69003
67673
65830
64606
64886
64316
67916
59860
66508
66248
65735
68550
66743
67151
69573
71944
63239
68891
65464
67486
70996
71586
67860
64137
69513
70379
71549
68479
69292
61411
68931
63266
63446
62356
67591
73592
58570
61243
62301
64879
68438
65063
67575
70521
62375
63254
65809
66546
64111
66908
67266
63379
60244
66358
66901
68121
71101
67345
79022
62767
67034
71373
63974
64094
63229
67997
65926
73130
72445
68726
65074
69135
66619
62731
69391
62856
68577
64448
62922
61676
60275
66752
65841
67477
64521
60230
59234
67933
62710
62647
66249
64193
67031
63372
66828
59370
67692
62648
64408
63384
68063
68219
63584
65844
59151
73801
63844
70784
65786
66327
63192
61220
65988
70970
69254
61188
63057
68206
62849
65472
66516
65044
69890
67838
65185
66904
70710
65270
70096
67473
63636
64143
64550
67002
67012
58834
60962
69370
64730
67608
60773
63252
67855
64964
64837
67702
64528
63506
64614
67423
65594
75851
62913
63741
69830
68351
68896
73274
67490
65382
67473
69806
63430
60423
62437
64119
63594
62752
66549
59345
59643
69255
73272
64313
61274
72575
64728
65667
60953
73806
67817
63453
66689
74649
63033
62470
62139
68259
64532
61819
63646
67417
63365
61269
61501
64209
67376
64825
67233
64639
69466
63766
66484
67278
60855
63629
70978
65442
61415
70205
65931
62948
73675
64865
64534
69902
63212
63200
66346
66708
65746
62687
67771
63006
66482
69141
62323
67648
67676
72589
62862
64809
69086
66805
66051
65131
62251
71371
62891
68788
70625
64275
73122
63035
66631
68841
58182
61313
62043
63796
67691
61175
73629
66186
63648
61826
64180
65062
60451
64616
66047
59405
63094
63271
59331
66864
63303
63789
69441
62759
62769
63883
67503
66472
61645
66281
64601
64848
74212
70418
69311
61758
67455
62707
70127
59693
67528
65229
66150
65244
62981
64213
69299
63834
61942
64199
67948
66427
66799
62769
59939
64603
65205
68897
64719
67918
63146
68514
67109
60635
65207
68573
57394
63196
68374
67372
64232
65826
64367
64481
68675
64402
67961
60688
66031
68949
64836
65865
62443
69934
67653
68946
66227
69666
62349
60876
67647
62832
68642
64907
70025
66388
64216
62163
61952
67024
66317
60091
61943
71407
68218
67060
64754
66379
64179
71998
66867
64002
66291
62636
66031
67018
60526
62139
65703
65292
65230
63081
63834
62003
65594
68965
67667
64922
67806
68137
61251
59948
65599
63569
65337
65792
62976
63354
62999
62246
67271
63524
70155
67669
67727
68482
68712
63251
65983
64570
66483
64302
71017
62245
60733
70620
64781
64639
68215
64307
66418
64899
64748
64556
66797
68147
70313
67107
63555
63648
64359
68134
73596
59301
60958
65814
66129
62773
70620
67770
65894
68852
63401
64214
68923
68675
61508
67344
66628
68755
63632
62508
66576
66862
63236
69464
69252
64609
59684
64853
68645
69393
65273
66284
64169
73341
62150
65766
67428
61701
69634
65230
65698
62954
61025
60778
69270
67405
64891
65176
62181
61879
69148
72411
71182
69290
61722
66094
66436
73668
63114
60421
61804
63659
65672
63697
65130
66895
70479
63366
76916
65012
66197
62736
63215
60994
67781
72010
66379
68341
63801
69180
64460
67574
66628
66426
59552
60947
62703
69494
65423
62841
64361
65001
63102
62756
68989
63967
61567
64745
63456
63475
65855
60777
65130
63413
63635
68718
67002
66176
62304
67430
63929
65435
70023
65070
62608
64791
65884
66820
65732
59626
68724
71421
59721
70241
59685
63853
65356
63128
63571
63059
62365
66885
63784
68752
65853
63644
64428
69308
67749
62745
67373
63000
58717
63165
65185
62362
65144
62380
64829
65957
63338
64371
62970
62065
64733
66943
62316
67796
67439
65534
63117
62613
64835
65951
64866
65922
70201
64330
66072
65246
73526
67705
67553
71597
61017
67597
65372
64225
65947
66146
65341
60740
62492
61423
67749
63100
69795
67814
62685
68838
66378
65953
63174
70454
62019
62525
63195
66150
66110
62055
67989
63745
68001
64912
64764
68072
64007
63758
67402
63671
64513
61338
64886
70978
64293
65771
68582
63569
66111
64353
62569
63410
67297
67127
63585
63787
67030
67361
61753
65466
66990
73816
64230
64349
64536
68522
67834
69266
66469
63892
65680
59410
68018
62940
63489
67361
64676
68464
67150
65475
68523
59596
63012
64195
65145
63438
68421
65123
63750
69021
61543
66606
70797
63694
63279
62953
64018
61893
65006
62011
65246
66526
66487
68783
64153
67952
68222
63107
68238
65217
64463
65710
63313
62636
67321
71230
60152
62298
66885
67625
63017
61224
70592
60187
63990
62000
60892
69729
65335
65190
65248
72781
69627
61646
63983
63968
67863
72345
62430
65697
70399
64127
62202
63750
65143
63941
65302
67968
61933
65232
73234
67472
69006
59874
63755
66417
64438
64718
64142
62637
69030
65578
68663
69439
70659
66897
63750
61835
59995
64071
69596
64452
68569
67853
65171
66835
71274
57507
69565
68231
71143
62163
67523
61099
68961
66343
65148
64275
66898
66339
61377
65451
61230
71026
68022
66021
63360
64167
64012
63714
65745
64281
61966
66634
71247
71339
73315
63984
62639
68326
65366
63753
66011
62764
63505
65223
62704
70439
68120
63206
71582
67673
62733
64728
66611
63648
62179
72688
63543
63664
69016
67273
60809
64641
68756
63980
63243
58637
61652
64723
63432
66267
72475
74578
67620
69164
67821
63959
60482
70384
71668
64320
67978
65263
64692
65686
66981
66936
63892
62599
65673
64966
65699
71291
67726
60624
68624
72543
66600
65776
70112
62073
64612
66997
66629
64791
69571
62233
71205
65283
73712
68158
67126
65333
65550
60151
66799
59825
60580
61126
67537
63967
66446
64810
67290
65009
67006
57699
68063
65967
63474
68331
64120
67912
63435
64391
68890
68686
66853
69160
66507
66593
68857
63044
63287
70463
64105
65999
62748
60241
64388
65057
67822
67676
63504
67201
67964
66895
60052
71387
62768
58979
67026
67470
60356
65252
69016
80118
64351
68949
63509
68979
69771
66185
68411
66803
65858
72200
70104
60541
69823
67885
61776
64191
70530
60506
72539
62933
67980
69758
64915
62826
59575
62137
69465
62526
62357
64964
69251
64350
62116
63447
66044
62790
63558
67562
60833
65468
69891
67363
64213
68675
69442
60323
66627
60391
71331
65980
69196
61660
64508
61904
59929
63877
69131
63628
63995
59433
67988
69723
63508
65597
71746
70242
66755
63678
62552
61742
64339
66766
67685
59751
63790
68743
67194
58396
65512
70856
62012
72034
68561
66119
66437
65629
65225
67909
69541
63389
69230
69087
68798
67034
69789
68729
69781
63350
63092
62411
66667
71460
59694
65338
64829
66572
64335
60180
62471
62631
66752
60679
72169
68713
65724
64471
61874
67326
68810
62899
59968
66995
62889
62890
62053
65657
68219
60912
70086
62163
68063
61682
75234
68962
63193
69228
59618
63851
66463
67709
61824
59074
64821
71331
64988
63860
68705
67737
69090
66774
68388
63914
64405
59896
61669
64132
61066
61441
60347
62039
68093
68707
67565
64777
61771
68637
62938
59096
64374
69165
70405
70633
65857
63807
57203
60601
65394
64377
69726
61181
61873
60608
59814
74878
62748
68400
67110
70556
65339
70841
65450
64152
64391
60614
62659
64513
60723
64215
65005
70128
64187
70236
64831
72481
68650
70108
67079
68255
63921
71573
69217
65267
75029
67769
69890
66145
64592
68135
65840
60482
63150
63816
67134
65388
67150
66599
64111
62968
67373
68300
72456
62037
64870
68305
62866
64185
65556
62290
62615
64064
64806
66473
70926
70108
74884
74538
63273
67362
68286
63365
68303
64698
63858
67031
64944
63997
65026
68033
64547
67623
66218
65118
64937
68503
63853
67446
67370
64124
69103
71886
62992
65276
60297
61832
63252
69981
61692
66931
68764
61770
71724
62501
68205
66188
68486
60667
65951
64547
59512
65306
61450
66622
66790
69256
63008
69532
65735
65448
61303
67679
61349
64097
64734
63984
68097
66522
68830
69812
64966
59675
70648
62449
66195
64888
68491
66674
70027
63262
59200
65762
63705
67683
66090
69433
63324
63828
66004
60841
66204
64223
61009
59581
69601
66601
69042
66123
70097
66821
61083
67482
63301
64639
62786
63519
65860
60968
60555
66360
64376
72218
66067
60798
76066
64361
63667
67742
59464
61692
65634
67912
74662
63827
62980
66086
67396
63670
71172
61925
61290
69346
61765
61533
62871
63893
66331
68060
64026
63503
70914
65748
67415
62577
64837
69714
66667
72228
69843
67151
65715
71141
62220
63206
62728
66842
66093
68339
64413
67072
64080
71735
67021
67340
67434
63106
66277
70863
63619
66772
70476
64934
67130
60460
67642
61049
67249
60142
65130
67898
68531
67665
68250
64309
68203
68281
66892
64405
65600
63572
59718
64665
67986
69981
70394
67276
66408
62758
66570
71729
60307
63640
64203
61295
61629
60044
66380
69655
67889
64587
61516
73365
62643
59501
68551
70029
61973
70860
61453
70903
60898
61067
66641
65518
65443
63591
63935
71396
71908
63375
66459
66396
61241
64066
66460
64379
66841
64171
71269
64447
65341
65474
64372
63171
61239
61435
71042
67558
60183
68142
64911
74162
67437
62829
64857
64901
65984
70517
58605
62965
65210
65112
65347
71443
63678
62856
69834
64040
71305
66229
64042
62379
66746
67455
64371
65663
74690
69240
67022
62719
61447
65409
69035
63184
66949
69106
55544
64516
63614
70320
72157
64857
70610
60266
67625
64654
58936
58330
66522
67536
58274
63700
62901
62575
65242
67199
61171
70919
65129
65471
65625
67621
67540
61346
69981
65937
73014
70960
64514
65494
63809
71543
74247
68194
63992
60528
65175
59936
64178
69560
70305
67410
65389
66974
68633
68832
70561
69435
70483
60169
63515
67258
63620
64549
66778
64019
64934
63190
64728
64145
63064
68138
74430
67792
68209
65994
66864
69291
67110
60522
77728
60076
64298
65477
67176
66198
68838
65786
64047
61711
61962
72571
67455
67097
68376
67972
69408
66223
74690
62976
67075
69004
68485
72069
64638
71145
64697
66713
66962
63718
67455
61126
65838
67233
73049
62805
64662
62258
66175
68897
65485
63487
64905
63456
69940
66880
68823
63515
59370
68367
70183
64640
64593
64590
65695
68610
62139
68943
65232
68830
75282
67638
64769
58539
69981
64479
64425
69400
70296
59525
65665
64239
63225
65128
67982
68072
67194
68105
64435
63273
70586
64151
65664
65825
64057
64993
67650
64266
61786
65939
67987
67841
68080
63938
67856
63522
61846
67920
64208
68157
64193
57999
63123
63530
66128
67587
64960
66435
62280
62705
64995
61430
70670
65977
66413
66013
65622
61744
68017
64699
66507
63740
68230
60196
67204
71177
62833
61391
62616
73371
64057
75224
61218
61854
62909
69389
64627
62612
61895
68960
65252
67425
64776
63025
65940
58537
63253
62826
68236
66045
69866
65978
62356
72277
63401
62581
64230
65789
67081
67689
65747
60841
66370
64342
62948
59560
70786
67650
65985
60379
65698
62088
72429
61492
66134
66384
64730
67368
66038
65642
65893
67588
65615
67463
67815
66212
64882
64398
59404
64181
60879
68021
68689
69485
69104
63516
68137
71783
66522
66693
66062
66435
67746
68779
62165
64988
63386
64983
68944
68696
61915
68784
66568
60576
64193
64984
65532
64256
64357
60088
65068
62521
65808
66533
63670
64856
72051
63876
66650
64538
69748
67094
65094
68156
68750
63380
63586
64139
66269
66409
65507
63173
64458
68741
66586
62502
68369
65069
63720
70156
61649
68535
71165
67410
70004
67279
67173
67992
60891
60984
67003
67257
67586
65408
63907
68240
63449
65259
71060
63121
63126
67294
62986
60310
66813
60312
64774
65117
65469
65643
74167
68020
67498
59538
64671
61462
64274
68247
64671
67433
67656
73977
63307
63797
69950
66685
70415
63105
65737
64870
60275
68287
71168
62748
63811
66332
67535
69331
65761
74572
65468
69916
65993
66891
63234
68289
59145
62987
68014
65446
67140
64913
67933
62663
60316
63674
72460
66381
68721
61738
66786
67082
73826
69532
69794
61936
66804
66779
68307
58733
68696
61795
68180
70898
64382
68786
62896
63964
61496
62679
60952
67623
61468
64649
60556
62581
65375
65281
61606
67142
69179
64198
64950
64643
65162
63331
67381
62338
68328
63864
71176
65240
68934
60260
63037
68862
62552
63171
63401
60401
64018
66491
62640
67510
70325
64135
69471
59785
63632
67349
66175
70733
70638
67335
69143
63447
67577
66140
68202
71252
69246
59198
62516
71848
68239
71052
62542
72338
66156
67692
67929
70098
63643
65898
62554
68844
65393
72620
65546
67485
62858
66896
67663
66914
65100
64569
65261
63696
67832
64851
60742
58561
67151
67596
62974
64019
68890
63462
59078
61951
67296
67468
69322
65657
60807
65510
65428
74192
59956
64293
65668
63516
62014
68838
65102
64754
66085
63635
66391
70300
61989
65461
66596
63325
65317
61963
69846
64758
63637
69137
66810
67202
63410
60760
61439
61105
65232
65007
61950
70005
63734
72929
65100
59661
67254
63307
61812
68237
64764
67217
69387
61167
66316
67719
68329
64073
68907
62035
66892
63408
63424
66757
63529
67311
64288
63608
63310
68863
66394
66662
65801
59586
63605
61856
69370
71233
64991
67962
65545
66672
62194
67393
64224
62900
63867
68097
66712
68106
68722
68518
66448
62373
64148
66444
69601
64763
64449
61153
67671
67583
69504
68136
67362
61312
67870
69179
60586
64864
66921
62052
61247
68360
66070
64794
62940
62168
65398
58625
60419
62524
64230
61008
62625
68155
60940
73573
66433
66191
61185
70766
61376
69510
67902
65339
70309
63651
69482
65147
62478
64814
68766
61529
62509
63678
64589
70723
63982
62093
61581
65968
67025
61558
66900
62092
63796
63043
67832
67995
61234
70073
63927
67104
62169
68579
75936
68051
66720
62206
63101
69167
63967
62186
66826
67539
65987
67504
64532
62641
66988
64689
65223
61736
66135
64158
69994
64048
65802
71258
63501
67913
62870
61471
65420
75354
60982
70240
66735
64687
67893
63255
74749
65277
66907
65294
63569
66583
65310
68524
72969
61495
63350
66119
68261
68959
62875
66628
69020
65058
70105
63291
66416
60043
67661
68243
66191
67092
61149
65707
63918
65919
66151
63088
67826
65517
70119
73330
66322
62399
65431
63463
64385
66309
69020
69233
69532
63184
66662
66422
68077
64066
65495
65057
65299
63409
62801
66646
64845
67543
64582
61512
63946
63093
61719
69231
67676
69145
63124
64830
69557
63617
69892
65485
65986
65204
64844
61530
68913
64376
65098
63639
62779
65681
65520
65430
65343
62399
61908
64753
63320
64581
66971
66157
68563
63613
69984
65147
68773
62977
60369
64910
65734
72372
61641
67886
67134
75900
68078
67059
67059
67846
66293
68799
68492
69675
65993
63284
65120
61753
66257
71640
66975
64178
61516
61186
62726
64244
66913
66196
68135
66455
64301
66090
64166
63145
63717
65091
65827
62380
66885
65810
65534
61876
61320
62092
65648
65033
61708
64508
62663
66734
60225
63488
65514
60484
64744
67509
69529
67109
63657
63909
72513
74925
65438
71413
70211
66089
73275
66902
62141
65409
65220
64206
66422
62967
61528
65620
67570
64643
62375
74172
71026
63999
61126
61169
60751
64655
60156
64375
67121
66780
65404
69564
65778
60434
65136
70076
70016
67369
61566
64737
66178
62905
63477
69183
68185
73195
69101
68311
61856
61212
63685
60621
59391
66356
63307
71926
65215
63192
64229
64864
64771
66342
61917
64444
66328
64948
65900
62534
66149
63725
62753
64967
61538
64106
64077
64500
63309
66692
69724
66763
60875
65380
67722
61692
62197
65450
63694
69433
62284
69379
63642
66301
67773
71559
70451
63851
65375
70568
71042
66384
60527
66228
67871
64510
68761
61768
71263
65032
63527
70125
65567
66067
66536
63558
60538
72454
71486
63293
61271
75269
64986
66960
63554
64461
70148
65112
67925
60096
69759
69477
66705
62445
66972
64543
72893
67527
64802
71563
70845
68135
66402
64721
65055
62218
66034
63766
66384
64781
65399
69717
63486
63777
60135
61968
69196
65288
63934
63673
65258
61666
62535
63826
63871
66365
62331
61564
67623
68471
72902
62480
60237
68063
63444
67736
70772
67681
67284
68675
63280
62210
63606
64562
63344
73929
65341
62116
64509
68041
67671
63125
60955
60341
65819
67143
65433
66572
62338
59182
63936
62499
62698
69642
64406
68993
64579
64564
68446
67614
63746
66199
69243
63256
66121
66695
63754
67721
66176
69579
63745
66728
65493
70272
68108
64810
67554
66038
66550
63648
61349
75228
60086
69530
62544
64922
65400
65038
66002
63973
69129
64663
61494
63497
67681
65956
67252
67524
65102
66273
63467
70577
61031
58359
68458
64371
68515
63704
63876
64525
68340
63710
65405
63566
70021
61930
60242
67873
67673
64089
63629
61982
66463
66019
68794
68497
66146
65778
70586
64123
66148
60176
67533
63236
66850
63832
66545
67138
67183
65042
72997
67664
67419
68754
63540
69771
63232
68832
66304
69532
62465
62677
64887
63580
68482
74063
68469
71897
67704
69125
65246
67100
65445
73795
63443
64645
72044
62491
66985
66068
65445
65476
69463
61238
58876
65277
62537
64227
68798
71667
64104
69047
63285
69476
64821
63769
69402
62899
65811
60842
61895
61822
66438
61466
72747
65296
63872
67379
64381
62471
69728
67269
67006
61774
66444
65277
67608
67260
68837
65610
59610
64169
64769
62378
66650
68693
67446
69361
67333
69899
67028
62650
65739
63793
71083
66923
69750
62997
62366
63844
70555
63837
64329
61848
69009
72675
60544
64147
70099
68892
66146
66800
68820
62279
66850
71640
65092
64919
63460
67573
69790
65360
68829
66069
61802
63849
64926
64156
68793
63369
63907
66792
63603
67461
63574
67685
62338
61377
68604
62564
69147
63481
67843
66979
66087
65135
64314
66705
68815
62398
61520
68832
65709
66634
61755
70376
63103
72893
61579
63385
69005
60873
68146
63151
65641
68579
67042
68728
57940
64509
67918
65399
73231
63181
68767
67899
58326
70378
62518
67201
63250
68918
61682
63675
61701
70596
64004
68072
59944
67110
62336
66572
68085
66474
66117
64551
71413
63709
65060
69986
68184
69008
71748
62616
64216
66791
62944
62917
66161
68328
60958
62241
65217
67245
63538
71122
65548
68387
62250
67911
58816
71028
72104
67957
56103
72210
61089
61307
66293
71857
62042
60249
63611
63032
64730
62545
73467
65393
68786
70403
70294
68414
59494
67984
64253
62388
62967
64625
63063
64103
72039
63660
67833
65572
63520
64655
68517
61724
65712
63824
69591
67292
62403
67752
64254
64799
63279
66688
62581
61850
68380
60109
72634
68386
65546
66612
68134
64145
60682
70264
66625
57742
68975
62512
70134
74388
68913
65904
59975
65662
66236
66461
63866
61296
66172
65648
65745
66483
68316
75893
65261
61784
59927
62395
68500
67956
63213
67730
72229
66834
66791
67263
63352
65643
66759
63211
64034
67080
61464
66273
67694
58073
65796
64521
64406
70348
66912
61519
68718
61130
62508
70037
68705
64425
67915
65705
66027
64990
64622
63887
63723
62828
60612
61062
69767
65013
63418
61848
61586
66067
61515
63517
67185
74759
68934
66098
66222
69357
64953
67268
68995
69578
67079
71678
64902
61999
69759
71651
72991
64942
65817
59795
68545
69560
62659
63639
62229
64052
65315
61823
69455
63796
63350
65687
67129
62612
61271
64491
60669
65483
64978
65449
61178
63769
67899
59441
63165
62970
70662
64128
64096
70361
59137
62924
63015
67577
59810
66376
62535
67608
67688
64254
65796
62456
68802
64656
