63010
62530
60116
62414
61711
67925
66905
67103
63089
65924
62127
66443
69756
64360
66516
72173
70126
66999
59850
67823
65609
68275
60869
66537
70139
65914
70572
67203
65403
65334
61643
64453
63814
63718
61857
66947
63153
63155
66208
68170
63993
62522
64470
66032
63898
64056
64113
64553
60342
63109
65010
58755
64784
64440
64036
68809
66916
71538
62775
63638
65231
66516
65809
63993
63381
67042
65834
64328
69344
65225
66558
57285
63167
64371
64986
69764
67775
67692
64613
64220
65762
60836
65758
61526
67376
64660
60438
69067
69168
69589
63088
68177
72908
65798
60664
60690
70331
66142
63933
68803
66627
62717
64318
59866
62328
63600
61935
67813
61562
62744
61098
67067
62243
67675
62887
63510
65388
69781
67135
71534
71589
66146
66416
69974
65342
62592
71080
67872
66209
68278
64172
62616
67261
60783
63212
64687
64264
65079
70846
65305
63497
61899
66469
71891
63499
62308
69493
71915
63763
62899
58112
65123
62127
66295
66706
67025
65449
62014
66775
65622
69762
66561
66403
68422
66708
67835
68697
66121
69789
71757
69735
64817
65062
65437
63750
66232
64161
66567
63675
57755
66360
67710
62442
63287
69791
63236
66305
65411
60911
63144
68523
64023
67870
73753
67267
64259
59703
71241
67296
70941
65455
66713
64264
65175
56625
67646
63615
58888
66195
70817
68914
64969
62126
62645
67913
65373
64307
67961
63778
65002
62607
62737
67438
60883
64636
62581
64557
58400
66930
66515
67536
61280
63468
65848
66475
64931
66523
71480
65271
64346
68190
61263
66512
62948
60711
67754
67089
64372
65541
67332
66492
66025
63784
62294
59573
57278
65249
66507
61362
62578
66251
68573
66671
62075
66408
62561
61937
62570
72761
62151
64776
60167
64217
69992
67708
71759
61151
68879
66440
65579
65125
63107
73569
65855
63005
66487
65441
67874
67766
62548
63344
59354
64056
66503
60582
64439
61899
69026
66981
65599
66306
62081
65847
58967
68097
63019
62528
62879
62557
70956
66220
67665
66450
67479
72173
64602
71521
60126
61470
66651
67057
71469
63450
61045
63309
69480
63560
61198
70867
68267
65679
66455
67165
72268
65221
68381
59948
64294
65815
68355
66399
66478
66912
64712
62537
66272
67418
68420
65604
67358
69158
64907
65988
64914
64505
62480
66411
68793
65356
57582
69635
65737
69896
68620
64764
62686
64593
70505
66082
63781
65462
71813
70473
65963
58066
68182
61440
62846
68291
62523
64431
66530
62083
65099
67924
63813
63678
60328
63746
67065
63629
69973
64060
70336
63123
66868
60743
62692
62957
61063
65665
61248
65278
62994
67213
59684
63091
66975
60782
62618
62585
63623
65115
66033
67386
66725
60723
66924
64831
69657
68415
70328
63690
65420
62613
68961
65601
66394
63933
63340
61122
66260
58598
69185
64320
65824
68580
62729
65091
64449
69445
62711
71322
66007
56478
64218
67764
64447
61793
70414
66064
70161
58488
65626
60499
71065
66582
66829
66013
61390
73480
61131
70327
68317
62874
65539
71955
71952
61396
64641
65223
65455
65441
62676
69108
65280
63744
65773
58945
63318
67686
68174
68121
67188
68398
67103
70029
70096
65630
63424
58204
60972
66541
63501
63654
64268
71973
60100
70421
66428
64315
68624
62519
66674
61001
65287
64772
61781
65472
62632
63266
71385
67644
65213
65978
60959
65359
64917
62613
67315
65513
66120
64109
62522
65214
69137
61746
65117
68973
64170
71135
68715
60636
62450
65424
67722
68550
71465
65588
70024
62707
68155
63433
63860
63960
66482
60020
68622
65513
70196
63035
63314
66175
66049
73679
64818
68436
67080
64733
66354
66304
58275
59937
58809
63588
59994
67384
61630
61834
66697
65215
65249
64420
63184
69578
63321
67660
66320
67187
64329
67466
68980
61719
65995
63446
68031
66613
64058
65166
64876
67959
69682
67889
61626
65138
67665
68039
67471
68523
62075
68025
58885
67615
63075
63748
67910
65490
63466
68431
68076
69246
66773
69870
66412
69870
66148
65630
66071
64489
66983
69705
65567
67582
68024
61930
60234
59681
62015
65864
69104
60646
65702
64503
60507
67108
74086
59132
66291
67788
60330
64561
63946
66498
63665
66866
68294
66894
64513
63815
67733
64363
63971
60192
67496
62914
67120
66949
67493
60153
63116
61647
68163
64452
63611
57791
70755
61670
64388
59972
63723
68136
66970
67125
59132
61176
65998
69284
66849
65313
68323
69071
65023
64890
64825
66929
68257
63447
68551
66006
68630
68779
66481
66620
58764
69711
70388
69121
60573
66633
65481
63467
70675
63144
62621
73602
61554
65857
65805
66803
66487
65807
69847
64717
61107
67568
64597
64985
59611
68250
66743
68223
67463
57054
67576
60585
65692
72575
65289
64464
70815
65140
64908
62771
71288
65407
66519
69365
63380
61587
69257
62789
63308
65602
63905
60880
69630
62295
66116
63837
63656
72104
61411
70224
59465
66694
61925
63698
65163
66896
66532
64887
59951
65719
64744
65531
64328
66319
68203
67041
64088
66520
65586
62068
64288
61882
60333
57899
66358
67285
66482
64637
69181
67306
62491
69607
64825
64537
69351
64850
69176
59788
65616
64783
57963
61794
70425
61551
64798
72857
64157
67249
71159
67538
66107
70563
65438
62971
68810
59283
59802
67664
67476
67105
63941
66531
69312
65102
69469
63917
64723
68157
66730
63771
67320
63188
66288
61694
68423
73407
64113
61615
66156
64568
61605
66433
67398
65382
62667
69153
63421
64644
65939
69957
63118
67909
63339
65032
66164
63323
65865
70752
67367
64465
68469
67581
68323
67974
63501
66163
65864
68755
67604
67382
67134
64654
64380
68220
70458
64368
64291
68189
62476
61499
66882
64451
63801
62785
67734
64769
65605
67730
67827
68554
68140
62566
68065
64254
65985
61068
66367
64819
62142
62704
63850
65852
61611
65262
70155
67345
68172
66769
67905
64964
67028
61986
65708
65354
70496
62018
64223
66090
66221
67201
68921
65556
66020
66804
63627
68519
69233
65707
59862
69278
61399
69179
66583
61953
72097
68381
69987
61155
67644
63437
60971
61157
56489
64141
67574
66318
63826
64907
65276
65134
67181
68085
70244
66931
67309
64566
70460
66540
70324
63565
67549
59749
67542
70288
68037
63586
60942
70473
68993
69627
71951
66884
60655
64261
67175
69066
64326
62709
67649
64408
64958
64131
64892
66264
69992
68476
65072
64720
62254
62526
66391
65891
64898
66845
68254
61389
68892
72640
59105
67958
68479
62320
66402
67576
62527
67952
69346
61871
65258
62004
67349
70502
63279
66066
66623
60790
63741
71487
72317
62824
64704
63837
65216
66867
64215
65812
67518
67268
68989
68160
69501
68216
64690
58409
61456
64304
65957
71495
64143
62058
65094
67831
70579
66988
68561
65916
64562
67724
63833
68391
65630
69462
58325
63500
65839
70380
68693
62624
63292
66111
67712
69154
61501
64583
70641
65446
67251
63971
69380
70275
66743
66868
67518
65999
65243
65175
66241
66442
61357
67398
66817
68376
63683
69281
68129
66081
65389
64478
69114
63625
61672
68411
64707
71874
64254
68161
66287
70299
67958
61451
71259
62841
65040
64009
64968
64809
68745
72688
61438
65166
63172
68429
63505
60819
70441
66109
62434
65233
66399
65655
72734
69417
66215
67744
61307
62927
68524
64705
68957
69404
68270
62660
68589
68576
66711
61792
62749
64919
68100
63002
62942
72609
68012
68186
68786
66161
63897
67057
68787
65528
65421
64925
66827
63483
62287
65163
63752
66961
59489
68167
65562
68370
63217
71157
66907
68869
63191
66955
59603
67978
68722
66126
63534
65908
62615
61246
69131
61449
64919
68462
65311
64108
65362
66752
64938
66932
63343
62734
65964
65822
63533
62042
68308
65815
62144
61804
70052
70640
66035
64557
61450
64402
66488
69916
67977
67617
61891
68253
64575
63633
67721
70473
65399
60360
67375
64364
67702
68630
63549
67817
61642
66053
64974
67334
65878
69361
60888
68589
64000
63150
67463
69852
66268
68167
68448
64517
66615
64632
59295
63458
60248
63234
62985
61685
63914
60929
68033
65961
66769
62511
69818
72492
66296
65871
66722
65242
58542
67828
68466
63857
67850
62095
59174
61193
64301
59902
63939
62528
64457
64441
64175
70705
68366
65340
61513
61658
66273
59166
64837
61988
65151
64450
64417
60294
59847
66054
64900
64963
65619
66133
66712
67923
64665
61502
59308
60456
62480
66904
71910
61165
69725
59553
65225
64593
65614
62042
68633
61186
72134
64103
67913
61980
66305
68039
68709
69267
62183
65246
65176
61306
61042
63682
68466
67212
62573
69078
71910
66346
68869
70279
61378
68499
68204
62961
65898
68904
64475
68944
61654
70343
70027
67796
64841
67899
63634
70003
65852
65957
66920
70156
59574
69796
61808
66158
61266
64846
65682
57174
65699
66011
64659
67074
59031
71475
67357
64730
70516
61897
65078
66797
65763
68560
70170
66423
62770
66034
61040
64437
73021
61125
59774
66557
59972
62394
64432
62782
61658
61623
60691
62399
62452
64150
63230
64171
63102
61643
71292
68013
66257
67504
64559
64716
65306
68537
69815
65607
63626
62946
65292
70507
65473
65882
58471
61065
62009
67291
69464
67873
64708
67368
58614
63256
66024
64442
63437
64163
62134
65519
60145
65042
71881
66699
69763
64307
66054
66827
66266
60561
64345
61522
74398
66080
61421
69559
62577
63835
73409
63043
67165
66840
64144
61467
64994
55668
64170
66320
67914
68154
63421
64104
62907
66994
56826
67797
64362
61225
59292
68224
68991
65294
67109
67273
66632
68000
69732
68370
60909
57857
65995
67212
67346
65039
64665
66133
66258
67729
66811
61711
64622
66135
64665
64674
65529
66054
60628
65189
64797
64509
65281
68583
58844
60661
56430
64784
68943
65984
68532
62430
62637
67338
69222
71028
68097
68231
71631
54749
64407
66662
62403
65005
72312
66994
65276
67561
65721
62680
60840
71400
62783
63820
63777
61438
64878
75893
63422
61133
64156
71123
67318
65442
68013
62518
62816
67835
63694
70562
66581
58447
73673
65754
66565
64059
63225
64893
63886
65595
66125
67104
63768
65102
64173
67065
62358
63033
70280
70445
64346
64454
68955
62863
62179
64276
68661
65809
70227
61476
61656
65257
66186
65670
64301
59684
60617
67111
60174
66025
63803
67045
64962
65495
65758
69001
69752
60403
62499
64620
62201
64178
66051
64554
71515
60229
62413
69416
63237
67910
70053
62434
62548
63691
69202
64963
62447
65024
72015
61882
58748
65515
67685
67194
65534
64863
70501
68326
66613
65318
65783
60294
69787
61454
71994
72850
70757
63698
66106
62131
68147
58607
69961
66383
64098
63988
67274
67941
65952
64756
64131
66881
63572
63572
67945
64574
66398
61323
66011
66486
65607
62439
66511
67375
67406
67369
66152
63500
63507
64151
65266
65832
67154
69327
60966
67483
64410
66818
63720
63941
68418
70305
61734
62935
61141
67889
65894
59617
62118
64497
66349
65868
64522
67414
67195
64785
65986
64002
66449
65952
68306
69217
65870
67204
68666
69342
65448
67062
62632
64418
59688
66178
66861
66768
67171
63344
61391
69899
65849
64663
65194
59929
64531
66633
62796
71877
66665
63960
68671
64396
65646
64853
60775
62393
65233
70395
65170
65416
64992
60748
63938
65366
67516
65636
59596
65952
67865
64009
61204
65440
68580
69235
67917
67858
57421
57603
64169
69036
64751
61769
64233
62432
66897
64316
60710
69380
65709
63970
60976
68773
63585
61278
64725
67243
61944
63040
66489
65021
62648
60417
66176
64980
67705
72734
70182
66911
67117
65240
63693
68889
63778
67438
57336
65842
65502
64686
62226
61560
60443
70068
66910
62013
65422
61807
66291
62954
64248
58283
66639
65111
67824
60771
69380
61703
64485
62109
59729
71675
63725
60118
63975
62780
66883
72586
65316
65193
64155
59360
66030
60163
66169
65634
69520
65978
63710
63520
70743
66180
62101
61837
64688
64281
63765
61208
70505
63540
71220
63021
64326
65757
66510
60953
62074
60428
66943
65176
65674
65405
60938
64028
61810
65730
60132
66411
68143
66996
60734
61765
67391
63124
65911
66065
65128
61085
60151
64580
59742
66972
68799
64835
65199
61805
64123
66174
68395
68336
62819
63639
62457
68685
68388
61450
68875
66418
71308
69015
66406
61961
61128
62074
61715
68659
67526
69504
73086
59233
66373
67319
65033
59829
74129
61952
63057
70735
66564
68312
58962
64018
64859
60807
70259
66590
67500
63172
72509
62089
68997
64675
67419
65582
59366
68387
66002
70733
64522
61454
64670
65512
61824
67614
61858
55536
64179
64145
64781
63497
66225
70067
68160
68842
62436
64210
65811
70357
68421
59755
62483
66380
69549
66272
73762
60331
61345
69797
68980
68157
71827
66708
68242
67041
60707
58400
62588
67251
68125
62731
66172
64289
69169
63461
68174
66819
66046
66361
62785
66265
62621
68726
69687
62558
69964
69363
62169
65338
66118
66131
65787
66660
65225
63954
70642
62647
63721
65588
64572
61774
68685
66244
69892
65640
63196
65778
61676
64929
69862
66604
64292
67657
63666
63662
70574
64682
63779
68529
66031
62426
64071
62983
65105
64409
65582
67122
69722
67240
61321
70835
64104
62599
62619
66544
64834
65355
60077
67440
61497
57030
66095
61815
65630
63579
62642
66972
61935
66155
65075
67487
63691
65004
64835
64357
69102
56858
62063
66766
65383
68208
62368
62571
66260
65212
59518
64596
66170
68421
66112
64858
63964
69189
70327
65622
62901
58214
67017
63753
68300
63994
68083
67280
63968
66856
69718
67611
64071
61909
63201
66024
66998
65205
71837
64723
69137
65332
63423
69079
67562
67737
67117
62311
64524
64532
63361
72451
65275
61384
66286
70875
67362
61986
63892
70519
70075
64641
67112
60576
67178
66600
62551
71628
70741
64845
68017
64008
74357
69574
73674
73183
63923
74347
60310
69846
59581
66228
70048
66400
69529
65280
56932
64440
65108
66895
68667
65467
60382
65266
65071
65285
63235
66102
67362
69715
65691
62856
72839
65713
67462
69235
64467
65061
66342
62864
60517
63282
64493
65768
58949
60305
62134
63181
67601
59485
66122
64124
69311
66342
67913
64198
72797
66251
69582
67594
69321
61764
62237
65342
70397
66989
66799
62957
63571
61987
67876
61606
68550
72221
64989
68514
68847
63859
67448
60474
61845
61371
65354
59973
72005
56848
68731
64086
64852
64178
66269
63182
69010
63396
61376
66823
69662
60248
66732
65945
60809
56158
63612
69079
68751
65576
66691
67383
65023
66352
70619
69533
60474
64832
66698
69443
62918
62350
65251
61590
65445
59810
61602
66255
67692
67222
68988
72590
69317
63010
63297
65635
64347
63163
67207
68093
68228
68529
61982
60113
65834
63624
60973
64485
62159
66144
62809
64562
60151
61594
60539
66401
68104
69275
67275
64575
60482
60652
64988
67182
65150
70034
61162
64038
63912
64177
66901
69542
65807
63324
66428
68569
73631
68165
61347
66402
64983
68709
66425
68266
65021
65228
68192
67849
66951
64500
63901
69987
54920
66517
66003
60658
65504
64743
65591
69603
68478
59744
69669
69503
63372
62520
64418
61272
68980
67537
68236
65462
63483
66347
69450
63099
70165
66315
64941
68003
61310
71609
69150
66200
69389
69051
63366
68679
71026
61693
67152
66306
63727
63471
67358
63583
72533
64888
61455
64308
68896
61715
67383
61697
63365
67220
66314
72100
60702
63871
64575
62149
65806
63542
63188
67273
63590
68692
69442
61684
63612
66965
64534
62965
64773
65876
64003
63820
65154
69345
67203
63536
57457
67604
62496
65205
64193
73442
66444
62590
65234
66320
61326
63458
60932
65703
67623
60170
65377
58802
58928
59687
69971
64587
63264
62219
62384
64401
57069
67067
62026
64318
75345
60945
61270
68065
69054
66935
63537
67552
62508
64518
63210
66048
63274
67746
61715
70594
67476
64832
69583
71410
62290
70133
65092
63861
67668
66151
61995
61613
66475
71888
66194
77159
60385
69009
68271
71419
63200
60835
66281
63164
64347
66250
62214
65653
63440
65435
68507
64537
68952
65516
70516
64010
66699
65095
66481
58787
61279
68416
68140
68652
62304
68103
63768
67996
61372
65130
62721
64577
64288
69000
68559
64759
67469
64298
72310
66184
62262
60771
64684
63263
60808
69005
61673
60747
65359
63137
67753
67717
62361
66555
66583
67446
67823
65618
64867
65053
62753
62170
60361
74158
64248
59157
60051
65371
66956
66602
64367
64424
61723
60007
63373
68155
61329
63157
63950
69049
66865
63229
67360
63325
62336
72056
62246
68417
70299
68804
63545
68516
64693
68073
68439
65355
70869
63922
65506
63777
66115
66812
66812
67101
66152
61410
64409
61746
68091
65950
66988
65610
63580
65175
63338
62090
61302
70359
67135
66318
66876
63203
61848
67446
61529
66773
72378
72003
62949
69666
65775
71366
64971
60635
68313
64312
62223
64988
66701
69929
68553
60354
67285
65198
64625
72500
67766
71191
61076
68020
63625
65565
70923
63977
61484
63597
66531
66044
66354
70009
63647
67626
64697
63950
72356
66761
65423
64442
66389
69376
66404
62397
67356
60945
57648
68108
62192
64414
68160
61726
65138
69974
63712
63389
69823
70469
65943
70445
66784
61745
64520
64590
67296
63430
66981
63725
64435
65096
64940
65758
74079
61751
68323
65088
67957
70373
65032
72439
62253
61721
64649
70996
66519
65239
65965
71759
62355
69323
68242
67469
70089
65603
69286
59715
63383
61897
67827
58959
63114
68996
64939
71170
62383
66208
58694
61773
69073
60649
67234
70453
66044
66528
60596
68270
61514
69846
64443
68891
62299
65676
68053
67187
61047
66758
65117
59833
67104
66973
66110
66730
62889
69543
64009
76626
69563
65673
67327
65191
62831
62647
62024
67846
66151
73397
64391
63165
66895
66704
68318
67099
67735
61599
65810
65932
66387
65694
62572
67292
63499
70058
67183
67854
63469
63390
62066
67302
62026
65751
65496
57482
64681
68314
64467
69519
67045
65057
72246
70086
69074
70121
59361
65809
71950
66311
67109
63159
67354
66035
67377
61898
67634
64489
65913
69825
71475
69925
67540
69112
68250
67709
68390
64822
66159
61860
65758
62802
71276
64303
60658
72580
67777
63212
54256
68938
62700
58809
62987
66083
66422
67768
68533
63684
64432
66723
63594
68086
68287
65283
61535
63335
67178
64420
65284
64121
65661
67294
65313
67821
65110
67904
62836
63320
66873
66990
69872
64866
66691
65147
63314
62959
69460
61281
61057
64617
61835
69196
60064
66391
70740
64513
60156
67746
62564
60206
62265
66162
64209
71514
65480
66584
70105
61895
69184
63580
70984
66418
65128
68759
67750
67174
68470
73851
64754
66537
66734
65454
60754
67061
65314
67428
60003
63282
69646
64038
66462
67019
67280
61496
59981
65230
70297
63373
62028
68578
67936
66342
70847
68036
66466
70409
66077
67122
59974
63946
58900
65363
66443
63086
65603
75562
70559
66841
63613
70218
62795
64726
59961
70505
61877
64719
65967
66214
63418
66889
65620
65205
65095
66820
62373
67791
66308
70778
72067
68441
67671
65773
67766
66174
62182
56604
70604
63442
62420
71633
63454
58363
71751
63858
62118
65439
64568
68710
64444
67873
59199
68986
67679
62668
64185
60013
67333
65465
66047
60799
63870
64811
57785
62579
69841
64562
67418
66614
65999
70378
65434
65614
65680
66303
60647
68828
66525
65617
65628
64684
63887
63291
63271
67931
62103
64696
66236
68852
63660
65777
65688
63138
61633
65252
60447
61363
62808
66950
71445
65552
65399
62471
69475
69656
67867
67573
64411
66369
59132
68553
64031
58524
64603
64685
71305
69295
74377
68061
65176
66335
64242
60963
61835
64399
67310
64016
65791
63466
66927
62563
59729
61378
63416
62472
65745
61221
63094
58946
68716
67511
65843
64300
65659
67619
64441
67697
66059
67127
61396
69947
67792
70847
66383
64110
64311
65079
65181
62859
71921
65713
69168
68550
66558
68211
61876
67982
66050
67094
64691
74904
67262
62863
68118
68020
72681
62379
55120
66803
69738
60977
64614
62699
64583
71407
61472
67119
67147
68352
63111
63751
64180
61489
64756
62737
65850
65050
69800
62233
64477
63294
62671
67759
71413
66657
68238
69911
64066
65635
62162
74435
70169
63787
62392
64825
67830
63713
65280
67443
65567
67118
62592
62130
64793
63900
62592
62733
67359
65266
63214
64824
66453
71205
67522
71693
65478
64202
62442
64765
65949
68672
65176
60913
62417
65749
62875
62252
69513
66767
60785
67675
65268
61431
59762
67282
66962
70082
64593
62731
66609
65258
66834
70908
61166
63595
64832
68010
68400
66033
64322
70374
65225
60034
62603
62753
67820
65717
65547
69282
65457
63412
62003
68504
57380
64841
66301
64285
64977
63432
66589
64621
58175
69759
64564
73519
65370
68940
67083
63914
67256
67604
63605
64903
63179
66925
68533
60777
66554
66164
63787
61779
64195
66344
64134
68786
69305
60963
62626
64474
66688
61364
67797
62544
60566
67560
64427
65796
64342
66462
67047
70760
64660
68675
65317
65623
61155
62367
64592
64553
66292
62749
65197
63815
67312
66582
65894
66641
60426
62224
64639
66888
64141
61707
67258
64234
65690
68059
67843
67307
60630
64619
68455
68265
66617
69067
63992
67213
66108
68276
70222
66877
60616
65460
65573
68064
62681
68165
65843
70197
64471
64616
65235
62605
70216
63103
65791
67379
61497
70045
57984
67408
67807
66138
66096
69376
58840
71383
64311
64383
66615
68112
64809
63806
64167
64658
63753
67917
62503
68082
61977
62641
64562
67866
63860
68928
65002
61931
68816
62512
68119
69954
70722
64289
67469
68695
67640
66286
66558
63937
65193
66644
73552
63856
72964
67467
70951
63804
66980
67696
65640
67425
62227
62980
62225
60754
64273
64802
69721
65182
70125
59456
69297
69768
63916
62880
63713
66249
65312
64073
67669
66848
67797
69574
65842
60876
67416
65108
62046
64204
75367
57066
65249
62834
62866
62966
62698
65826
70417
65053
64915
68670
60464
61459
66339
69902
57530
69135
61750
65481
65410
68953
74176
61878
62150
71230
70278
68487
71386
65593
70455
63957
62273
59848
67115
69677
64284
67421
64690
68424
69528
62200
64087
68358
69536
63996
60860
61824
65228
68422
65912
65774
64557
67951
65261
69900
66199
63766
64958
67251
62976
65743
69776
66879
66503
71770
66232
67744
67650
60617
66851
59729
67237
68215
63351
71522
72750
67658
62098
61841
65128
63860
71516
67661
69237
69049
67777
68540
65047
62383
70432
66849
65763
64524
64324
63712
59698
62011
62976
62385
64822
64449
62055
63816
64037
63220
66158
62028
66052
60237
63787
58137
67083
68447
70055
66132
67548
66591
62706
66287
61278
69380
64877
68146
63155
65761
68266
68036
67624
63254
62654
59494
63467
68681
65840
65500
66081
63385
65334
68854
71011
63872
66128
66302
68649
65930
67776
62898
65932
64984
58142
62546
66315
64207
64643
69352
63237
62244
63064
59825
63167
65200
66359
61575
65412
67844
62581
62223
69712
68235
65451
61088
65908
71057
58953
65037
70485
62589
67680
67757
66975
62327
60868
63373
67317
68673
64772
63172
62658
65113
67062
63584
70748
65390
68449
63510
64608
69595
62424
66469
61639
64551
67518
68984
63059
66190
65639
61939
67357
68031
63728
68296
69685
73073
65784
65157
61731
68979
65360
68370
64825
61012
66730
65241
69414
68074
64219
68280
67260
63428
61072
62162
64341
65534
64239
69097
64895
69961
64795
71118
61880
66966
62658
70243
61260
66191
65811
64829
66226
60473
61217
65652
60157
64117
68673
67263
63689
61011
65219
68736
65216
63152
59339
61372
65572
65609
65385
67805
62558
71503
66905
64722
66871
65424
64062
67967
65265
62882
66629
66893
66526
67105
66853
65203
63820
65035
68098
59817
64703
65776
62852
66721
65190
69595
67557
59430
68477
68771
61504
59236
60921
65001
58717
70319
65480
61940
77061
63305
62456
70658
63198
63217
69015
71586
60981
59383
61491
67314
67945
63646
65229
62362
69456
68605
68040
68075
72444
65677
63197
68593
66322
62077
69970
65004
67380
65570
68399
63929
63398
64504
64241
65728
64861
67960
62069
67340
70484
62443
67540
60234
63317
57508
62047
61135
68596
67409
66484
74333
69605
67890
61882
65832
65574
60228
65846
65069
62630
60421
71853
70873
64971
67738
53965
63933
65835
65291
65941
69312
70063
63417
68846
67767
64102
64812
63898
65732
64725
61342
63821
62676
70172
63118
69023
63576
59230
63806
63423
67477
64966
75408
66273
64433
72089
60848
70705
68799
67439
67083
66706
68305
67364
61033
62293
60451
61946
65780
69696
68111
60959
68731
61429
59841
70132
68229
70905
63835
66747
60089
65535
68137
58844
67785
69146
66874
65798
67990
65513
69291
68460
68888
66188
70203
67892
70231
68386
67039
71472
67963
68440
66554
71431
71879
66288
62431
62393
73558
61814
62999
67340
66519
70249
67358
64071
64503
66923
63850
62322
63888
68912
64104
62252
66216
64617
67988
65424
67512
70344
71601
60031
61665
65005
66993
68374
67059
67176
70085
60713
59187
68281
68527
66942
64629
68972
67827
67803
69681
64502
56451
61956
69200
73242
62998
65138
64566
69966
65163
68952
68481
66292
63644
65596
65518
64995
71640
63663
67380
71345
62096
66102
60624
68202
62787
62826
72423
67223
72112
63003
68335
66150
60684
65840
64343
65767
67342
63657
62439
67971
66409
67325
61062
66312
69895
68303
61452
70347
71066
64644
63466
64245
60325
61804
68132
67829
60234
67453
69088
68636
71539
69519
69777
66317
63543
66858
60827
72321
62232
65290
71854
63567
68776
60212
68418
61992
68350
68871
65345
69831
63577
68087
65567
64576
60984
67295
58787
66784
68311
63195
65700
65646
68426
68279
63191
62420
64030
61030
66543
62714
68517
65144
56594
68117
62001
66439
62810
66887
68478
65311
64663
65888
62105
58963
61107
66478
63875
68868
68038
64907
64088
64777
65426
67857
66547
65232
64589
66095
67077
60869
63675
64806
60110
68408
66221
62569
70543
68939
61248
68514
59223
65948
67769
67605
59693
66102
60372
64012
68323
67959
71132
64280
63484
65565
59591
63802
61875
63341
60976
60914
72145
63838
66721
61345
63519
69831
69317
59153
60193
66198
65992
71553
64707
63138
66926
67092
60247
70395
61936
66531
62661
64439
66062
60272
64568
63804
65740
64251
66739
67300
67815
65620
67011
64424
60370
63325
66954
67522
72589
66892
64302
62186
67288
59014
61288
63302
71046
67226
62974
67076
61968
69169
61667
66327
65586
68586
62392
64123
64979
59117
64797
64184
62883
67036
67452
68868
69949
67276
68996
66607
63597
65251
62190
68387
75382
64616
63549
61935
