1.024836
0.993087
1.032384
1.076151
0.988292
0.988293
1.078961
1.038372
0.976526
1.027128
0.976829
0.976714
1.012098
0.904336
0.913754
0.971886
0.949358
1.015712
0.954599
0.929385
1.073282
0.988711
1.003376
0.928763
0.972781
1.005546
0.942450
1.018785
0.969968
0.985415
0.969915
1.092614
0.999325
0.947114
1.041127
0.938958
1.010443
0.902017
0.933591
1.009843
1.036923
1.008568
0.994218
0.984945
0.926074
0.964008
0.976968
1.052856
1.017181
0.911848
1.016204
0.980746
0.966154
1.030584
1.051550
1.046564
0.958039
0.984539
1.016563
1.048777
0.976041
0.990717
0.944683
0.940190
1.040626
1.067812
0.996400
1.050177
1.018082
0.967744
1.018070
1.076902
0.998209
1.078232
0.869013
1.041095
1.004352
0.985050
1.004588
0.900622
0.989016
1.017856
1.073895
0.974086
0.959575
0.974912
1.045770
1.016438
0.973512
1.025663
1.004854
1.048432
0.964897
0.983617
0.980395
0.926824
1.014806
1.013053
1.000256
0.988271
0.929231
0.978968
0.982864
0.959886
0.991936
1.020203
1.094309
1.008729
1.012877
0.996278
0.904061
0.998674
1.003011
1.123162
0.990382
1.015077
0.998264
0.941566
1.057141
1.037597
1.039552
0.954531
1.070140
0.929907
1.029343
1.109523
0.950473
0.971685
1.004983
0.974826
0.922467
1.003428
0.946885
1.023680
0.954029
1.077497
0.960837
0.983897
1.040676
0.938457
1.011373
1.065357
0.919626
1.009232
1.012994
1.039091
0.938152
0.933977
1.026097
1.014849
1.012525
1.017322
0.965999
1.011613
1.014654
0.964282
1.093289
1.023692
0.940435
1.032828
0.951266
1.039354
1.057930
0.958966
1.048169
1.020639
1.041103
1.094840
0.987731
0.962313
0.955524
0.959210
0.996145
1.017058
1.013835
1.041359
1.000650
1.072677
0.986767
1.136009
1.031283
0.957142
0.946455
1.024124
0.988827
1.035700
1.023662
0.996359
0.957660
0.924258
0.977674
1.042820
1.010705
0.937713
1.008659
1.019266
0.955807
1.007686
1.002910
0.942851
1.017889
1.028039
1.054153
1.052690
0.931117
0.953109
1.025752
1.025689
1.025752
1.192637
1.028545
1.056778
1.047700
1.032570
0.984237
1.037948
0.961359
0.988159
0.975732
1.004094
1.115733
0.906637
1.034313
0.919364
0.976403
1.054448
1.003214
0.946113
0.964235
1.033980
0.963482
1.010823
1.002279
0.967420
1.107197
1.031696
0.898743
1.009323
0.966911
1.042622
0.960374
0.994263
1.025249
1.043288
0.939985
0.983275
0.976253
0.967334
1.088273
1.020249
0.936956
1.045893
1.106108
1.051623
0.924031
0.975788
1.063346
0.964617
1.022191
1.038732
0.953653
0.997024
0.837937
0.948781
0.987372
0.937611
1.081621
0.928493
0.977998
1.006537
1.072064
0.928207
1.058158
1.000512
0.950925
1.023105
1.009953
0.969989
1.003490
0.980734
1.005676
1.033107
1.079301
0.938109
1.106652
0.902396
0.992411
1.029416
1.014050
0.968865
0.989594
0.975350
0.970532
1.042480
1.017851
0.965355
1.044980
1.015365
1.040643
1.031481
0.958550
0.971991
1.037365
1.030519
0.998955
1.005866
1.063883
0.970421
1.027355
0.989890
0.989116
1.054939
1.041271
1.040676
1.065274
1.001050
1.034098
0.984487
1.016208
0.993493
1.004850
1.029758
0.959089
1.104619
0.949699
0.939291
1.057906
1.039583
1.031206
1.031417
0.999388
0.955137
1.003790
0.966142
1.048756
0.992647
0.958725
0.983931
1.020647
0.971814
0.958889
1.012184
1.012248
0.974653
0.976448
1.011603
0.927596
0.929627
0.964078
0.989328
1.015545
1.073768
1.042883
0.992003
0.999049
0.949874
0.999074
0.985567
1.016136
0.958638
1.025967
1.076637
0.994562
1.020086
1.034507
0.979939
1.011205
1.000630
1.004884
0.961349
1.001225
1.024900
1.072557
1.047964
1.107659
0.961633
1.043616
1.009167
1.109490
0.959585
0.958014
0.970030
0.893805
0.973712
0.962043
1.007520
1.017088
1.093809
1.047521
0.971155
0.955079
1.024596
0.933988
1.091573
1.058972
0.976541
0.914343
1.067694
0.994273
1.061891
0.920279
0.970031
1.000262
1.002349
0.977497
1.031142
0.946619
0.992881
1.006015
1.025722
1.035581
0.943768
0.923294
1.063884
1.016616
0.962576
1.077558
1.005784
1.058965
1.003376
1.103037
1.087767
0.987552
1.048579
1.032269
1.068432
0.951754
1.034303
1.052921
0.912063
0.940837
0.898038
0.986530
1.035877
1.075118
1.003705
1.081431
0.930995
0.914831
0.997223
1.019203
0.998365
0.896628
0.995544
0.934777
1.033484
1.018330
0.953006
0.974307
0.947039
0.996866
1.047757
0.950714
1.025202
0.973487
0.960356
0.994648
0.948238
0.972318
0.940106
1.098236
1.001763
0.965014
1.010699
0.994384
0.988952
1.030708
1.037875
0.973475
0.971209
0.986247
0.884904
0.924240
1.068344
1.082248
0.987548
1.028828
1.015563
1.153944
1.055979
0.993604
0.952223
0.919678
1.010173
0.962182
0.928887
0.967671
0.945923
1.084357
1.044082
0.999601
1.073997
1.003868
0.956936
1.076156
1.026945
0.948138
0.990483
0.956219
0.930860
1.046309
1.095471
0.930072
1.028148
0.967468
0.975644
0.970380
0.956800
1.002426
0.958453
1.013523
0.997488
0.988053
0.954622
0.971161
1.037770
1.025046
0.951122
1.004967
1.037569
0.916530
1.027168
0.966869
1.028530
0.961837
0.909756
0.918623
1.002404
1.012986
0.954784
1.031930
0.916924
0.996696
0.939449
0.967408
1.002370
0.956979
0.980772
1.050315
0.971155
1.041785
0.943515
1.026490
1.072078
0.876418
0.960155
1.028854
0.989848
1.018557
0.969801
1.004329
0.992216
1.058389
1.012721
1.016880
0.979406
0.975620
0.978372
1.019723
0.978951
1.014489
1.103770
1.043556
0.983699
1.060061
0.979596
0.898094
0.949596
0.906460
0.982424
1.000921
1.083822
1.016346
0.989045
1.041470
0.889443
1.011781
1.038543
0.926071
1.057188
1.016925
0.979236
1.031639
1.113535
1.009093
1.012411
0.977032
0.957508
1.041517
0.957196
1.003578
0.976117
1.023949
1.016683
1.051877
0.974499
0.986506
0.951062
0.977785
1.018865
1.037849
0.953892
1.043480
1.067782
1.020672
1.093840
0.961311
0.937767
0.911064
1.074802
1.032718
0.997221
1.013998
0.943726
1.122288
1.006461
1.005470
1.036288
1.024050
1.011194
0.960476
1.023573
1.094101
1.067271
1.079659
0.974439
0.950520
0.993711
1.002786
1.054710
0.915377
1.076478
0.992100
0.978656
0.949395
0.917257
1.041159
1.003666
0.935502
0.935246
0.983211
1.083451
0.987020
0.924843
0.987713
0.986364
0.865156
0.997285
0.988453
1.034810
1.092448
1.056328
0.986556
0.944674
1.128668
1.002961
1.000696
0.998794
1.009904
0.992782
0.971317
0.972657
0.998362
0.972829
0.964358
1.005322
0.987251
1.075200
0.867451
1.054575
1.062304
0.896330
0.982866
0.981428
0.929624
0.961109
0.944471
1.087613
1.046784
1.063578
1.036084
0.943547
0.973774
1.024469
0.938894
1.035650
0.987984
0.981259
1.035548
1.022213
0.981952
1.057966
0.945947
1.030797
1.029655
0.984523
1.016307
0.937444
1.046201
0.990755
0.973864
1.052450
0.964783
0.929577
0.922169
1.030300
0.935979
1.087740
0.895904
1.084823
1.010551
0.995164
0.972754
1.019957
0.998118
1.055165
1.005711
1.007515
0.981819
0.997153
1.015390
0.914492
0.932591
1.037163
1.008543
0.990801
1.000922
1.017379
0.973012
0.961085
1.009792
0.951081
1.020413
0.914871
1.051458
1.023630
1.012802
1.049134
1.083274
1.050719
0.907956
0.936021
0.968759
1.001305
1.025883
0.963713
1.009338
0.962231
0.969424
0.929667
0.953838
0.932416
0.951206
1.052682
0.952530
1.131619
1.024666
1.009242
0.957082
1.035015
0.971218
1.006101
1.128004
0.995197
1.057464
0.964841
0.998251
1.088540
0.968652
1.090622
1.035388
0.971877
1.031620
1.048628
1.031090
0.921489
0.963643
0.987624
0.996278
1.031034
1.008885
0.933233
1.019010
1.030529
1.027990
1.054039
1.041696
1.022959
0.996492
0.916952
1.021481
1.010384
1.013579
0.936163
0.945947
1.052658
0.998022
1.034075
1.001416
1.001488
1.046914
0.974198
1.004806
0.976886
0.978275
0.984541
1.011107
0.976063
1.062788
0.955270
0.990656
0.978013
1.072349
1.009828
1.051592
0.925722
1.013353
1.044482
1.004114
1.053274
0.974136
1.070467
1.114945
0.981858
0.977725
1.072669
1.078979
0.973857
0.978991
0.985911
0.932777
0.954067
0.949793
0.961610
0.998266
1.011711
1.077525
0.950082
1.049216
0.989301
0.997527
1.033741
0.943864
1.019120
1.008323
1.024623
1.014458
1.122765
0.968113
0.973450
0.968843
0.972226
0.968131
1.059451
1.071025
0.971463
0.958382
1.023571
0.972389
1.031647
1.010146
0.924213
1.077375
1.089794
0.969361
0.980615
1.014293
1.016723
1.032927
1.100510
0.991153
0.960085
0.931034
0.963453
0.998344
1.089728
0.974119
1.011189
0.999179
1.059420
1.126347
0.973457
0.975528
1.052208
1.034095
1.092335
1.029196
0.982035
1.029533
1.055435
1.041024
1.025364
1.053334
1.058465
1.069108
1.032436
0.991644
1.007336
1.060326
0.959153
1.018434
0.980333
1.001437
1.063923
1.009555
1.002322
0.932007
1.037313
1.032274
1.108163
0.984611
1.010957
1.012469
1.078873
0.995235
1.013951
1.030395
1.009331
0.977678
1.009704
1.053682
0.948674
1.006649
0.964994
1.059752
0.923841
0.972054
1.018861
1.078276
0.996713
0.972240
1.094058
0.927599
0.890060
1.022001
0.974897
0.948938
1.035418
1.012190
0.971796
0.935985
1.043623
1.032510
0.995041
1.092332
0.946496
0.923724
0.965405
0.997721
1.012167
0.987938
1.017603
0.937423
1.072188
0.995892
1.055865
1.017136
1.022838
1.028488
1.022385
1.032136
1.066458
1.009826
1.035450
0.995513
1.072006
0.966180
1.090047
0.997992
0.928461
1.006405
0.965947
1.042032
0.967369
0.977691
0.905523
0.977385
0.878806
0.920805
1.038021
1.039290
1.021273
0.951651
0.997614
0.999820
0.942082
1.075170
1.043868
0.988952
1.001344
1.010419
0.897913
0.987641
0.965901
0.949919
0.985945
1.089884
1.032042
0.971441
1.028629
1.069968
1.046232
1.002982
0.967653
1.034911
1.019674
1.044760
1.031759
1.052478
0.973238
1.065870
1.009880
1.103763
0.965541
1.086798
1.009896
0.967429
0.975806
0.983983
1.021208
1.026142
0.971315
0.998782
1.107113
1.086377
1.021816
1.001900
1.006002
1.030676
0.948860
0.987131
0.916571
1.019961
1.032360
0.975841
1.078699
0.938712
0.926781
1.011223
1.052355
1.084196
0.977056
1.053934
0.998075
0.991369
1.044183
1.032616
0.921180
1.073827
1.069005
0.968722
1.019790
1.024701
1.013034
0.972485
0.966419
0.998722
1.058636
1.027180
0.981469
1.038585
0.857573
1.057438
0.913014
0.981878
0.944017
0.935266
1.058041
0.976615
1.017325
0.997654
1.023852
1.003841
0.935850
1.049813
0.975312
0.922171
0.978594
1.075038
1.042511
0.982567
0.982537
0.983918
1.103837
1.019097
1.021502
1.051514
1.011939
0.987048
0.990183
0.996420
0.998139
1.036381
1.002597
1.036632
0.995964
1.003932
0.900090
1.045816
1.017324
1.049901
0.855187
1.104419
0.993021
1.055409
0.948005
1.030639
0.947329
0.968812
1.095702
0.990466
1.010872
1.043503
1.024784
1.007521
1.018248
1.120171
0.997119
1.010055
1.052533
1.055276
1.059352
1.031937
0.942850
1.081672
0.942683
1.015132
0.962286
0.996793
1.016438
1.016068
1.021096
1.080686
1.022677
0.987792
1.048204
1.059474
0.938620
1.029870
1.035059
0.985122
1.068785
0.992497
1.006279
0.991346
1.000779
0.945186
0.927997
1.079725
0.957652
0.950430
0.892330
0.968052
0.933846
1.082101
1.050491
0.965593
1.112622
1.049088
0.983758
0.875030
1.114547
0.930521
0.917730
1.051129
1.121988
1.069214
1.028196
1.029738
1.042671
1.037946
1.014060
1.005210
0.996870
0.962302
0.985966
0.915352
0.995083
0.950570
0.944821
1.008995
1.069600
1.045916
0.921475
0.950519
1.047039
0.950876
0.988768
1.027503
0.951583
1.005269
0.933299
0.969932
1.015989
0.920350
1.022024
0.999018
1.027624
1.011196
1.068207
1.006261
0.978530
1.006115
1.027165
1.002443
1.002030
0.964900
0.966855
0.929870
1.087479
0.937807
0.965355
0.964080
1.044746
0.985252
1.062387
0.966325
1.013950
0.958233
1.107257
0.940620
1.015491
1.031689
1.020690
0.990736
0.993509
1.002191
0.992650
1.048194
1.110526
0.972125
0.931510
0.995586
1.128986
0.959816
1.081956
1.083885
0.972321
1.028449
1.081420
0.981044
0.989821
0.970916
0.949262
0.967536
0.938803
1.001704
0.961501
1.011689
0.922205
1.016544
1.041676
0.900313
1.018703
1.061383
0.939518
1.083629
1.020951
0.964749
0.997212
1.027916
1.003800
1.026938
0.953966
1.008468
0.929314
0.994439
0.954805
0.963224
1.061805
1.054566
1.030457
0.945384
0.984180
1.060655
1.007086
1.115966
1.019666
1.009602
0.984544
1.006677
0.992377
1.035405
1.047835
0.960701
0.933438
0.908190
1.025400
0.944832
0.892355
1.019429
1.124650
0.999696
1.041925
1.004092
0.995055
1.045954
0.985486
1.013370
1.016085
0.966595
1.049602
0.991252
0.962213
1.026826
0.955077
1.001409
0.999544
1.054295
1.023735
0.998749
1.040888
1.069510
1.027891
1.000518
0.934408
0.946744
0.984739
0.969524
0.990651
1.002833
1.026485
0.996475
1.024325
1.003224
0.901227
0.953033
0.992796
0.939515
1.029996
1.076537
1.060938
0.989328
1.074536
1.007433
0.983146
0.969330
0.984877
0.980591
1.008521
1.008029
1.000152
1.021847
1.059532
1.047478
0.925755
0.872304
1.046716
0.931656
0.988762
0.941494
0.909901
1.027073
1.037958
0.971174
0.870448
0.972688
1.019590
0.926054
1.009168
0.999234
1.028965
1.005979
0.951347
1.059829
0.992074
0.998635
0.953337
0.977836
0.955760
0.991353
1.085585
0.931405
0.919322
1.073559
0.989534
0.966546
1.051995
0.969719
1.091300
1.033896
0.975604
1.107865
0.969714
1.037105
1.014965
1.065087
1.078076
1.001600
0.962329
1.022999
0.966114
1.100669
1.006827
0.981734
1.009234
0.932644
0.951419
1.060021
0.967155
0.947654
1.026833
1.059285
1.035948
1.049802
0.962160
0.928909
1.075067
0.983866
0.987458
1.066410
1.027812
1.022794
1.108250
0.967824
1.046392
1.002851
1.013430
1.076423
1.025392
1.026915
1.053625
0.981752
0.958040
0.947760
0.901682
1.102810
0.944840
0.988937
0.986159
1.015370
1.040787
1.043024
0.970846
0.991644
1.014129
0.987565
1.080367
1.024549
1.036744
1.033144
1.058674
1.009051
0.935158
1.019984
0.967432
0.973569
1.029318
1.061914
1.001064
1.015442
1.085111
1.012038
1.130084
1.028275
0.911962
1.037667
1.019058
1.064488
1.033659
0.993077
0.938785
0.989549
0.957474
0.970974
1.029429
1.083495
1.019734
0.940206
1.022230
1.059832
0.969511
0.993299
1.000734
0.960755
1.032414
0.993953
1.020977
0.955625
0.978127
1.036119
0.981358
1.086348
0.980018
1.011234
1.046630
0.929082
0.911960
0.923717
1.063129
0.972407
1.127910
0.971788
1.009228
1.077106
1.100305
1.103075
1.060418
1.051203
1.029626
1.038918
0.972441
0.959090
0.999831
0.991491
0.977339
1.034819
1.047765
1.004420
1.073877
0.942916
0.990317
0.964159
0.906673
0.995866
0.993913
1.075673
1.031541
0.948791
1.092705
1.061052
1.029105
0.988676
0.952028
0.981390
1.054437
1.094229
1.077162
0.975558
0.944019
1.007044
0.911578
1.016158
0.992620
0.976698
0.920265
1.025680
0.973365
0.941504
0.856387
0.998624
1.088613
1.083063
0.977145
0.969889
1.023439
0.950081
1.015090
1.038304
1.061347
0.994992
0.989816
0.956101
0.958656
0.988676
1.018368
1.045679
0.959841
1.074634
0.986444
0.998932
0.962639
0.878788
1.044202
1.036842
0.985934
1.003350
1.025797
0.921873
0.973547
1.039713
0.937286
1.014678
0.932171
1.023322
0.998218
0.919243
1.058237
0.963270
0.959487
1.010028
1.057432
0.949209
1.003084
1.021441
1.034655
1.008822
0.981649
0.958620
1.004307
0.946393
0.853932
1.021828
1.045197
0.881853
0.949513
1.030958
1.102875
1.001040
0.963600
0.990855
1.068744
0.967702
0.960040
0.975863
0.952334
1.006134
1.081234
1.016154
0.987382
0.985409
0.921840
1.044155
0.996108
0.990976
1.159655
1.014938
0.962410
0.978682
1.057422
1.005664
0.928086
1.045961
0.966593
1.093665
1.054002
0.977634
1.064051
1.003393
1.042639
1.024237
0.957682
0.967822
1.051498
0.983261
0.979818
0.952244
1.021180
1.103126
0.946623
1.001211
1.070611
0.996018
1.022619
0.946880
1.021415
0.990643
1.049286
1.059369
1.129478
1.028982
1.016290
1.009719
0.982342
1.016924
0.985230
1.008423
1.065880
0.949673
1.056994
1.065856
0.994097
0.893907
0.969609
1.064850
0.998857
0.950035
0.974761
1.042031
1.027337
0.988053
0.981659
0.980412
0.953879
1.080769
0.983884
1.060858
1.076066
1.049916
0.978419
1.020187
0.998790
0.954815
1.016218
0.941048
1.059384
0.976769
1.010058
1.014164
0.987055
1.029335
0.976255
1.043565
0.932701
1.006319
1.096946
0.949983
0.966113
1.025695
1.008979
1.017532
1.024459
1.031736
1.055485
1.020491
0.987937
1.033629
1.094994
0.993368
0.951274
1.055354
0.993981
0.891367
1.042371
0.973234
0.995473
1.016599
1.009525
1.035473
0.978226
1.025655
0.987023
1.036941
1.030768
0.953228
1.054299
0.973202
1.040403
1.018364
1.091909
0.988827
0.982534
0.999029
0.984841
1.039997
0.919184
0.947316
0.946610
1.047515
1.085531
0.994778
0.991559
1.003503
1.058094
0.953632
1.011918
1.048760
1.025055
1.009479
1.050052
0.864838
1.033894
0.967296
0.908468
1.025560
1.068683
0.993128
1.047644
1.080614
1.065746
1.081998
1.037106
1.003772
0.919902
0.987697
0.957838
1.108547
0.991206
1.006160
1.027574
1.002180
1.084753
0.968868
1.009730
0.962876
0.933999
0.969412
0.998148
0.978535
0.965379
0.929684
0.995845
0.924764
1.038003
1.004122
0.927122
0.984540
0.962392
1.015959
1.067023
0.906241
1.005751
0.991993
1.033567
1.010660
0.962402
0.984047
0.960199
1.053800
1.001066
1.095060
0.996967
0.964580
0.924314
0.909843
0.920793
1.013356
1.025436
0.920940
1.044752
0.975847
1.007340
1.080611
1.044842
0.986573
0.955440
0.892409
0.964042
0.989443
0.950641
0.993437
1.003843
0.988757
0.967500
1.008433
1.022097
0.945480
1.070547
0.995071
1.000942
1.035411
1.011661
1.047657
1.014356
0.969378
1.018075
0.942814
1.005428
0.998339
0.989594
0.993573
0.905908
0.972564
1.004642
1.007993
0.948616
1.063285
0.956691
1.048473
1.021360
0.967689
1.088766
0.940318
1.045958
1.050029
0.966469
1.069623
0.987498
1.014435
1.013016
0.993285
1.040540
1.039674
0.912573
1.065217
0.916875
1.051627
1.056335
0.945452
0.979459
0.944715
0.989254
0.984598
1.038983
1.065515
1.069784
0.971892
0.989539
0.915828
0.959706
1.048243
1.080779
0.938283
0.970377
0.998680
1.014008
0.959520
1.021203
0.976308
0.999277
1.027314
1.000321
0.978181
0.994520
0.995582
0.981499
0.987060
1.079932
1.028046
0.985226
1.034848
0.983309
1.058656
1.018482
0.994635
1.022386
0.921456
0.943662
0.940304
1.007147
1.086626
1.111565
1.031903
1.025042
0.909947
0.972866
0.960611
0.968958
0.991593
0.976395
0.901035
1.037395
0.946363
1.011962
1.103704
0.954031
0.873486
0.985700
1.055048
1.097917
0.938523
1.024835
0.976734
0.994703
1.132217
0.924851
1.012687
1.023385
1.054289
1.004899
1.015403
0.980418
1.013456
0.982840
1.031079
0.981519
1.018855
0.998537
1.056303
0.997430
0.911348
1.063096
0.954713
0.967312
0.970217
1.068722
0.893216
1.156887
1.052803
1.011162
0.997255
1.014278
1.026056
1.032261
1.027780
1.004479
0.990133
0.992436
0.990255
1.056689
1.029678
0.852981
1.032795
1.009737
0.999065
0.980574
1.056206
1.047376
0.961356
1.020353
0.951417
0.931019
0.968664
1.043120
1.047656
1.025654
1.036255
1.025809
0.967926
1.021596
1.040020
1.037715
1.059446
1.035415
1.017572
1.053508
0.998674
0.955906
0.991847
0.962755
0.966241
0.992774
0.960379
0.984602
0.905319
1.010665
1.000060
0.959146
1.032962
1.046878
0.919622
0.961864
0.961543
0.953005
1.041474
0.990309
0.986774
0.899807
1.031771
0.938037
1.002997
1.013869
1.068033
0.934559
0.849024
1.009192
1.090026
1.061947
1.010483
0.975418
1.040356
0.951323
1.023818
1.025274
1.053010
1.137983
1.019621
0.974552
0.998721
0.911546
0.965264
0.979536
0.973796
1.007618
0.958879
1.056051
1.000010
0.999535
0.983605
1.007760
1.041255
0.956643
0.967094
0.984814
0.932706
0.959037
0.976189
1.043719
1.013128
1.009679
1.042545
0.993131
1.019523
0.994839
1.013268
0.970862
0.878059
0.993286
1.071137
1.046311
1.048270
1.061807
1.004433
1.009866
0.969117
0.984196
1.030789
1.060194
0.993028
0.977491
1.000026
1.030060
0.927807
0.885191
0.972473
0.938964
0.974593
0.992611
0.977338
1.072623
1.016337
1.015024
1.031110
0.943058
1.051956
0.996212
1.033524
0.946407
0.922312
1.040895
1.018821
0.954897
0.956517
1.056272
0.940529
1.082134
0.954969
1.031920
0.983569
1.030159
0.972794
0.991860
1.002046
0.949891
1.037041
0.974339
0.988570
0.950283
0.871883
0.990449
1.120631
1.039230
0.999037
0.986855
1.001123
1.027356
0.940959
1.055716
1.035769
1.035909
1.021924
1.000981
1.033643
1.029591
0.982298
0.971320
1.005093
1.077451
0.938045
0.926624
1.008238
1.002544
1.008667
1.012198
0.988840
1.074493
0.919955
0.958575
0.994837
0.917841
0.991207
1.083073
1.001044
1.011535
0.936992
0.969182
0.981240
0.984114
1.064082
1.027885
0.944427
1.012325
1.024911
1.057007
1.079027
0.949245
0.959457
0.937121
0.988299
1.023318
1.049367
0.996202
0.984008
1.007588
0.958243
1.104477
0.919617
1.009237
1.101180
1.000340
0.990498
0.982128
0.990980
1.068642
0.889407
1.076672
0.928802
0.986667
0.978538
1.029428
0.920094
1.023109
1.101215
0.931841
1.009485
0.966901
1.021294
1.000957
0.967926
1.024394
1.090217
0.990455
1.035988
0.935336
0.952178
1.023620
1.074206
1.017781
0.984347
0.999965
0.937480
1.030226
1.044117
0.977395
0.976498
1.013294
0.978164
0.996693
1.104986
0.987649
0.982083
0.967623
1.037210
0.990939
0.967531
1.066065
1.070980
0.969979
0.906673
1.050376
0.965769
1.039531
0.901495
1.044630
0.939441
1.036538
1.000714
0.952303
0.979648
1.034316
1.005295
1.029221
1.098822
0.921788
1.080861
1.005218
0.955061
0.933484
0.990544
1.046082
0.993623
1.075558
0.927441
0.999396
0.937380
1.018182
1.044344
0.978962
0.869789
1.009947
1.021837
1.020215
1.061789
0.946447
1.034011
1.059625
0.911071
1.015983
0.974791
0.995924
1.017384
0.975639
0.966215
1.001708
0.945638
0.945709
1.033969
0.942560
1.033316
1.023130
0.913710
0.966122
1.059705
0.950942
0.976780
1.023103
1.039170
0.987423
0.970124
1.071118
1.086945
1.048943
1.004266
0.959587
0.958478
1.026126
1.020920
1.070080
1.032523
0.924846
1.052597
0.950097
0.980801
1.012510
1.099783
1.155496
1.030336
0.990840
1.026725
1.044383
0.983967
1.089761
1.011504
1.024887
1.033296
1.021079
1.041947
0.969137
0.972085
0.944992
1.021975
1.038947
1.022889
1.083725
0.999720
1.033437
0.945415
0.980645
1.034777
1.042455
0.985302
0.996420
0.924106
0.982149
1.044519
1.028760
1.025033
1.002489
1.000353
0.966984
1.034941
1.021049
1.024601
0.973698
0.892333
1.054858
0.976058
0.956861
1.034674
0.980399
1.052997
1.030850
1.034178
0.931702
1.060597
1.013062
0.981536
1.007169
0.911188
1.020433
0.948531
0.932366
0.923882
1.055634
0.968537
1.076686
0.973210
0.914632
0.944174
1.061791
0.992205
0.972586
1.008001
1.025089
1.055870
1.072425
0.982012
0.933698
0.979327
1.013014
0.951812
0.952142
1.017189
0.997567
1.001640
0.962075
0.988480
0.953788
1.044510
1.051762
0.907691
0.953524
0.925174
0.967499
0.995828
0.927518
0.953907
0.949802
1.010363
1.003467
0.963913
1.008841
0.972666
0.986417
1.083673
1.067023
0.935021
1.041487
1.040570
0.942587
1.040939
1.076897
0.943873
0.954125
1.050883
1.013575
1.027574
1.017029
1.019535
0.933676
1.052366
1.058480
0.988530
0.997826
0.923445
1.025713
1.028603
0.996890
1.056218
0.983296
1.028230
0.949017
0.998822
0.991282
1.011265
0.981524
0.993426
1.041302
0.978162
0.919671
1.087479
1.069073
0.935387
1.034485
0.974851
1.013174
1.014711
0.988280
0.960812
0.965473
0.954190
0.958409
0.996641
0.964212
1.034103
1.074362
0.970997
1.011970
1.024984
1.023600
1.003798
1.037134
1.024112
0.938117
1.043458
1.044365
0.961836
1.001897
1.034166
0.989534
1.053649
1.118194
0.960701
0.930948
1.015191
1.036078
0.988457
1.072663
0.933070
1.034646
0.969707
1.085969
1.099626
0.961667
0.972522
1.042979
0.980643
0.997729
1.001269
0.904016
0.999308
0.965514
0.975344
1.072182
0.937175
1.040660
0.986052
0.986012
1.039519
1.017003
1.028531
1.048409
0.983435
0.969388
0.945742
0.958729
1.147455
1.062234
0.932446
0.933877
1.024093
1.027363
1.027444
0.987252
0.993727
1.016394
1.004295
0.889035
0.988510
0.957430
1.008761
1.149263
1.018374
0.984324
1.046090
1.024134
1.021005
1.030343
1.102827
0.943456
1.023682
0.953681
1.027776
0.954066
0.979132
0.985246
1.048791
1.045923
0.937714
1.002747
0.964521
0.937075
0.989149
0.984576
1.121336
1.021648
0.931119
0.971761
1.051069
1.104422
0.920701
0.906004
1.093548
1.019481
0.956585
1.026731
0.868213
1.000169
1.016391
1.046214
0.949305
1.004284
0.953729
1.012769
0.955233
0.979595
0.950209
1.032557
1.042922
0.988269
1.001912
0.927570
0.985016
0.997490
1.131040
0.944402
1.073209
1.049843
1.014032
1.087931
1.018605
1.019458
0.997344
1.061178
1.054824
0.968716
0.934038
0.989851
0.959998
0.996824
1.061872
0.977135
0.997859
1.002901
1.042422
0.887656
0.969665
1.010564
1.060004
0.975405
0.906172
1.030986
0.968232
0.940517
0.968783
0.990774
0.969763
0.889722
1.044853
1.063744
1.032576
0.943116
0.989925
0.999674
1.029940
1.033417
0.963291
1.004100
1.022864
1.072791
1.035225
1.039453
1.004191
1.070523
1.020488
0.956946
1.070168
1.034895
0.977848
0.976025
1.014829
1.023159
1.009865
1.015565
1.084998
1.053577
1.009532
1.047065
0.948374
1.019896
1.090465
0.989098
0.957618
0.967396
0.945518
0.960762
0.981475
0.929722
1.000781
1.045114
0.954612
1.075964
1.025540
1.051529
0.967108
1.042726
0.945403
1.044512
1.008592
1.027663
0.941220
0.955247
1.029861
0.952583
1.023160
0.931643
1.042409
0.938374
1.027615
1.031282
0.965161
1.029101
1.013022
0.973058
0.949572
0.901869
1.017483
0.921760
1.004767
0.986828
1.033957
0.984898
0.983528
1.036594
1.016753
1.015808
1.023463
0.923221
1.037839
1.030623
0.949166
0.987796
0.998035
0.993275
1.016693
1.071568
1.054088
0.934389
1.031103
1.066447
1.019340
1.054549
1.100613
1.051185
1.012465
1.052254
1.007244
1.001195
0.982429
1.078171
0.959079
1.076618
1.024993
0.930035
1.018382
0.894999
1.031275
1.044262
0.970382
1.006177
1.097708
0.974713
0.947055
1.074083
1.098129
1.000185
1.050573
1.067074
0.962876
0.975735
1.061544
1.084251
1.028144
0.956009
1.099353
0.973451
0.983243
1.017117
1.077708
1.042699
1.020743
1.023164
1.002176
1.027907
0.873522
0.985170
1.012066
0.942449
1.019316
0.989776
1.087774
1.078651
0.976710
0.992458
0.996303
0.977417
1.009751
0.962086
0.943469
1.031136
1.031476
0.959784
1.044768
0.968421
1.012658
1.041017
0.998319
1.022737
0.974178
0.990177
0.989707
0.962671
0.991161
0.922569
0.975442
0.985756
0.987191
0.987925
0.996912
1.023972
1.043726
0.967512
0.939840
0.947898
0.975640
0.982404
0.961500
0.935194
0.977194
1.009071
1.029751
0.972129
0.979350
0.953665
0.998428
0.957579
1.028656
0.910707
0.982019
1.015055
1.009192
1.134652
1.017490
0.949797
0.995227
0.911188
0.995970
0.958347
1.045770
0.972523
0.994162
0.968222
1.086943
0.983938
1.091628
1.040708
1.024103
1.018437
1.019690
0.903616
0.986056
1.042258
0.997555
0.929740
0.997380
1.085205
1.062345
0.996900
1.047572
0.981675
0.914806
0.953777
1.078144
0.986300
0.987831
0.985008
1.095207
1.081298
1.110939
0.992048
1.014781
0.924168
1.073847
0.941611
1.010839
0.945135
0.970557
0.958137
0.969606
0.973044
0.972587
1.041667
0.944757
1.011027
1.060898
0.974340
0.964104
0.988474
1.058986
1.009705
0.973439
1.024194
0.944885
1.034068
1.020430
0.984610
0.958071
0.955666
1.026741
1.061449
0.968135
1.022919
0.895649
0.970769
0.998447
0.954516
0.953175
0.966611
1.014610
0.990634
0.888088
0.893965
0.969657
1.022884
0.862625
0.975013
0.973688
1.069417
0.980749
1.019149
1.007063
0.893472
1.038410
1.010770
1.025413
1.196312
0.895794
1.086235
0.985628
1.014366
0.997724
0.978788
0.971508
1.016475
0.924141
1.037529
0.979190
0.943497
0.977499
1.062858
0.973233
1.017923
0.963452
1.037896
1.034275
1.092430
0.991222
1.033433
1.004903
1.064794
0.964058
1.037250
0.990265
0.996791
1.004588
1.012612
0.994189
1.010736
1.078906
1.049273
1.043458
0.977223
0.955538
1.047765
1.043802
1.073634
0.969801
0.988523
0.918026
0.980376
1.049829
0.976675
1.032024
0.990475
1.016203
0.942615
1.004260
0.850443
0.990655
0.918476
1.060300
1.038870
1.023334
1.076050
0.952554
1.087368
1.046610
0.988172
1.056781
0.944685
0.958774
0.969571
0.973551
0.947172
1.061154
0.987057
1.017625
0.971482
0.908970
1.013503
0.904387
0.996568
0.931584
1.099364
1.045568
1.005288
1.063185
0.957684
1.027174
1.009991
1.013201
1.063618
1.036625
1.014436
0.917256
0.951998
0.993865
1.004669
0.943490
1.120584
1.075820
1.030106
1.003602
0.989390
0.952404
1.003874
1.012888
0.937912
1.016709
0.992237
0.904610
0.956981
0.979320
1.094384
1.027828
0.933226
1.024302
0.922635
1.054135
0.976444
0.995318
1.066290
0.935642
0.930144
0.970820
1.051919
0.924033
0.858392
0.977442
1.027587
1.060013
0.976842
0.979429
1.057695
0.906513
0.980574
1.009521
1.022461
0.974510
1.001722
0.875584
0.967088
1.022675
0.950885
1.002949
1.022344
0.982873
1.008523
0.951863
0.989669
1.030511
1.007849
0.970673
1.011211
1.035730
0.897503
1.057954
0.983187
1.021274
1.059862
0.931416
0.964528
0.985573
0.960812
1.086747
0.957161
0.972223
1.010219
0.939893
0.980216
1.015873
0.983357
0.995331
0.973533
0.924276
1.016080
1.087747
1.000920
1.011263
1.034636
0.936533
1.085126
1.010116
1.081593
0.963348
1.090903
1.038758
1.027652
1.011701
0.987574
1.060027
1.007018
0.901646
0.944141
0.990708
1.015500
0.997171
1.060948
0.902445
1.007179
0.909101
1.037986
0.995277
1.020980
0.956806
1.063973
1.052086
1.029177
0.993524
1.028993
0.964655
1.042778
1.082474
1.053531
0.963520
1.018071
0.935343
1.028620
1.022530
0.906509
0.941911
0.985843
0.984957
0.939526
1.019449
1.012574
0.990287
0.962210
1.052435
1.082770
0.975822
0.969392
1.024560
0.982099
0.993030
1.036983
0.904532
1.065915
1.003634
0.979425
0.995538
0.998121
0.913440
1.074747
1.002066
1.022150
1.047578
0.948942
1.023674
0.986618
1.042338
0.893639
0.995045
0.969859
1.021613
1.023502
0.964619
0.964391
0.994467
0.955168
1.042099
0.981540
0.854651
0.981259
0.948073
0.918436
0.938129
1.005470
1.066432
1.015659
0.969675
1.022795
0.977045
0.965270
0.942282
0.912409
0.980504
1.007903
0.995169
0.979202
0.952713
1.030412
0.934143
1.038801
0.949889
0.962378
0.926661
0.974930
1.048766
1.025781
1.048921
1.026107
0.944817
0.983461
0.960990
1.066529
0.940161
1.044685
1.044648
1.091481
0.979516
1.035616
1.114083
0.969118
0.923248
0.905999
1.035636
0.905842
0.981384
1.021866
1.009259
1.021272
1.011114
1.063943
0.952384
0.966150
0.961367
1.041510
1.045020
1.022561
1.059175
0.941098
1.083361
1.076162
1.036781
1.089090
0.917169
0.973778
0.963235
1.036074
0.947493
1.037875
1.068527
1.034760
1.014188
0.950606
0.957657
1.062481
1.038967
0.998049
0.979105
0.898710
0.946457
1.095571
0.935977
1.009474
1.050372
0.937254
1.009236
1.046896
1.000625
1.143420
0.916570
1.052936
0.991360
1.038596
1.022065
0.963342
1.011450
0.907105
1.030162
1.014908
1.031933
1.052906
1.018381
1.007404
0.955947
0.964389
1.059337
1.071817
0.988094
1.002300
0.954769
1.058638
1.033271
1.097061
0.956084
0.981100
1.011572
1.032324
0.989217
0.956352
1.044070
1.036057
0.954186
1.067772
1.058510
1.006715
1.003980
1.027703
0.956915
1.001502
0.892381
1.043823
0.921925
1.075171
0.983494
0.989417
0.968613
0.985598
1.070927
0.875610
1.063848
1.016901
0.939649
0.946234
1.083820
0.952725
0.942332
1.056866
1.016928
0.953104
1.010831
0.948712
1.055041
1.053069
1.026600
1.018083
1.088059
0.999984
0.940906
1.022474
1.104302
0.949262
0.981927
1.020822
0.997305
0.950885
1.056093
1.116002
1.009807
0.954797
0.922552
1.012899
1.055194
1.023758
0.999880
0.970536
0.945392
1.041738
1.045689
0.922714
1.079492
1.028704
1.069980
0.932894
0.931709
0.992552
1.025139
1.089818
1.035304
0.987866
0.948682
1.061500
0.951765
1.081423
0.985781
1.079529
1.033947
0.993150
0.974030
0.982955
1.021416
1.003858
0.970309
0.991718
1.003929
0.893563
1.022908
0.951014
0.942333
0.915633
0.910305
0.932228
0.964549
1.097663
0.973706
1.008888
1.020024
1.006553
0.996128
0.940235
1.072546
1.090360
0.915867
0.948799
0.986009
0.951773
1.025298
0.963586
1.108253
1.059527
1.010629
1.051349
1.055295
0.971803
0.959189
1.003907
1.043082
1.006953
0.921150
0.959859
0.996301
0.996217
1.098627
0.930701
1.025279
1.074456
1.113572
0.979780
1.024571
1.028488
1.009774
0.995058
1.021799
0.873388
1.034104
1.006309
0.988876
1.102343
0.966253
0.979846
1.099578
0.958397
0.972494
0.992649
1.042037
1.010390
0.935369
0.973392
0.969632
0.996139
1.021292
1.020910
0.911199
1.053197
1.012628
1.069227
1.022210
1.055066
1.023327
1.067311
1.026113
0.995104
1.113622
1.044452
1.028687
0.936185
0.935585
1.014636
1.007276
0.969294
1.007049
1.079431
1.034770
0.942950
0.994425
0.959752
0.980615
0.979319
0.976118
0.937243
0.993617
0.971970
0.853528
1.102649
1.054438
0.981185
1.000941
0.941417
1.084786
1.094864
1.007835
1.051177
1.008764
0.933164
0.979409
1.006596
0.977273
0.989067
0.995430
0.995956
1.002613
0.946970
0.964149
0.935771
1.048891
0.894718
1.057680
1.069317
0.984891
0.869843
0.981934
0.996791
0.949470
0.974239
1.076510
1.033246
0.953772
0.920120
0.983649
0.989327
1.024810
0.973234
1.025575
1.096758
1.040775
0.997596
0.990842
0.982166
1.059032
0.968634
1.002261
1.002560
0.974911
0.931377
1.016149
0.996950
1.025012
0.973320
1.061041
0.956161
1.085602
0.912618
1.021739
1.023772
0.960222
1.021220
1.063976
0.889159
1.025137
0.875336
0.951717
1.081458
0.970911
0.941306
0.990103
1.103395
0.908416
0.947434
1.074872
1.092885
0.994828
0.938047
1.104792
1.079722
1.033947
0.959380
0.997549
0.991982
1.016543
1.072550
1.043971
0.946131
1.068825
1.015657
1.034353
1.073327
0.944421
0.998209
0.973427
0.921607
1.017336
1.125578
0.907996
0.998386
1.032027
1.006154
0.994344
0.935039
1.011639
0.962162
0.890504
1.059730
1.047919
1.002583
1.011454
1.053716
1.011217
1.045201
0.985126
1.065599
1.016039
1.009703
0.936497
1.014348
0.958402
0.968086
0.959231
0.946688
1.106239
1.066567
1.096018
0.938855
1.003563
0.935325
0.965215
0.954094
1.061979
0.980188
1.053419
1.030206
1.115182
0.926028
1.062962
1.057322
0.951331
1.050357
1.016807
0.988626
0.958803
0.964045
1.102491
1.000034
1.039106
0.960455
0.961007
1.054099
0.932521
0.979239
1.001701
1.005569
0.991045
1.019791
1.034643
1.036732
0.950710
0.985792
1.059738
1.044732
0.931357
1.017574
0.901089
1.002347
1.094888
0.952605
0.958284
1.038201
0.922860
0.968362
1.029822
0.968286
0.988201
1.037209
1.021077
1.013341
0.983044
1.018503
0.993813
1.022890
0.975153
0.990872
0.950502
0.998250
0.959450
0.944298
1.012933
1.010637
1.039144
0.978444
1.020403
1.027540
1.022239
0.958717
1.007468
1.018207
1.000359
0.895676
1.008024
1.110627
0.981998
0.963596
1.018667
1.015619
1.059637
0.937107
1.036569
1.029521
0.992893
1.016934
1.051473
1.043616
0.942849
1.041008
0.996766
1.003644
1.003660
0.992488
1.059585
0.995814
0.944023
0.980323
1.008935
1.061461
1.030155
0.957473
1.124259
1.013239
1.063770
0.992414
1.026668
1.041973
1.060910
1.052868
1.043610
0.984246
0.971413
1.016630
1.046656
0.988864
1.053259
1.072631
0.954184
0.958154
0.992981
1.015381
0.973772
1.067610
1.021203
1.001972
0.928205
0.934209
1.014050
0.893370
1.050632
0.992092
1.162155
1.115396
0.990928
0.994683
1.049779
1.085159
0.918099
0.910681
0.968898
1.029137
1.024844
1.053489
0.940015
0.884193
1.042901
0.958590
0.899076
1.007253
1.039659
0.993897
0.977108
0.992032
0.981471
0.932598
0.964266
1.026064
1.016084
1.008403
0.950243
0.990925
0.891147
1.008924
1.071443
0.926293
0.970704
1.016455
1.062642
0.977589
0.965387
0.901554
1.005172
1.102104
1.013868
0.998886
1.016104
0.999445
0.959349
1.041164
1.011288
1.000881
0.951232
1.065175
1.033235
0.972354
1.050091
0.975121
0.960900
0.962015
0.911447
1.023577
0.908443
0.938578
0.896221
0.995697
0.992484
0.983665
0.947871
0.941388
1.023219
0.972472
1.015818
0.955738
1.009053
1.065164
1.029308
0.979379
1.012860
0.987967
1.000394
0.983719
0.991783
1.010605
0.950332
0.949206
0.930573
0.919986
0.939136
1.007973
0.955361
1.025681
1.001736
0.901575
1.032749
1.040540
0.950307
1.021010
0.957175
1.004884
0.936775
0.910345
0.980859
0.993814
0.980116
0.940798
0.980005
1.013465
0.997755
1.009125
0.966494
1.058586
0.941191
1.024378
1.059095
1.024045
0.989874
0.973585
1.051804
0.928851
0.951494
0.980122
1.061883
1.018988
0.951598
0.984485
0.969284
0.964511
1.048944
0.931413
1.080439
1.041412
1.054543
0.976853
0.992503
0.928342
0.973767
1.024683
1.064803
0.944642
0.981725
0.992435
0.930211
1.029567
0.963800
0.990231
0.977403
0.960533
0.999648
0.989220
0.981407
0.963577
1.015976
1.082681
1.006994
1.049806
0.930489
1.007888
0.945132
0.926154
0.963031
1.059595
1.047501
1.012150
0.923365
0.990186
1.015085
1.008777
0.907810
0.955484
0.996796
1.026815
0.890194
0.991894
1.007152
1.042481
1.034643
1.029129
0.960003
0.904600
0.980347
1.050082
1.069673
1.035527
1.021467
1.018982
0.972194
0.993497
1.083453
0.952872
1.080739
0.983899
1.066272
0.929659
1.029295
0.963161
0.929237
1.010927
1.050474
0.957753
0.925049
0.995408
0.995628
1.027416
1.047480
0.997029
1.092775
1.011212
0.982679
0.919422
0.986867
0.983181
1.048015
1.023124
0.941032
1.008613
1.033577
1.076402
1.044375
1.038042
1.003004
1.019416
1.062475
0.933361
0.982528
0.961372
1.018958
1.061511
0.970151
0.880485
0.979389
1.045674
1.026881
1.021409
0.986000
0.936048
1.025765
0.958286
1.109205
1.028525
0.970968
0.969431
0.995353
0.988025
1.055842
1.009321
0.963418
1.094522
1.002465
1.038442
0.969589
1.018156
1.015556
0.905518
1.100764
1.064532
0.980140
0.944887
1.017378
1.004335
1.017783
1.009579
1.025312
1.072365
1.028405
0.947517
1.068128
1.082031
1.157603
0.943825
1.012144
0.895895
1.027658
0.972590
1.096172
0.961269
0.915541
0.976437
0.901226
1.037555
0.896746
1.001423
0.896109
0.983985
1.082169
1.018032
0.956825
0.998440
1.000901
1.023632
0.931657
1.029628
0.864780
0.968506
0.975586
1.031666
1.001132
0.929722
0.950750
1.009934
0.996047
0.971044
0.975958
1.034808
0.974115
0.995595
1.108497
0.928816
0.907408
1.039179
0.966068
0.984088
0.960942
0.987010
1.079927
1.040106
1.043111
0.929189
0.942442
0.858046
0.959531
1.047835
1.025847
0.988924
0.998885
0.965556
1.010238
1.038294
0.919206
1.014982
1.046622
0.979245
1.035035
1.140733
0.994783
1.019665
0.963097
1.009063
1.023014
1.009742
0.949015
1.010318
1.073110
1.022432
1.048099
0.988149
1.037495
1.013963
0.952454
1.015926
0.950415
0.968356
1.009466
1.014862
0.940538
1.052699
1.028600
0.964764
0.923121
0.992755
0.977703
1.005657
0.981844
0.899627
0.980583
0.984719
1.031683
0.965090
1.083934
0.904418
1.065558
0.988784
1.042979
1.003990
1.056978
0.980632
0.945069
1.071025
0.994326
1.011078
1.061738
0.948402
1.029775
0.970505
0.993392
1.003614
