0.808167
1.061842
0.972981
0.959926
0.980078
0.977668
1.030614
0.922028
0.946114
1.017158
1.031147
1.032077
0.960648
0.951087
0.974668
1.011994
1.074274
0.897628
0.988964
0.933366
0.917388
1.048348
1.027231
1.022472
1.046051
0.976014
0.978368
1.109287
0.987671
1.036757
1.000319
0.907587
0.897769
0.971051
1.052805
1.039415
1.045704
0.950648
1.080794
0.951755
1.010641
0.999482
0.991306
1.066930
0.964744
0.932520
1.001000
0.980009
1.168869
1.033825
0.979533
0.947194
0.905986
0.948739
1.005747
1.071366
1.056085
1.011455
0.983842
1.013441
0.974068
1.085918
0.990541
0.995683
0.889209
0.990228
1.041824
0.946614
0.962464
1.039636
0.926167
1.052890
0.973393
0.980572
0.943806
1.018902
1.122994
1.039075
0.956786
1.056781
0.984166
1.068724
1.040334
0.852843
0.949796
1.047219
1.007583
0.948812
0.968321
0.904688
0.995581
1.110534
1.040247
1.109521
1.044120
1.051374
1.098704
1.018863
0.990639
1.051633
1.072692
0.976002
0.963922
1.006943
1.041575
1.039905
0.928792
1.095580
0.967942
0.986747
0.954867
1.134916
1.012104
0.957451
1.043196
1.038457
0.990614
1.042030
0.958735
0.975354
0.899489
0.933802
1.090382
1.082071
1.003289
1.083147
0.991996
0.987830
1.002825
0.993754
0.989240
1.057170
1.007507
1.035624
1.051569
1.019409
0.951486
0.932357
1.007439
0.991437
1.004370
0.999197
1.129179
0.933489
0.900503
1.016619
0.981179
1.015803
1.029194
1.064205
0.924639
0.972164
1.021438
1.038523
1.109672
1.047785
0.997161
0.955478
0.971785
0.970365
1.032762
1.012850
0.933818
0.978205
1.043877
1.017583
1.028432
1.019146
1.081321
1.011802
0.980699
0.954212
1.012480
0.877965
0.990786
0.989708
0.931776
0.953587
1.040483
1.011536
1.005089
1.015317
1.004631
1.062143
1.006171
0.927089
1.081506
1.018517
0.970537
0.937330
1.019796
0.994141
1.078707
0.982705
0.958131
1.044790
1.046264
1.008433
1.033818
0.998116
1.011693
1.058250
1.031266
0.991536
1.067618
0.881757
1.102604
0.914702
0.968645
0.997954
0.992676
1.050321
0.947108
1.013038
0.971089
1.014757
0.996761
1.004647
0.972504
0.974497
1.014364
1.047186
0.970086
0.956562
1.030673
0.998375
1.041525
0.954710
0.911028
0.973350
0.961682
0.996061
0.968158
1.037051
0.985592
1.007524
1.007882
1.009748
0.998794
1.025530
0.960217
1.069971
0.988173
0.934423
1.009404
0.957441
1.033267
1.110480
0.960671
1.016619
0.912225
1.022695
0.955714
0.968758
0.944936
1.036608
1.050365
1.001169
0.956779
1.079476
0.962479
0.891898
1.022919
0.944761
1.049430
0.980943
1.030186
1.070075
0.939557
0.971703
0.996216
1.076878
0.967081
0.970275
1.023907
0.971139
1.007626
0.922423
1.110716
0.932615
0.983912
0.998376
1.095634
0.933758
1.099185
1.037859
1.020855
0.950768
1.028557
0.963826
1.063333
0.951447
0.994342
0.972236
0.950624
1.037066
1.026773
1.060451
0.911006
1.053209
1.125272
0.977418
1.094757
0.986842
0.931379
0.984718
1.052410
0.958091
0.969983
1.029677
1.000153
1.029231
1.011891
1.023981
0.978385
1.011587
0.953631
1.064422
0.968286
1.056442
0.988320
1.010100
0.975252
0.949200
0.912762
0.947234
0.983805
1.010594
1.050519
0.977712
0.955902
0.927864
1.024003
1.069160
1.063316
1.035497
1.031927
1.084881
1.016604
1.032306
0.983961
0.931898
0.965808
0.999542
1.003039
1.096314
1.004064
1.058942
0.978246
0.984416
0.933550
0.962884
1.026349
1.000378
1.047147
1.009063
0.982377
1.107415
0.995305
1.058150
0.979940
1.035480
1.046401
1.010425
0.882276
1.000913
1.061523
1.026374
1.022292
0.913887
0.963977
1.020568
1.020519
1.060733
0.992757
1.020291
1.000819
0.950653
0.887210
1.021551
1.008697
0.969091
0.919041
1.031487
0.986704
1.027844
1.093202
0.892928
0.965020
0.989531
1.072741
0.918180
1.096793
1.006793
0.995200
0.990097
0.978187
1.052406
0.946574
1.017271
0.980791
0.961893
1.129299
1.020953
1.030663
1.056889
0.928932
1.087615
0.874552
0.961562
0.977048
1.029086
1.010936
0.991659
0.999400
0.951099
0.925138
1.036326
1.034685
1.079225
0.960499
1.034641
0.985815
1.059524
1.051098
1.010561
0.983023
1.048047
1.032345
0.965778
0.933610
0.985573
1.075771
1.057324
0.944384
0.941612
1.063734
0.943218
1.025465
0.969196
1.080852
0.961479
1.057168
1.009243
1.012610
0.901485
0.889854
0.988972
1.012345
0.943740
0.945565
1.028074
1.028143
0.993113
1.039010
0.941290
0.982203
1.082394
1.003416
1.006316
1.115297
0.930033
1.039822
1.083199
0.983757
1.042982
0.950899
0.965663
1.019248
1.039928
1.056047
1.078481
0.996628
1.059681
0.982885
1.045105
1.010374
1.022284
1.021175
0.919765
0.943794
1.005127
0.915636
1.041561
1.043578
1.016358
0.943943
1.069007
1.101861
1.007354
1.025527
1.010087
1.026518
0.994022
0.998272
1.045286
1.117281
0.929996
0.994809
0.940977
1.079601
0.970613
0.927840
1.031909
1.087216
1.033180
1.010240
1.020457
1.070742
0.956290
0.994408
0.977365
0.941607
0.983581
1.055386
1.028330
1.032215
1.007324
1.026166
0.959970
0.984524
1.009600
1.013876
1.016009
0.993083
0.981129
1.157889
1.045339
1.020657
0.988340
0.977439
0.993460
1.014641
0.905978
0.921531
0.968156
1.010357
0.988036
1.073906
0.925880
0.962433
1.076005
1.006556
1.044242
1.102562
0.965310
0.995034
0.986379
0.902270
0.984480
1.044053
1.027030
1.030954
0.981225
0.967195
1.063463
0.975134
1.014704
1.008167
1.073086
1.048571
0.935237
0.940622
1.028945
0.996783
0.977241
1.050781
1.009373
1.002623
1.038991
0.981245
1.078426
0.960598
1.032846
1.071692
0.931135
0.982833
1.057110
1.057862
0.991425
0.963266
1.047797
1.059177
0.941767
0.939804
1.011263
1.031468
0.985047
1.033965
0.964493
0.894265
0.978805
1.003162
0.986208
0.942070
0.909218
0.974296
1.044883
1.062810
1.059386
0.959204
0.942315
1.024832
1.031755
1.020008
0.899297
0.956656
0.998516
1.024361
1.038365
1.007213
1.016539
1.004243
1.034281
1.015643
1.003287
0.986582
1.004065
1.024230
1.013374
1.019041
1.067136
1.013258
0.967550
1.044180
0.931690
0.945929
1.016792
1.025820
0.937747
0.980859
0.969696
0.975666
1.047180
1.035325
0.999044
0.972702
0.932518
1.071009
1.029606
0.964667
1.035980
0.996489
0.985645
1.021761
0.962925
0.982812
1.006073
0.975027
1.033454
1.093453
0.962285
0.916744
0.899913
0.992477
0.966842
1.010393
1.006630
0.919839
0.909256
1.014797
1.006771
0.978709
0.917143
1.023570
1.063595
1.013899
0.957626
1.002228
0.931694
1.052898
1.004092
0.911592
0.984966
1.023165
0.983348
0.986205
0.938780
1.028327
0.967577
0.892178
0.981437
1.049057
0.980654
1.086899
1.021448
1.016938
0.993580
0.996586
0.986829
0.984887
1.026543
0.953208
0.946205
0.943840
1.102283
1.026517
1.015225
0.947124
1.031167
0.994171
1.010708
0.951169
1.008013
0.978808
0.961719
1.036705
0.923115
1.028239
1.034224
0.956018
0.958984
0.988849
1.014102
0.992357
1.021678
1.088149
0.974614
0.914241
1.041296
1.084166
1.019638
0.945613
0.993805
0.944074
1.032143
0.932435
0.984994
0.949783
1.006341
0.981683
1.008838
1.001118
0.950667
1.031344
0.997562
0.950574
1.112046
1.023821
0.992337
1.070760
1.092091
0.992733
1.017370
0.950600
0.992640
0.990047
1.009241
1.016638
1.027991
1.011882
0.939463
0.953077
0.972680
0.985888
1.052539
0.941853
0.982129
1.047650
0.985006
1.023021
0.993023
1.012839
0.988576
1.033353
0.922747
0.981834
1.014829
1.026685
1.074648
0.980449
1.073974
0.967049
1.066432
1.040873
0.954327
1.015352
0.997438
1.031279
0.988836
0.984638
1.068455
0.995064
1.041321
0.988732
1.083333
0.966083
0.969293
1.076226
0.977753
1.080054
1.044592
0.992267
0.909335
0.999034
1.005082
1.058361
1.079422
0.965751
1.040059
1.038270
1.053671
1.024935
0.902875
0.992229
0.942215
0.989870
1.049000
1.015258
1.057405
1.017088
0.935084
0.873958
1.007440
0.989304
0.951153
0.914969
0.963263
0.990275
1.033294
1.009432
1.080403
0.948220
1.044053
1.002365
1.034733
0.978174
1.053584
1.014761
0.966028
0.999399
0.988022
1.024459
0.941011
0.998532
1.019765
1.001651
1.067347
1.038701
0.999626
1.010834
1.014783
1.020165
0.908717
0.984924
0.925778
1.063914
0.996958
0.990333
1.044840
1.021116
0.943568
0.996455
0.983242
0.912773
0.965486
0.990823
0.994252
0.925888
1.057583
0.994895
1.001878
1.020032
0.960596
1.022818
0.981646
0.955171
1.028672
1.074584
1.036241
1.046149
0.973968
0.920119
1.074507
1.102726
1.077140
0.983211
0.942268
0.946716
0.915813
0.994631
1.080284
0.992917
1.015116
1.068780
0.979795
1.101777
1.099605
0.993444
0.971123
1.034862
0.982624
0.942172
1.064062
1.060822
1.007776
0.936857
0.938524
1.005361
0.975006
0.982945
1.051098
1.036659
1.068907
0.950469
0.982840
1.037949
1.022404
1.076619
1.021027
1.092405
1.027001
1.053108
0.983824
1.000714
1.045547
1.080649
1.036462
0.995841
1.068867
0.890401
0.928888
1.034082
1.000705
1.030276
1.003220
1.028547
0.959280
1.028524
1.049721
1.061028
1.100678
1.012205
1.013696
0.923841
0.973429
0.990346
1.052516
0.969450
1.039817
0.999919
0.991142
1.012445
0.980442
0.978548
0.914761
0.987602
0.976002
0.974201
1.020844
1.032932
1.011610
1.049771
1.028778
0.985247
0.976857
1.015641
1.028688
1.069892
1.059559
0.972926
0.994900
1.033551
1.053400
1.046948
0.996806
0.937299
0.950053
1.013632
1.017111
0.945066
1.002228
1.031561
0.942439
1.055250
0.981123
1.062881
0.973327
0.948669
0.977093
0.995243
0.980576
0.989200
1.016698
0.991441
0.996694
0.914539
1.019585
0.995540
1.080515
0.953022
0.909585
1.030903
1.017326
0.949578
0.923513
1.076870
1.070706
0.875627
0.977089
1.083210
0.976197
0.975469
0.985862
0.943955
0.914761
1.052627
0.907853
1.012364
1.044329
0.927439
0.953787
1.060659
1.026645
0.969136
1.060112
1.060327
1.013453
0.954992
0.979328
1.014319
0.990570
1.046948
0.923511
0.925287
1.009044
0.975423
0.968648
0.911597
1.000977
0.997362
1.032674
1.003445
0.993370
1.058850
0.934377
1.026819
0.916443
0.958082
0.939367
1.039097
0.996729
0.999325
0.944663
0.985015
0.961827
1.019173
0.950445
1.066490
0.916221
0.959674
1.083860
0.978243
0.934256
1.010954
0.976230
0.958206
0.945206
1.138419
0.987422
0.903722
1.074685
1.030554
0.961677
0.953344
1.033674
0.987654
0.903701
1.089362
0.978300
1.074779
1.063922
0.949950
1.051659
0.967428
0.906665
0.978770
1.019882
0.976863
0.984648
1.057178
1.005325
0.957835
1.035102
1.009884
0.873920
1.021418
1.019591
1.001006
1.044585
0.966380
1.016825
0.921652
1.020355
1.097653
0.950257
0.962010
0.964499
1.006500
0.946848
1.021062
1.042342
1.026717
0.911579
1.049758
1.046868
1.041508
1.018642
1.011009
1.051619
1.096176
0.952348
1.053906
0.995689
0.993516
0.923173
0.985761
0.950137
0.976807
0.945091
0.977555
0.979694
1.004838
0.919263
0.927724
1.018096
0.960128
1.053726
1.011263
1.030338
1.070535
0.984514
0.971276
1.043585
1.025476
0.990633
1.069573
0.989388
1.001639
1.001061
0.953270
1.003879
1.069838
1.022248
1.001553
0.991912
1.016543
1.037488
1.030462
0.983407
1.016239
1.023997
0.949640
1.008412
0.891935
1.024127
1.033017
1.037377
0.980248
1.015452
1.071198
1.070688
0.998541
1.006966
1.055546
0.924960
0.983846
1.066779
1.048760
1.018463
0.924708
0.997504
0.970504
1.016552
0.959533
0.948714
0.896757
1.061090
0.980011
1.007857
0.999888
0.946628
0.937047
0.949734
0.963842
1.018330
0.960214
1.087325
1.051358
1.040418
0.994017
1.075714
0.989100
0.998437
1.008499
1.035091
1.031845
0.976244
0.973350
1.031995
1.035762
0.980332
0.920641
0.989634
1.031176
1.090271
0.940102
0.978671
0.980530
1.067790
0.998253
0.954634
1.027935
0.979768
0.938781
0.955361
1.086702
1.019210
1.005388
0.987505
1.014607
1.014012
1.014608
1.005742
1.043440
1.001155
0.951103
0.969379
0.901049
1.101341
1.043138
0.958496
0.985908
0.968156
1.077127
0.929006
1.005724
0.994574
1.041342
0.994800
0.912090
0.987444
0.951392
1.003979
1.071709
0.913029
0.959989
0.972365
0.980918
1.037006
0.991323
1.020790
0.968711
1.011496
1.038890
0.963385
1.039068
1.002619
1.052273
0.989929
1.019062
0.997970
0.995189
1.012946
1.026840
0.937522
1.071682
0.907017
0.965759
0.995287
1.020618
1.078809
0.907085
0.974615
0.893658
1.001581
1.013584
1.079540
1.006032
1.052201
1.029192
0.978238
0.929552
1.013750
0.925395
1.064760
0.991897
1.059759
0.975989
1.013443
1.010467
0.997748
0.978367
1.019623
0.953692
0.939528
1.062141
1.036358
1.003295
1.083257
0.986612
1.066135
1.008779
0.948762
1.092402
1.049536
0.993949
1.036359
0.979815
1.041457
0.880446
0.949010
1.048963
0.987517
1.010377
0.932661
1.092393
1.059526
0.989966
0.979765
1.051480
1.099123
1.047688
1.108590
0.953882
0.959031
0.940553
1.022088
1.008780
0.992402
1.040463
1.061616
0.923717
0.970151
1.041007
0.976613
0.960090
1.050927
0.935525
0.984921
1.016432
0.971309
1.039158
0.971556
1.070431
0.993713
1.033563
1.037301
0.968623
0.897326
1.018038
1.003614
1.027791
0.988674
0.978479
1.100424
0.926382
1.036698
0.971270
0.983211
0.984145
0.959828
1.028561
1.069532
1.023501
1.005169
0.950678
1.025841
1.107818
0.980965
0.981201
0.971946
0.975529
0.862735
1.020252
0.957722
0.919487
1.037660
0.945899
0.983067
1.073322
0.929539
0.923370
1.013465
1.057474
0.921283
1.020384
1.029050
0.897042
1.039925
1.043830
0.984411
1.062617
1.056823
1.005156
0.977428
0.951359
0.998122
1.028488
0.983791
0.890125
1.063436
1.009511
0.981019
1.042858
1.076232
0.859904
1.021713
0.928668
1.024956
1.006396
1.031786
0.975038
0.906338
0.977482
1.020342
1.050770
0.941408
1.051353
0.967606
1.018122
0.974505
1.009109
1.044594
0.938649
0.966005
1.009248
1.120079
0.956841
1.102007
1.100221
0.995134
0.985092
0.965397
0.996590
0.929664
0.996188
1.074844
0.969446
0.987964
0.914943
1.018703
1.013224
1.003185
0.989159
0.985362
1.025095
0.998559
1.015749
1.010749
1.056171
1.033850
1.009643
1.075921
1.021013
1.065248
1.030347
0.907904
1.065242
1.006759
0.997402
1.014067
0.982751
1.011351
0.970406
1.063714
0.994321
0.980871
0.953754
1.013439
1.009355
1.019421
0.948637
0.919941
1.031280
1.074232
0.948682
1.079472
1.014196
0.999647
0.980123
0.930774
1.049386
0.961220
0.961010
1.049596
0.905851
0.923820
0.999093
1.014664
1.024237
0.984910
1.126518
0.988605
0.988461
0.960151
1.006195
1.030748
1.060179
0.925536
0.987700
1.022335
1.029353
1.000327
1.027121
0.959552
1.077895
1.049631
0.932754
0.946245
0.947654
1.033898
0.935764
0.983449
1.022735
0.996692
1.012944
0.946710
1.029743
0.969339
0.983769
1.011887
1.005154
1.001199
0.962469
0.985023
1.000109
0.931246
0.976873
1.019384
0.936128
1.057829
1.063481
0.937742
1.067881
0.992821
1.020926
0.975167
1.046152
1.020305
0.959292
0.941740
0.926985
1.009397
1.028624
1.032548
0.994101
0.942150
0.965896
1.057617
0.975769
1.007171
0.946217
1.016829
0.977116
1.052336
1.038678
0.975215
0.993667
0.972444
0.929028
0.957128
1.009911
1.016263
1.007427
0.984913
1.046653
1.003177
1.035163
0.911311
0.803880
1.014189
0.928762
0.989377
0.984895
1.079370
1.020000
1.008293
1.041850
1.018425
0.977116
1.053574
0.944512
1.016162
0.922621
1.010197
1.009650
1.083823
0.921751
0.969956
1.041134
1.016766
1.009015
0.952193
0.970459
1.062252
0.997425
1.018768
0.994241
0.940846
1.046690
1.025162
1.115282
0.949221
1.041129
0.934423
1.007867
1.048825
0.896393
0.989753
0.971839
0.964902
1.019261
1.056034
0.993336
1.010274
1.005715
1.000090
0.945533
1.055422
1.014760
1.019744
0.959675
0.977039
0.991193
0.923294
0.915598
0.969963
1.026126
0.967343
0.949060
0.959266
0.977233
0.982307
1.108276
1.052731
1.051239
1.058429
0.950059
0.938882
0.944656
1.066725
0.972640
0.937432
0.978450
0.988070
1.013421
1.012547
0.958591
1.034283
0.968040
0.992186
1.034339
0.967909
0.971532
1.029583
0.957113
0.980760
1.027787
1.102705
1.030270
1.023632
1.026540
0.946341
1.005780
0.998512
1.016079
1.005825
1.018985
0.984427
1.002930
0.938609
0.984005
1.069542
1.015940
0.998954
1.094806
0.931958
0.944527
1.085636
1.002298
0.987871
0.940040
1.022385
1.027223
0.945275
0.992986
0.983224
1.012799
0.944037
1.062597
1.045791
0.981841
0.989179
0.993179
0.961085
0.977829
0.986486
1.080643
1.047331
1.046733
1.018496
0.944134
0.997925
1.048524
0.937087
1.031828
1.116130
1.053091
1.070701
1.010917
1.048397
0.964107
1.039793
1.032719
1.014496
1.065800
0.973061
0.990647
1.004773
0.948519
1.011347
0.914053
1.052348
1.002332
0.973955
0.958281
0.988271
1.034413
1.027387
0.964723
0.957698
1.032845
0.963883
1.002995
1.006188
1.015603
1.042914
0.936852
0.904442
0.971628
1.090076
1.101109
1.091559
0.990351
0.910894
0.882848
0.969298
0.990096
1.065031
1.043390
1.011370
0.955508
0.951961
1.012706
1.034853
1.019594
0.948270
1.032533
1.021296
0.946467
0.960784
1.034425
0.988275
1.079457
1.025056
0.975668
0.999490
1.003169
0.963580
0.954371
1.035069
1.042264
1.030189
1.075766
0.972911
1.083714
0.954954
0.949366
0.912002
0.977710
0.974814
1.026297
1.012195
0.940351
0.980364
0.981427
0.911201
0.950953
0.961459
1.071681
1.009573
1.033108
0.925068
1.059711
1.065055
0.900083
0.964734
1.024788
1.032219
0.966075
0.984725
0.970131
1.005521
1.059859
0.961448
1.050041
0.960916
0.957619
1.040930
1.046097
1.042570
0.934210
0.976702
1.041149
1.002077
0.946315
1.022916
0.964260
1.089726
1.077242
1.030205
1.068050
1.003240
1.038272
1.073886
1.012275
0.987241
0.914769
0.995843
1.041171
1.047282
1.025218
0.972935
0.901159
0.975239
0.984783
0.984354
1.030928
1.099284
1.006176
0.989163
0.987039
1.006219
0.958585
1.006010
1.022541
1.010484
1.022877
1.021687
0.911405
1.031844
0.966449
0.945208
0.944777
1.021677
0.988871
0.915902
1.023902
0.928020
1.006991
1.011925
1.044279
1.089084
0.931766
0.997376
0.986183
1.021688
1.010783
0.982373
0.977955
0.944177
1.049393
1.022960
1.045888
0.984480
0.967158
0.946084
1.017946
0.948010
1.092433
0.934618
1.013683
1.078343
1.029954
1.008784
0.951576
0.930912
1.038502
1.075307
0.978058
0.943047
0.877092
0.950962
0.994317
1.079956
1.033657
1.015254
0.979994
0.970842
1.070282
1.010037
0.894870
0.966323
0.957089
0.972687
1.028146
0.994628
0.996157
1.065674
0.965177
1.093210
0.966435
1.004460
0.985940
1.006171
1.022230
1.021692
0.962344
0.943854
1.125159
0.975801
1.034961
0.919618
0.986019
0.993640
1.023641
0.863877
1.008307
0.942513
1.016217
0.948184
0.957226
0.986319
0.947384
0.976223
0.940331
0.908341
1.050898
0.935198
0.991066
1.037645
0.969253
0.958742
1.011312
1.055897
0.941534
0.992493
0.913375
0.980340
1.001710
0.957269
0.977150
0.929589
1.003854
1.052785
0.945143
0.968866
1.025127
1.060605
0.925341
0.991561
1.014157
0.994897
0.876160
1.025054
1.075967
1.005833
0.948445
0.974344
1.088496
1.045498
1.032001
1.017821
0.966943
0.989971
0.996104
1.027479
1.075446
1.055917
0.929031
1.011200
1.036838
1.030943
0.968538
1.145705
0.936146
0.945841
1.011680
1.105840
0.958190
0.986709
1.053865
0.999107
0.983270
1.028282
1.013626
1.051522
1.064573
1.015350
1.014587
1.010706
1.024457
1.002759
0.999970
1.059831
1.075806
0.924622
1.000501
0.965565
0.984451
1.020126
1.033472
0.994394
0.904333
0.951748
1.044825
0.862979
1.059371
1.026062
1.065809
0.990072
0.896930
1.021518
1.063733
1.046236
0.966865
1.004338
0.973358
0.959037
1.047769
0.940123
0.955309
0.944799
0.925488
1.007321
1.058075
0.990756
0.924713
1.041997
1.084285
0.967688
0.976072
1.025783
1.081094
0.974008
0.933378
1.031571
1.039953
1.000307
0.972093
1.049719
1.026402
0.961578
1.002455
0.932415
1.034294
0.986888
0.978214
0.998356
1.002015
1.044747
1.029554
0.992180
1.038183
1.020037
0.978670
0.993764
0.992589
1.025263
0.981649
0.980480
1.098438
1.046987
0.961970
1.028547
1.005918
1.019578
1.006867
1.059482
1.017281
0.996896
1.052109
1.011664
1.006074
1.015701
0.995320
1.000461
0.970665
0.962442
0.950071
0.930401
0.956014
0.991287
1.005156
0.986435
0.882215
1.078729
1.054324
1.022288
1.095375
0.951132
1.094381
0.951739
1.011937
0.936308
1.000735
1.019308
0.992265
1.035694
1.004951
0.973879
0.971659
1.040546
0.967313
1.045770
1.061136
0.916564
1.056646
1.103021
1.012600
1.029954
1.051850
0.986226
1.009114
0.934290
1.006932
1.024906
1.025808
1.053271
0.961260
0.973370
1.094775
0.992484
1.010002
0.996650
0.958916
1.081177
0.973615
0.943636
0.977463
0.899915
0.967436
0.951594
1.030871
0.966329
1.044390
1.069924
1.039059
0.989231
1.007056
0.923751
0.993311
0.956978
1.034716
1.128638
1.024991
0.900443
0.981938
1.006124
1.004368
0.963459
1.012265
0.937875
0.952755
1.032290
0.949217
1.026911
0.931527
1.088241
0.961286
0.988817
1.016531
0.971732
1.007170
1.028768
1.048031
1.039575
0.991409
0.992668
1.117455
1.047494
0.953909
1.004999
0.983243
0.993233
0.938525
0.979404
1.090578
1.028954
0.875442
1.060836
1.054482
0.982036
1.035863
0.957030
0.976487
1.074927
0.986413
0.906513
0.996835
0.996071
1.059918
1.000717
0.978921
1.052253
1.006040
0.962499
1.057750
1.009683
1.000146
1.008895
0.946467
0.973617
1.000179
0.990267
1.063621
1.010870
1.042745
1.000470
1.052814
1.019876
1.000671
0.999336
0.952278
1.025346
0.997990
0.974900
1.055323
0.937489
0.978875
1.051386
1.015776
0.997607
1.012550
1.008971
0.924167
0.982537
1.080826
0.967034
0.984085
0.972919
0.995649
0.970844
1.024337
1.009866
1.038677
0.947453
0.982983
0.988714
1.022782
0.960339
1.045783
1.059321
0.950556
0.975456
0.973403
1.131619
0.978505
1.083881
0.936668
0.950517
0.965670
0.957716
0.986605
0.964561
0.959033
1.057924
1.061190
1.047465
1.026200
1.004637
0.975148
0.952342
1.018150
0.941318
0.950304
1.057646
1.095032
1.019665
1.055323
0.987708
0.933116
1.030609
1.028464
1.003583
0.987881
1.048110
0.950713
0.961311
0.949595
1.004249
0.945605
0.965788
0.964712
0.986970
0.925631
1.004360
1.062365
1.006775
1.077066
1.066700
1.038887
1.003734
1.001125
1.038190
0.980416
0.905874
1.024600
0.943447
0.951893
1.000011
0.995244
0.929396
1.008275
1.048307
0.943583
1.063624
0.921991
1.105866
0.979437
1.007281
0.905398
0.996893
1.011424
0.995692
0.971846
0.952672
1.056526
1.001540
1.077038
0.973676
0.978260
1.040780
0.918851
0.939327
1.054874
0.941403
0.909047
1.093426
0.930309
1.009206
1.003454
0.859469
0.986634
1.022421
1.017715
1.045176
0.980625
1.035625
0.965534
0.929477
0.935114
0.926894
1.050479
0.924271
1.013702
0.986704
0.994868
1.068180
0.978079
1.030580
1.001878
0.992399
1.114998
0.927933
1.064457
1.032820
0.976024
1.081466
0.907595
0.973912
0.939576
1.020604
0.944347
1.021653
0.990678
0.976032
1.019432
0.986569
0.945568
1.140069
0.975642
0.889120
0.957895
0.936636
1.041307
1.016083
1.019936
0.981499
0.986032
0.981453
0.995940
1.041767
1.016804
1.025006
1.024978
1.044222
1.014408
1.017942
1.059440
0.966748
0.957213
0.940704
1.009146
0.907313
1.023108
0.994540
1.056732
0.966404
0.989834
1.056110
1.069157
0.965992
1.009089
1.014721
1.018683
0.986871
1.064069
0.905515
0.978943
1.022397
1.022861
1.067638
1.059911
0.985723
1.064994
0.964298
1.046544
1.090526
1.060747
1.005288
0.983411
0.923570
1.015527
0.944239
0.960343
0.940463
0.976980
0.998602
1.013681
0.969975
1.053464
0.989590
0.960614
1.011315
1.098178
1.016758
0.981857
0.923627
0.989029
1.011746
0.980621
0.916731
0.957472
1.072727
1.071700
0.955668
1.033638
0.941071
1.070216
1.012262
1.047482
0.914245
1.033882
0.999616
1.042596
1.045743
1.003289
0.969959
1.038985
0.996992
0.956361
0.953992
0.926142
0.974485
1.055135
1.008891
0.973512
1.040243
0.958376
1.004768
0.991018
1.038957
0.921139
0.957490
0.918088
0.987020
1.060571
0.974728
0.974466
1.043586
1.053427
0.995571
1.034236
0.946152
1.068899
1.107435
1.026061
0.895783
0.972089
1.030641
0.978926
1.063610
1.029408
0.964676
1.001613
0.955308
0.990871
0.972270
1.058738
1.105801
0.928441
0.903839
0.987741
0.924079
1.002311
1.037447
1.074707
1.010070
0.990342
0.901081
1.001309
1.003564
1.031948
0.964576
0.978247
0.926100
0.885435
0.944575
0.921484
1.016836
0.974093
0.973088
0.950779
0.838372
1.075415
0.949986
0.979379
0.927255
1.048597
1.007171
0.958682
0.980389
1.083909
0.996352
0.990913
0.952931
0.905271
0.991998
1.016274
1.054979
0.887575
0.943745
0.970963
0.999826
0.992748
0.993916
1.020405
0.954835
1.046707
1.021673
0.984008
1.080045
1.077821
1.046645
0.849072
1.078947
1.039738
1.100320
1.061873
1.078917
1.043933
1.067435
1.099706
1.010828
0.921388
0.984627
1.019497
1.003744
0.937672
0.918447
0.962942
1.040387
1.079017
1.045828
1.052871
0.995959
0.912896
0.977239
0.987062
0.975147
1.002735
1.022071
1.042651
0.986094
0.904812
0.975856
1.002185
1.061140
0.971610
1.025627
1.014504
1.002195
1.046527
0.966958
0.971241
0.999405
0.967993
1.025401
0.964340
1.011315
0.994991
1.010746
0.977013
0.983046
1.004800
1.010104
0.999790
1.085268
0.950463
0.996790
0.921319
1.018604
0.944238
0.986084
0.981397
1.014045
0.972360
0.970235
1.071793
1.014228
0.971947
0.987458
1.082268
0.988242
0.965536
0.965750
0.972544
0.970275
0.936018
0.943790
0.958534
1.029579
0.980938
0.989642
1.063504
1.064750
0.985894
0.968457
0.956778
1.034639
0.989765
0.980675
0.959317
0.961517
1.016003
0.934228
1.049743
0.973308
0.992518
0.933151
0.999382
0.983584
0.997496
1.073585
1.008885
0.960267
0.964434
1.029757
1.064935
1.014096
1.034436
1.030487
1.070953
0.902520
1.033361
1.049187
0.933064
0.955717
0.957461
0.963560
0.975914
1.012130
1.043284
1.054066
0.958109
0.957765
1.065791
1.032337
1.004143
1.023667
0.998510
1.026229
0.983197
1.013440
0.924473
0.965611
0.966149
0.981281
0.953674
0.973323
0.924279
1.027435
0.995874
0.914740
0.958259
1.016830
0.972849
0.965153
0.996270
1.017180
0.928182
1.027506
0.959985
0.999104
0.998229
0.973647
0.948817
0.985716
1.081267
0.931916
1.084616
0.987014
1.001769
0.945664
0.961437
0.974855
0.947715
0.989554
0.979649
1.092539
0.941701
1.005135
1.012392
0.946484
1.034341
0.980084
0.875381
1.032992
0.944153
0.947611
1.034395
0.982642
1.045889
1.060508
0.967754
1.039663
0.962227
1.111656
0.965352
1.051304
1.042189
1.015804
0.966473
0.992430
0.892321
1.011221
1.017481
1.006675
0.851335
0.936718
0.962595
1.014583
1.014467
0.991489
1.031762
0.948688
1.030512
1.023737
1.018878
0.990898
1.091537
1.024660
0.951583
1.012415
1.037624
0.970595
1.054464
1.019102
0.882876
1.014984
0.979699
1.026859
1.047211
1.009758
1.083263
0.991065
1.031241
1.040247
0.995133
1.038939
0.970266
0.978872
0.934376
1.012070
1.016263
1.058963
1.039557
0.985760
0.941091
1.021643
1.055538
1.037759
1.054224
0.989406
0.976669
0.963155
0.997205
0.996070
1.010334
0.993535
0.993319
0.961165
1.047081
1.003826
0.991278
0.962629
0.933404
1.065398
1.027732
0.918804
1.038157
1.046124
1.006219
1.079906
1.010836
0.929159
1.018258
1.012245
0.969835
1.028678
0.916617
1.049528
0.956094
0.950753
0.994309
1.021649
1.008196
0.962867
0.974696
0.943348
0.988766
1.053751
0.999787
1.042971
1.072770
0.970599
0.990671
1.108560
1.072217
0.916380
1.019357
1.000028
1.041323
0.962751
0.958020
0.966196
0.971404
1.040766
0.940940
0.968869
0.910549
1.050356
1.063552
0.983646
0.985103
1.022661
1.073724
1.020431
0.965123
0.919059
0.944244
1.003661
0.967234
1.009748
0.972354
0.947093
0.941148
1.078118
1.044449
1.086526
1.026998
0.978500
1.066167
0.998347
1.011042
0.997859
0.852655
1.080237
1.024550
1.016491
0.996911
1.008171
0.970136
1.030829
0.934645
1.009303
1.028079
0.990067
1.018543
0.950433
0.951709
1.011836
1.033927
0.906257
1.026101
0.972840
0.990360
0.933024
0.957419
1.048306
1.001643
0.980861
0.994176
1.024461
1.022025
0.996249
1.054648
1.048523
1.020669
1.002731
1.032866
1.015713
1.053040
1.044978
0.949087
0.945702
0.964938
1.048807
0.921185
1.019738
1.018127
1.058132
1.009017
0.932840
0.952032
0.940900
0.973103
0.990855
0.941728
1.073533
0.933736
1.067305
1.059258
1.044915
0.965312
1.017123
0.936131
1.045545
0.996301
0.979534
0.938813
0.876125
0.948073
1.055640
0.979858
0.991534
1.032778
1.090283
1.066250
0.951383
0.902871
1.117981
1.113450
1.009423
0.936476
1.048161
0.994601
0.994351
1.044723
1.016719
0.940709
0.983763
1.033058
1.025513
1.013101
1.046671
0.981914
1.008934
0.831221
0.977517
1.038195
0.980480
0.976689
0.947927
1.050168
1.027423
1.041271
0.913689
0.991978
0.985994
0.985971
0.969199
0.982695
1.042482
0.904357
1.088865
1.024192
0.997883
1.045342
0.927408
0.966765
0.993946
1.068278
0.997675
1.022503
0.970521
1.024342
1.083862
1.049776
0.995927
1.033774
1.028876
1.025329
1.055598
1.055224
0.993642
1.032094
0.980845
0.953846
0.986525
0.996186
0.916921
1.043017
0.861634
1.135741
1.075094
0.986950
1.000471
1.015149
0.970542
1.009631
0.992800
0.995286
1.009073
0.934324
1.001979
1.008172
1.006442
0.989208
1.056893
0.982317
1.011366
1.064865
0.996031
1.010723
0.995181
1.061869
0.987114
1.064168
0.994821
0.957027
1.033969
0.984767
1.031025
0.863530
1.000260
0.977020
0.946837
0.972338
0.971315
0.997601
0.931634
1.015814
1.068311
1.014046
1.040449
1.054728
1.061824
1.093507
0.975040
0.964076
1.039173
1.035413
1.038784
1.094464
1.000569
1.021308
0.950981
1.106766
0.983173
0.984589
0.982662
0.967755
0.963528
0.973815
0.931710
0.960734
1.097448
1.036783
1.046295
1.058860
1.091707
0.911429
0.938506
0.959814
0.976514
0.984972
0.977651
1.010965
1.001765
0.963858
0.891223
0.950357
0.972538
0.987646
0.943517
0.975460
0.943451
0.993709
0.946345
0.957555
0.934566
0.992325
0.956678
1.045339
1.020293
0.996507
0.960126
1.019026
1.034535
1.007134
1.080185
1.022982
1.045680
1.006678
1.033783
0.960161
0.977080
1.017468
1.017105
1.025381
1.055020
0.928751
0.951277
1.011479
0.963782
1.168888
1.025786
0.996083
0.974227
0.975992
1.001507
1.005599
0.977165
0.986342
1.067214
1.069225
1.012602
0.932937
1.026925
1.077714
1.068489
1.036721
1.071121
1.002669
1.031405
0.965961
1.014613
1.066477
0.970529
0.956928
1.004874
0.988667
1.032457
0.977337
1.085922
0.935516
1.062687
0.961758
0.910201
1.011894
0.987270
0.944520
0.915931
0.999582
1.048792
1.029248
1.002835
1.023942
0.998639
0.928514
0.928955
0.989842
0.991967
1.042549
1.037865
1.030257
0.985986
0.930967
1.020604
1.026258
0.880573
0.958283
0.965447
1.005918
0.959832
0.998093
0.989473
0.992043
0.964180
0.968051
0.945987
1.019003
1.028555
0.961469
1.076032
0.984270
1.076509
0.967894
0.898671
1.020110
1.012427
1.001720
0.967888
0.998271
0.974437
0.984883
1.042082
1.009211
1.030498
0.988407
0.982899
0.942326
0.981498
0.833944
0.970489
0.995906
1.028184
0.986566
1.017384
0.891011
0.997158
0.916025
0.939585
0.990642
1.063813
1.018560
1.000912
0.999023
0.964319
0.972801
1.021369
0.930732
1.029653
0.980575
1.041278
1.048055
0.916346
0.970921
0.957224
0.909364
0.948373
1.122063
1.030475
1.095864
1.041455
0.962908
0.980911
1.029422
1.021875
0.971133
0.924500
1.164388
0.992943
0.983713
1.005667
0.987864
1.006136
1.064347
0.993773
0.941864
0.991918
0.976780
1.071195
1.058556
1.005376
0.936063
0.938705
1.000756
1.016816
0.981269
0.975992
0.970360
0.998830
0.880862
0.944934
0.968647
1.060375
0.959309
1.009023
1.011327
1.064896
1.063129
0.997125
0.976226
0.966808
0.987947
0.978298
1.027681
1.021016
1.029590
1.062964
1.093143
1.006233
1.054973
0.982417
1.059250
1.053075
1.050421
1.004704
0.966582
0.930274
0.997998
1.076651
0.984508
1.039256
1.042198
0.985816
1.065817
0.854567
0.938863
0.954218
0.959014
1.016813
1.014502
1.019700
1.029804
0.952495
0.939091
1.019816
0.968488
0.921476
1.048567
1.069755
1.077858
1.009350
1.031297
1.068493
0.967929
1.055534
1.013770
1.045686
1.009305
1.064813
1.011176
0.925801
1.072596
0.952623
1.062653
0.995488
1.058801
1.056738
1.021507
1.025427
1.021131
0.899309
1.005916
0.944197
1.008559
0.942853
0.940752
1.080247
1.053472
0.999793
1.009238
0.987604
1.028494
0.966197
1.049687
0.987346
0.979008
1.001086
0.970443
1.016434
0.973132
1.023426
1.060800
0.964034
0.993471
1.023067
0.978207
1.023216
1.027770
1.054163
0.969701
0.952861
0.984621
0.951612
1.028225
0.941912
1.116651
1.064796
1.000629
1.043370
0.918160
1.126169
0.970489
0.993975
0.907203
1.024314
0.944683
1.005083
0.972786
0.946113
0.959782
1.011289
0.935925
0.962559
1.033164
1.130124
1.023879
0.954137
0.981644
1.001579
0.982529
1.045153
1.010874
1.045393
0.984278
1.066275
0.991676
0.951441
1.108866
0.908751
0.963063
0.968649
1.125415
1.090343
1.074696
0.983467
1.121309
1.018418
1.048863
1.008985
0.997527
0.987411
0.989518
1.030425
1.018360
0.998426
1.075476
0.851662
1.025494
1.035887
1.057348
0.996756
1.010396
1.049297
1.074558
0.984973
1.013349
1.083929
0.893799
0.965499
1.073292
1.054627
1.026122
0.977570
0.955909
0.970439
1.077400
0.968578
1.005071
0.962315
1.042139
0.973064
0.995120
0.915831
0.919332
1.000384
0.933742
1.105254
0.896924
0.959991
1.000835
0.981743
0.944793
0.952104
0.950467
0.985664
1.097596
1.003897
1.059145
1.025349
1.055693
0.860002
0.984777
1.065357
0.971413
1.088124
1.074195
0.976543
0.974842
0.949320
0.968520
0.938371
1.021441
0.927198
1.030187
1.031404
0.916940
1.077491
1.025680
1.037485
0.962067
1.031119
1.056320
0.995070
1.100096
1.002203
1.057039
1.014650
1.029276
0.916433
1.018553
0.963251
0.957680
1.087205
0.989312
0.949835
0.982043
0.934977
1.071694
0.965216
1.026465
1.067805
0.974992
1.026601
0.948496
1.122288
1.046819
0.990370
0.961358
0.994300
0.983001
1.097647
0.938723
1.006740
0.999083
0.994129
0.994569
0.994196
1.043653
1.030449
1.020946
0.848301
1.014990
0.917218
1.032316
1.073725
0.953688
0.986911
0.970032
1.061772
1.004751
1.086416
1.020688
1.012123
1.003410
1.040900
0.913116
1.004267
0.996498
1.036271
0.990615
0.948063
1.000368
0.945858
0.903737
1.036356
1.028953
1.023355
1.065146
0.966748
0.928444
0.996499
0.982625
0.957885
0.996008
0.969420
0.908200
0.977941
0.943181
1.011582
0.967198
1.055582
1.080193
1.033969
0.922449
1.075260
1.078786
1.000939
1.066146
0.972416
0.906688
0.961986
1.086465
0.925446
0.999976
1.001707
0.974351
0.977824
1.003612
0.971892
0.928897
1.010752
1.053668
1.043479
0.959513
0.937439
0.985791
1.078390
1.032280
1.035198
1.044493
1.021038
1.006030
1.033115
0.972692
0.929277
1.036150
1.061887
0.944088
1.041096
1.084038
0.999888
0.959100
1.006151
0.972473
0.969163
1.021659
0.919814
0.927804
1.000965
0.998885
1.017178
1.093761
1.005226
1.029909
0.951223
1.038397
0.973680
1.003571
0.994558
1.051649
0.934501
0.885838
0.989328
1.023427
1.007613
1.061610
1.021869
0.971808
0.883729
0.988134
1.051398
0.980398
1.001416
1.021068
0.949235
1.031162
1.081856
0.991359
0.943547
0.996670
0.888781
1.016845
1.022614
1.083782
0.990300
1.020424
0.956936
0.982179
0.923741
0.990261
0.984735
1.014960
0.968820
1.004167
0.983331
0.983425
1.004018
1.002026
1.038059
0.993968
0.982506
0.990960
0.964267
0.982004
1.101558
0.954366
0.986067
0.980626
0.987641
0.983438
1.013962
0.914491
1.051859
1.031629
0.937856
0.886546
0.951146
0.987867
1.129015
1.027163
0.909621
0.965517
0.997339
1.012684
0.934263
0.993250
0.964118
0.944812
1.012980
1.038694
1.042052
1.028719
0.975132
1.035728
1.015453
1.006697
0.969415
0.975156
1.003694
1.121994
1.015062
0.969441
0.958381
0.975412
1.108865
0.980037
1.045344
0.981204
1.013059
1.039587
0.971405
0.967944
1.082943
1.049230
1.039534
1.039364
1.022979
1.100889
1.002195
1.028863
0.927454
0.958752
0.939959
1.063703
0.872373
0.979885
0.850315
0.958436
0.975453
1.069244
1.019831
0.958343
1.053298
1.000892
1.001878
0.939866
0.950499
0.958745
1.002323
1.003894
1.077205
1.019253
0.864622
1.013132
0.927499
0.951701
0.959392
0.966833
0.931243
1.010174
0.929460
1.017833
1.111849
0.933532
0.985774
0.873827
0.984953
1.032136
1.036032
1.003868
1.044463
1.127303
1.085615
0.973874
0.927445
0.979692
0.952651
1.022567
0.940940
0.996359
1.041901
0.994965
0.952684
1.058741
0.906051
0.983610
0.997917
1.000795
1.009025
1.030522
0.998230
0.981597
0.979621
0.969424
1.039377
0.967674
1.042339
1.000950
0.973937
1.030920
0.963627
1.031909
1.010636
0.970184
1.026432
1.027329
1.057876
1.048307
1.024564
0.943620
1.122429
0.929819
1.047463
1.021564
0.941293
0.993785
0.996062
1.065279
0.964334
0.986903
0.883197
1.086738
0.946477
1.016346
0.994930
0.995100
1.040493
1.083563
1.012575
1.032754
1.016445
1.050877
0.976854
1.053769
1.055525
1.054127
0.966993
0.991583
1.011973
0.931458
1.079746
0.999386
1.014196
0.971150
0.933656
0.969799
1.010960
1.033671
1.008090
1.017336
0.983149
1.024812
1.074142
1.035239
1.040477
1.014701
0.924842
0.947767
1.022744
0.999453
1.021992
1.083821
1.036302
1.062944
1.004734
0.959639
0.997107
0.959762
1.077915
1.039520
1.026026
1.061797
0.898997
1.029407
0.934468
0.999637
0.984415
1.033087
1.011409
1.067256
0.969905
1.035456
1.008111
0.918235
0.954069
0.992506
1.055615
1.023186
0.941625
0.992984
1.100890
1.005561
0.983634
1.024587
1.038170
0.977192
1.025129
0.983555
1.035966
1.008485
1.024098
0.962041
0.958936
1.047275
0.996030
1.014252
0.984680
1.044936
0.969609
0.993220
1.039300
1.058648
0.973812
1.097984
1.015662
0.947854
1.018453
0.980850
1.021703
0.997857
1.003714
0.954420
1.049503
0.942194
0.944562
1.018368
1.080142
0.982370
1.035049
1.053667
1.040734
0.984440
0.945448
0.889623
0.986858
1.058904
0.943792
1.035010
0.952492
1.005304
1.035390
0.967025
1.008524
0.979245
1.035257
1.011766
1.002825
1.077917
1.033115
0.965482
0.995707
0.996205
1.004016
1.126225
1.018543
0.898205
0.972860
0.903381
0.983510
0.900634
0.956420
0.923964
1.019208
1.000027
1.015148
0.994772
0.930285
1.025676
1.096111
1.020461
0.978704
0.928597
0.954597
1.022652
1.053656
1.013043
1.039994
1.035384
1.025327
0.967076
1.008696
0.957581
1.000871
1.016543
1.083939
0.934513
1.024075
1.074062
1.037942
1.041647
1.029385
1.064917
0.945626
0.930704
0.999683
0.891942
1.061532
1.061036
0.978332
0.981461
0.996383
1.002601
1.006359
1.027912
0.991369
1.047160
1.022297
0.969652
1.066756
0.932087
0.995392
1.048346
0.963846
1.015478
1.027167
0.956974
0.996376
0.992175
0.972413
1.115084
0.961845
1.050246
0.980360
0.945668
1.005141
1.032455
1.046026
1.078113
1.147262
1.012526
0.966845
1.022644
0.986689
1.046298
0.935142
1.118417
1.042802
0.915800
0.964549
1.040804
1.058817
0.936388
1.035651
0.902633
0.995533
1.055602
0.972424
0.924654
1.007311
0.969764
1.031478
0.955734
0.961368
0.898950
1.008497
0.991955
0.940581
1.009690
1.051354
0.989222
1.013408
1.013666
0.939784
1.102829
0.976458
1.032806
1.038461
0.993020
1.030340
1.012291
0.929118
0.983386
0.969372
0.976913
0.934800
1.056322
1.080100
1.048900
1.063527
0.982768
0.968187
0.961071
1.032203
