0.924989
0.961058
1.067554
1.044310
0.996868
1.012156
0.985288
1.067829
0.989982
1.011592
1.057302
0.961131
1.077940
0.923477
1.081482
0.981366
0.987865
0.905500
0.977260
0.948010
0.969618
0.993134
1.047890
1.010380
1.015384
0.945224
0.955962
1.089936
0.963240
1.082810
0.987847
1.000114
1.053518
1.063595
0.994459
0.980588
0.997204
1.016898
1.044565
1.000211
1.030944
1.081918
1.019065
1.015583
0.924054
0.868464
1.019419
0.995259
0.974261
1.012177
0.996980
1.056389
1.004306
0.962654
1.049508
0.989143
1.026327
0.976129
0.967509
1.004208
1.000641
1.023991
0.986568
0.908182
0.978361
1.039691
0.985131
0.987681
1.049319
0.964401
0.922860
0.991968
0.975791
0.951688
0.991231
1.024575
0.999536
1.015349
1.090670
0.982856
1.013917
0.974539
0.957682
0.970755
0.976062
1.017974
1.117454
0.964198
0.979169
0.996844
1.019790
1.013178
1.064205
0.878680
0.880654
0.975206
1.054865
0.921718
0.849618
1.028559
1.012183
0.945490
0.950723
0.951513
1.005527
0.968684
1.024703
0.857269
0.957157
0.943697
0.987183
0.973098
1.039892
0.907033
1.002275
1.027917
1.092832
0.975912
1.016223
0.909807
0.880402
1.042239
0.999722
1.058926
0.931330
1.025995
1.093441
1.020985
1.013829
1.000428
0.921456
1.067779
0.969457
1.025224
0.921848
0.941027
1.071754
0.982635
1.072664
0.996088
0.907905
1.044603
0.970505
1.034934
1.001261
0.922844
1.008215
1.109811
1.024649
0.997124
1.053767
1.010533
1.010477
0.945419
1.011692
1.051772
0.958197
1.071225
0.995415
0.955612
1.049882
0.985660
1.037976
0.985412
0.997009
1.024678
1.014545
0.900223
0.943938
1.046471
0.993393
0.973813
0.932071
0.946013
0.898910
0.994936
0.970078
0.951671
0.996594
1.018198
1.104660
0.924406
1.057969
1.048655
0.961045
1.010162
0.977118
1.009284
1.075457
1.030280
1.025430
0.978485
0.925797
0.989577
1.060330
0.923642
0.947246
1.006313
0.950767
0.960374
0.978820
0.931719
0.951294
1.035171
0.934632
0.920106
0.968499
1.036598
0.990154
0.976771
1.002218
0.912715
1.024735
1.019172
0.979535
1.050296
0.943625
1.056395
1.007725
0.983172
0.999006
0.994637
1.061014
0.946166
0.961874
1.051815
0.970223
1.045027
1.084972
0.979910
1.034068
0.942315
1.037737
1.009971
1.023652
0.967721
0.916946
1.025163
0.896830
0.984132
1.047059
1.009595
1.097417
1.051255
0.967305
1.001366
0.997631
0.920891
0.952980
0.971962
0.898189
1.002375
0.987546
0.916355
1.020211
1.035794
1.011352
0.983797
1.029572
1.034011
1.015370
0.958769
1.013830
1.059774
0.970169
1.104897
0.973718
1.001620
0.966376
1.011164
0.912889
0.972698
0.945394
1.006767
1.049722
1.032300
0.881417
1.102103
1.014764
0.961175
1.007856
1.008809
0.966658
1.009896
0.969626
0.979782
0.965686
0.928366
1.007292
1.029265
1.025744
1.040996
1.016217
0.973364
1.041983
0.932124
0.954966
0.951790
1.054003
1.047139
1.024365
1.053596
0.956036
1.017430
0.993741
1.042344
0.994239
0.980753
1.027045
1.043808
0.966583
0.996946
0.947078
0.875097
1.010023
1.030445
1.013103
0.902522
0.982458
0.889083
1.068485
0.945697
1.062770
1.047293
0.954970
0.943361
1.017519
0.957784
1.005124
0.975859
0.910942
0.888477
1.011334
0.971922
0.972346
1.034793
1.058672
0.986373
0.982970
1.025007
0.932153
1.011158
1.027594
1.034011
0.903162
0.961932
0.956087
1.004994
1.024037
1.074836
0.975252
0.975121
1.057484
1.014829
1.063383
1.014436
0.942144
0.933344
0.922424
1.033103
1.059430
1.092468
1.042155
1.058142
0.970999
0.942179
1.042504
1.020884
1.005372
1.019369
1.016159
1.064191
1.064749
1.027211
1.042290
1.025703
0.976942
1.037828
0.930275
1.052695
0.940274
1.014290
0.957742
1.027669
0.998304
0.920262
1.021035
0.971104
1.044057
1.000066
1.019771
0.952122
0.970533
0.977068
1.042835
1.083869
0.959741
1.053842
0.891516
0.940291
0.952061
0.932375
0.920821
1.020650
0.989297
1.018970
1.034524
1.013281
1.032888
0.996523
0.940650
1.052891
0.970544
0.953220
0.991104
0.954359
0.979128
1.017203
1.017417
0.955109
0.975615
1.053717
1.024820
1.103753
1.059006
1.057215
0.930607
1.038193
0.997345
0.972451
1.008401
1.047261
1.025042
0.956076
1.037123
0.968121
1.010834
0.984833
0.989057
1.038312
0.947990
1.097260
0.908946
0.970117
1.018511
1.029216
0.994976
0.997130
1.020527
0.988447
1.069659
1.041968
1.043641
0.951692
0.996031
0.984977
0.949720
1.018008
0.973118
1.032770
0.946490
1.085952
0.955183
1.010965
1.039593
0.971468
1.042623
0.938541
1.072606
1.000708
0.970179
0.985041
1.040446
0.970777
0.962532
0.988923
0.941152
1.091027
0.971680
1.041581
1.010473
0.950773
0.999702
1.039200
0.990587
1.059656
1.051076
1.045946
0.977017
0.946008
0.969321
1.009812
1.027289
0.891421
0.999594
1.007904
0.986123
1.064564
1.021089
1.065510
0.989202
1.046874
1.081753
1.065585
0.945393
0.987316
0.982742
1.024463
1.034318
0.958055
1.003392
0.899004
1.072097
0.974381
1.002793
0.984518
1.057301
0.858125
0.999169
0.994709
0.977318
1.086311
0.955634
1.038590
1.017813
1.063076
0.966641
0.963352
1.054803
1.021266
0.922753
0.973035
1.019319
1.041888
0.966038
0.854287
1.026161
0.938984
0.899133
0.858384
1.040699
1.006431
0.988717
1.069451
1.031866
1.080815
0.930363
0.998272
0.919164
0.988531
0.987569
1.031331
1.002278
1.031170
1.035172
1.107746
0.984235
0.952949
1.012304
0.959886
1.074098
0.985839
0.971721
0.976434
1.035921
0.992113
0.967917
1.083268
0.957192
1.001778
1.032615
0.918433
1.024013
0.947245
1.041139
0.951867
1.034638
1.055292
1.043072
1.012566
0.988435
0.971179
1.073552
0.965025
0.948147
1.033268
0.960193
0.952497
0.927820
0.975855
0.995864
1.012155
1.047565
1.026345
0.990456
0.990090
1.025508
1.063629
1.006316
0.976543
0.950357
0.927740
1.033314
1.028899
1.028868
0.993567
1.070347
0.975794
1.047763
0.998063
0.969582
1.029626
1.020482
1.017849
1.004064
0.998105
1.119419
1.059213
1.036141
1.005590
1.050358
1.025900
1.001310
0.984822
0.995954
0.841479
1.010530
0.975576
1.079633
1.000967
0.940552
0.997506
0.947694
1.023670
1.014547
1.047892
0.960456
1.001700
0.931749
1.035075
1.025944
1.024790
1.000081
1.020739
1.080217
0.985745
1.006932
0.945694
0.956587
1.004891
1.055197
0.987186
0.988204
0.979656
0.973262
1.014749
0.925137
1.064047
0.966729
1.036095
0.936500
1.033442
1.033597
1.019210
0.950279
1.012477
0.940847
0.987362
1.051471
1.039835
1.000759
0.951260
1.032279
1.000969
0.883984
1.039132
0.998788
1.060123
0.945236
0.841165
1.013954
1.014578
0.915466
0.951075
1.137761
0.984719
1.036548
0.967467
0.895485
0.991487
0.986720
0.980006
0.994268
1.013213
0.992494
0.936800
1.024309
0.902531
0.897482
1.036959
1.025351
0.997130
0.930228
0.964604
0.986863
0.920205
0.963049
1.032616
1.071365
0.979028
1.037824
0.904297
1.032973
0.959803
1.015367
0.987612
1.066021
0.956278
1.031380
0.986025
0.992085
0.990807
0.957716
0.999295
0.996868
1.012062
1.004225
1.039900
1.046175
0.947469
1.043439
0.940683
1.029393
1.030987
0.904434
1.004649
0.976575
0.962062
1.067543
0.967316
0.959681
1.003785
1.034279
0.992918
1.058318
1.026549
0.891089
0.973527
0.971908
1.023968
0.868759
1.127450
1.026551
1.007444
1.059078
1.117183
1.043537
1.047441
1.006534
0.992924
0.976210
0.958694
0.965649
0.932472
0.996206
0.915767
1.009546
0.998183
1.007347
0.973893
1.153843
1.068006
0.937773
1.011643
0.969600
0.949276
0.932996
1.021611
0.965931
1.048391
1.049689
1.068696
0.957381
1.023768
1.031623
0.976291
0.961411
1.080476
1.011375
1.031798
0.958896
0.939036
0.971528
0.993799
0.946789
0.999508
0.915575
0.943998
1.033546
1.030190
0.980406
0.949112
0.948630
0.981337
1.032226
1.046412
0.975173
0.942325
1.013392
0.958823
0.974087
1.066264
1.041356
1.007899
0.936404
1.010570
1.053133
0.981218
1.067556
1.064637
1.083187
1.015262
1.029370
1.070709
1.022370
0.974938
0.977573
1.011928
0.935472
0.992837
1.054827
0.890437
1.076724
1.056119
0.977012
1.027170
1.000157
1.061499
1.049134
0.929996
1.029363
0.989719
1.004142
0.963591
1.087407
1.052003
0.963011
0.933269
0.980716
1.021725
1.012010
1.062657
1.039496
1.048478
1.016343
0.930535
0.990215
1.053005
0.997424
1.025154
0.984063
0.948509
0.993833
1.015452
0.967216
0.988214
0.953027
1.055962
0.985277
1.072638
1.076437
0.995948
0.949578
0.895705
0.926398
0.931308
1.068923
1.005791
1.019480
0.888979
0.940102
1.044354
1.014339
0.992640
1.028242
1.081790
0.988948
1.003469
1.009630
1.119606
0.895032
1.034161
0.994260
1.028339
0.967131
0.997552
1.035571
1.155645
1.040402
0.957597
0.978812
0.977329
0.910218
0.983495
1.036641
0.936288
1.052424
1.024389
0.963288
0.992923
1.079916
1.036677
1.000439
0.988116
1.003830
0.974412
0.894763
1.102109
1.007766
1.019907
0.997105
0.963244
0.990704
0.920030
1.113854
0.938274
0.948402
0.977987
1.064404
1.000726
0.938193
1.062717
1.036550
1.026922
1.035787
1.119718
1.109255
0.965664
1.081194
1.019158
1.024955
0.915386
0.991481
0.959359
1.041403
1.053554
0.896276
0.998898
1.056093
0.990666
1.036453
1.017558
1.017083
0.986434
0.939171
0.943923
1.035468
1.000973
0.993074
0.978805
0.984741
1.052346
0.983238
0.932947
1.037183
0.989756
1.001570
1.080379
0.998972
1.014459
0.941054
0.989017
1.030476
0.922231
1.010042
1.005040
1.002064
1.051858
1.016722
1.073904
0.950321
1.006796
1.004223
0.946537
1.047815
1.116234
0.999150
1.025251
1.004226
0.964321
0.908962
0.964711
0.930402
1.085205
0.994245
0.982704
1.044458
0.943912
0.961657
1.003404
1.051438
1.025084
1.012416
1.003906
1.020012
1.010083
0.948501
1.002304
0.946316
1.004054
0.975968
1.126969
0.998005
0.929788
0.993291
1.025968
1.083668
0.970527
0.920879
1.040842
0.930970
0.978192
0.987119
0.996518
1.034458
0.965818
0.986314
0.999286
1.007480
1.004891
1.021800
1.042192
1.019632
1.022679
0.920889
1.002511
1.023975
1.036447
0.965382
0.967048
0.971295
1.026821
1.051694
0.979627
1.045398
1.006174
0.993786
0.989431
1.037331
1.016279
1.113791
0.957389
1.025905
0.973540
0.956536
0.999457
1.006868
1.145909
0.990793
0.943491
1.013651
0.896268
0.995402
1.000801
1.039730
1.048681
0.974822
0.992469
0.961694
0.943597
1.015495
0.936321
0.979269
0.950241
1.027484
1.090072
0.934921
0.907349
0.993756
1.000785
1.010933
0.977684
0.989968
1.018376
1.052022
0.902248
0.981553
1.010690
0.954101
1.086558
0.968230
0.997935
1.027801
0.970436
0.907671
0.978567
1.051472
0.983155
0.957678
1.046284
0.983461
0.974492
1.007473
1.038538
1.119086
1.041362
1.057992
0.974702
0.948707
1.003117
1.005358
0.946074
0.991235
1.019966
1.018020
1.025214
1.014548
0.974650
0.974305
0.940052
1.089239
1.000672
0.988757
0.953560
1.146783
0.946334
0.978558
1.020792
1.030011
1.047897
1.090380
1.025308
0.947198
0.987153
1.015392
1.103411
0.930110
1.060129
1.008996
1.041892
0.994900
0.957878
1.037544
1.032722
1.048603
0.999335
0.970009
0.922061
1.040969
1.021194
0.951711
0.973071
0.976662
0.925851
0.959116
0.943308
0.979376
0.963065
0.918650
1.101130
1.062627
0.961049
1.013621
1.020873
1.059554
0.959070
1.054605
0.972605
0.933207
1.036207
1.064538
1.129395
0.940014
1.034946
0.979510
1.039168
0.926476
0.936862
0.961206
1.003948
0.967946
1.032953
1.051345
1.029979
1.080939
1.020791
0.939155
1.068169
0.969742
1.045521
1.078687
1.022834
0.925192
0.954089
1.066137
0.991544
1.003979
1.037941
1.034816
1.013940
0.989567
0.984367
1.042895
1.027678
0.987135
1.054106
0.993548
0.957417
0.962051
0.951063
0.986380
1.061686
0.959745
1.009424
0.967166
0.986985
0.924498
0.988973
0.990315
1.027014
1.011164
0.940080
1.054210
1.010515
1.009920
0.999541
0.974112
1.010890
1.023779
0.912655
0.973062
0.987253
1.012809
1.059666
0.961413
0.975102
0.974373
0.959924
0.982641
1.038540
0.947308
1.021391
0.914905
0.971933
0.983526
1.083743
0.986260
0.889938
0.900056
1.001701
1.030689
1.018773
1.008379
1.058113
0.973020
1.044746
0.918399
0.954753
0.909648
0.986258
0.997687
1.005705
1.003094
0.953622
0.990488
0.925128
1.068161
0.984819
0.975556
1.079447
0.937888
0.943721
0.945189
0.996606
1.021582
1.036984
1.128600
0.887528
1.030437
0.972143
0.970679
0.969011
0.954562
1.084226
1.042115
1.001160
1.067551
0.924374
0.933465
0.891102
0.965029
1.008085
1.005143
1.007467
0.929447
1.040158
1.011981
1.036653
0.905362
1.015575
0.940612
0.980134
1.026718
1.004555
0.957423
1.000314
0.923423
1.057513
0.989736
1.055928
0.973673
0.973821
0.961791
1.043809
0.964528
1.032230
0.980877
0.901202
0.971484
0.941045
1.001695
0.940480
1.046299
0.995446
0.991120
1.032795
1.048195
0.998995
0.961440
0.911301
0.965698
0.969139
1.005353
0.982743
1.034397
0.969351
0.997148
1.059199
1.017091
0.996998
0.969903
0.968338
0.957469
0.972950
1.037783
0.988906
0.932511
1.088408
1.015998
0.929653
0.977908
1.005544
1.085230
0.944594
1.048802
1.069974
0.968567
0.986124
0.948185
0.989827
0.998170
1.032982
1.054509
0.962595
0.901634
0.998938
1.014677
1.012471
0.983666
1.006238
1.075772
1.019087
0.981332
0.974990
0.991507
1.081837
0.990835
0.999010
0.975884
1.054949
1.097992
1.022531
1.004139
1.001839
0.880785
1.037258
1.006708
1.021417
0.964427
0.980777
0.979449
1.051081
0.981062
1.104133
1.021543
0.936216
0.993573
0.967416
0.890281
1.079974
1.035157
1.026660
1.008270
0.930899
0.975819
1.042089
0.947439
0.873412
0.988645
0.992912
1.006778
1.036426
1.031880
1.012938
1.059777
0.924052
1.025229
1.031327
0.938022
0.924856
0.962703
0.966923
1.037671
0.969273
0.957183
0.969418
1.055932
1.000652
0.991037
0.994500
1.064603
0.962541
1.065775
1.010525
0.991979
1.125045
0.947218
0.982316
0.938378
1.047623
1.084459
1.083496
1.061197
0.990119
0.981738
0.916442
1.101794
1.023449
0.975402
1.066403
0.951362
1.020331
0.991369
1.031934
0.996821
0.927454
1.003779
1.052443
0.998539
1.038756
0.947724
0.998687
0.968774
1.037349
1.001575
1.034504
1.054386
1.034581
1.013656
0.950089
0.999861
0.973345
0.982797
0.981273
0.951004
0.902133
0.966593
1.009669
0.932591
1.000784
1.095013
1.051153
1.082177
1.019556
1.058375
0.963802
0.967783
0.863043
1.059307
1.077016
0.972341
0.987302
0.962307
1.019133
1.056247
0.912861
1.020472
0.986166
1.005670
1.022950
0.990590
0.994821
0.989306
1.048516
1.020938
1.011029
0.936452
0.981071
1.044933
1.001885
1.032977
1.088326
1.051930
1.004658
0.974451
0.872322
0.991581
0.983699
1.019518
0.992305
0.983981
0.911030
0.953002
1.023833
1.085795
0.995124
1.016391
1.047624
0.959455
1.018341
0.962976
1.043241
1.007570
1.014923
0.960870
1.035352
1.104236
0.949604
0.983012
1.011580
1.039320
0.972023
0.858348
1.067959
1.038025
0.912853
0.969622
1.078409
1.072390
1.046932
0.991194
1.004149
0.993454
1.056412
0.956208
0.959710
1.050514
0.997782
1.068923
0.966424
0.997261
0.953879
1.000368
0.926073
0.975618
0.928187
1.034696
1.035829
0.913487
1.066694
1.124871
1.002300
0.967944
1.141217
0.934052
1.001005
1.008981
1.067257
1.017987
0.975068
0.952441
0.982909
0.949654
1.002391
0.971790
0.925298
1.062757
0.975116
0.936593
0.991587
1.003419
0.912677
1.016582
0.947642
1.085551
1.026198
0.980005
0.962742
0.994752
1.030640
0.998725
0.989142
1.002918
0.969807
0.982840
0.895710
1.048686
1.014940
0.961327
1.094937
1.004351
0.948193
1.042837
1.019902
1.019729
0.978712
1.022525
0.986912
1.027797
0.904753
0.978306
1.086108
0.961647
0.969808
0.977602
0.939260
0.889586
0.988471
1.006793
0.997375
0.992756
1.002152
1.051142
0.990478
0.971296
0.985944
1.028967
1.070601
0.968593
1.004947
1.016918
0.950371
1.001021
0.926716
0.911547
1.018337
0.980806
1.010114
0.999105
0.951180
0.997737
0.938345
1.069549
0.932202
0.990211
0.947886
1.028521
0.983428
0.974067
1.042660
1.001472
1.025832
0.950934
0.929759
1.005360
0.984058
1.031322
0.996005
1.010254
0.918831
1.094422
0.991788
1.034879
0.958195
1.015401
0.934858
1.022603
0.982201
1.001459
1.034899
0.938373
0.965775
1.022866
1.104911
0.993096
1.029557
0.994651
1.097112
0.912639
1.004731
0.918723
0.874671
1.014873
1.006975
0.985758
0.994690
1.154915
0.987091
1.025506
0.967532
1.014762
0.988088
0.979474
1.090945
1.058859
1.006837
0.884789
0.981950
1.135151
0.988467
1.055161
1.072097
1.010948
0.957909
0.878234
1.034208
0.959262
1.008808
0.937509
0.986738
1.001686
1.013430
0.944259
1.059846
0.970155
0.916277
0.994549
1.001719
1.008029
1.068107
0.988178
0.994019
0.944841
1.041028
1.009215
0.978999
0.904766
1.072221
0.938616
0.970436
1.017917
0.940172
0.925324
0.893803
1.036050
0.972741
1.146363
0.950282
0.953927
0.971730
1.012157
0.976490
1.030617
0.951071
0.930920
0.910089
0.888821
0.974097
0.984951
0.968428
1.062170
1.061401
0.983260
0.910304
0.971665
0.970009
0.967143
0.965114
0.967327
0.980673
0.968223
1.010416
1.018018
0.954468
1.063553
0.950997
0.919110
1.019039
0.959130
1.016065
0.879817
1.069623
1.033615
0.924976
0.926061
1.083613
0.963131
0.958291
0.886697
0.982461
0.988614
1.035775
0.930046
0.923986
1.022548
1.050336
0.921442
1.054076
1.001877
1.054590
0.996489
0.873886
0.992402
1.053007
0.955313
0.980602
0.991193
0.855024
1.083567
0.954931
1.025287
0.995665
1.062881
1.020303
0.988254
0.955324
1.039893
0.906328
1.032295
0.945048
1.062614
1.008065
1.032206
1.004099
0.912381
0.956964
1.033620
1.008333
1.059049
1.020164
0.951665
0.960197
1.005146
0.884298
1.083672
1.022087
1.061352
0.920970
1.062228
1.111575
0.933956
1.038570
1.000056
0.922778
1.024644
1.041680
0.969944
1.058296
0.916662
0.925262
1.006830
1.001269
0.964171
1.040480
1.026545
1.042907
0.993843
1.030129
0.977717
1.102691
0.959373
1.105265
1.001744
0.931224
1.068404
1.006295
1.042556
1.061193
1.016898
0.970388
1.048786
1.000038
1.034293
0.892313
1.022349
0.968071
1.082665
1.031154
1.011993
1.024315
0.950078
1.081163
1.099568
1.019646
1.079520
0.971543
0.960144
1.002046
1.021747
0.980301
1.026888
1.015319
0.950085
1.025940
1.043176
1.008573
1.057632
0.939130
1.023398
0.941486
0.944296
0.968453
0.952897
0.972600
0.989293
1.041858
0.983942
0.920719
1.057003
0.958145
0.997064
1.022327
1.009981
1.054709
1.023950
0.956935
1.108928
1.009717
0.992633
1.048196
1.012473
1.019961
1.124609
0.986244
0.984112
1.005829
1.053576
0.924673
0.901722
0.970644
0.918304
0.978758
1.025125
0.955463
0.928659
1.003467
1.043127
0.915251
1.041012
1.040865
1.047704
1.060924
1.110101
0.982195
1.005479
0.979178
1.000099
1.076644
0.932749
0.956948
1.068859
1.051002
0.981843
1.042720
1.017061
1.075014
1.003726
1.051282
1.132101
1.029905
1.002466
1.036122
0.981736
1.119398
1.009004
0.986353
0.958216
1.054861
1.043359
0.975132
1.028823
0.924572
1.009248
1.022638
1.085366
0.961459
0.936082
0.955229
0.933172
1.066833
1.077432
1.016011
1.061065
1.006698
0.995244
0.983348
0.984480
0.922610
1.013213
0.997983
1.037268
1.004676
0.991865
0.956440
1.003608
1.036912
0.942833
1.004374
1.011652
0.964097
0.970607
1.011531
0.943329
1.017496
0.955232
1.053143
1.116891
0.956962
1.026710
0.963663
1.052048
0.936737
1.024029
0.956351
0.989651
0.948449
1.041118
0.958151
1.027598
0.982795
0.994276
1.007388
0.961909
1.010518
1.076517
0.961095
1.058591
1.074905
0.959192
0.927247
1.015098
0.972630
1.093430
1.001740
0.959890
0.942642
1.054495
0.971441
1.002191
1.047790
0.975787
0.997704
0.999172
1.034166
1.029537
0.988994
1.003182
0.981411
0.926119
1.012880
1.094610
0.955814
0.961349
0.956464
1.036230
1.022424
0.992073
0.954099
1.004619
0.921769
1.007171
1.043576
0.937440
0.923374
1.078972
0.969412
1.056797
0.992300
0.991902
1.021921
0.955800
1.006625
0.980926
0.933975
1.016874
0.986835
0.992149
0.939492
1.079570
1.043836
1.048208
0.984728
0.913541
1.097646
0.996945
0.962560
1.020840
1.058356
0.998847
1.063929
1.054150
0.946181
0.966311
1.047877
0.864369
0.992527
0.928458
0.976172
0.985059
0.982088
0.972387
0.945143
1.114596
1.093373
0.941897
1.079106
0.980027
1.006459
0.996836
0.967013
1.049193
1.006294
0.976172
0.934771
0.955320
0.917931
1.000611
0.940167
0.986722
1.068505
1.059965
0.998386
0.995646
1.093994
1.026038
0.983610
0.928699
1.019694
1.041466
0.968417
1.014560
0.981821
0.990798
0.875609
0.988911
1.048468
0.968430
1.002626
0.962202
1.018022
0.989174
0.953038
1.066628
1.046447
0.969755
1.024889
1.026871
1.032115
0.915287
1.050330
0.971515
0.982109
1.131894
1.015094
0.980684
0.889735
1.069488
0.932739
0.949828
0.983432
1.070821
1.038662
0.992108
1.015415
0.969981
1.006983
1.003667
1.048439
1.048359
1.024699
0.981883
1.037091
0.995402
0.945904
0.979836
1.004226
1.045511
0.990824
0.939540
1.002837
1.005673
1.009292
1.045994
1.050946
0.970289
0.969193
0.947990
1.034941
1.072441
0.984246
0.987928
1.073339
1.025278
1.021812
0.940454
1.033936
0.953543
0.943299
0.982661
0.970710
0.988920
0.927951
1.047941
1.056384
0.902633
1.048923
0.959474
1.042849
0.996578
1.001439
0.990745
1.060606
0.938021
1.030392
1.055066
1.035817
1.116235
0.973553
1.047865
0.994695
1.061670
0.999616
0.980606
1.065304
0.975422
0.929364
0.974158
1.030952
1.069602
1.005556
1.065910
0.932091
0.977837
0.985571
0.994272
1.004205
1.034546
0.977760
1.006951
0.997744
0.953705
0.994317
0.992817
0.991746
1.001588
1.003784
0.978385
1.063636
0.941526
0.963951
1.138998
0.948100
0.932312
1.036724
0.896144
0.988236
1.107291
0.922753
0.900902
0.925041
1.044918
1.056239
0.974371
1.034161
1.069513
1.089367
0.987683
0.884926
0.958956
0.978660
0.987053
0.990607
1.055945
1.063721
0.991416
1.054924
1.017883
1.003225
1.045327
1.003613
1.102891
0.928079
0.974241
0.993674
1.021973
1.063398
0.998780
0.928888
1.042126
1.037748
0.902907
0.999810
0.920493
0.966767
0.954860
1.040463
1.005841
0.935720
1.044003
0.928310
1.016506
0.959299
0.981716
1.025213
1.026073
1.066848
0.995887
1.015323
0.978113
1.009099
1.021974
0.995085
0.909812
1.016574
1.018228
0.965991
0.935781
1.073794
1.024572
0.988546
0.943148
0.958909
1.065130
1.006883
0.972471
1.025484
0.959280
1.075042
1.067640
0.976671
0.968566
0.869093
0.925921
0.933026
1.006760
0.983688
0.932733
0.985942
1.025267
1.026392
0.905016
0.993587
0.930833
1.045086
1.039207
0.955099
0.961698
0.976937
0.887360
1.016798
0.986358
1.048509
0.945080
0.969044
0.924674
0.949785
0.940901
1.049799
0.965087
1.006209
0.980962
0.936527
0.991585
1.029955
0.939612
1.040456
0.957514
0.975851
1.026534
0.966828
1.001879
0.984265
1.006468
0.880963
0.908516
1.030798
1.051859
0.954476
0.987799
1.014736
1.034661
0.898616
0.955698
0.983371
1.035157
1.124922
0.988600
0.929651
1.020113
1.066050
1.005401
0.954668
1.047900
1.033177
0.948696
1.019071
1.049863
1.059095
0.996678
0.982096
1.061364
0.939492
1.021929
0.931499
1.053269
0.987098
1.063429
1.024571
0.938839
1.071231
1.077562
1.044114
0.961921
0.984699
1.007271
0.964814
1.084617
1.007216
0.864833
1.016968
0.982592
0.996254
0.981569
1.040352
1.055984
1.014153
0.983034
0.997933
1.000980
0.959879
1.028946
1.023002
1.077022
1.062768
0.965716
1.041015
0.952452
1.034797
0.974169
0.948837
1.014002
0.866272
0.912451
0.991125
1.004122
0.981534
0.921028
0.959105
1.019560
1.029089
0.999189
1.057842
1.019870
0.962627
0.985975
0.929857
0.994593
1.055605
1.034264
1.070100
0.984856
1.067305
0.990335
1.073579
0.998907
1.035362
1.073756
0.990329
1.010919
1.064443
0.993350
0.933955
1.107150
0.976512
1.007938
1.057800
0.969575
0.949607
1.012687
0.910346
0.985605
1.012252
0.986502
0.922827
1.079709
1.005177
1.071558
0.986998
0.955999
1.013459
0.989211
0.941112
1.073489
0.968886
0.907987
1.066408
0.974785
0.969609
0.911731
1.087047
0.935526
1.002922
1.045631
1.021086
0.997017
0.914917
0.959514
1.009390
0.960641
1.010168
1.034087
1.048125
0.938691
1.109832
1.038374
0.999914
1.054477
1.118270
0.928064
0.988737
0.881078
1.009633
1.018270
0.998042
0.967273
0.897524
1.018677
1.072772
0.970449
1.022003
0.921593
1.022861
0.980331
0.961879
0.961982
0.980319
1.019122
0.934392
0.980144
0.997926
0.945048
1.089833
0.957325
0.966528
0.951085
1.089924
1.027645
0.953170
1.055312
1.010035
1.012863
0.982776
0.962529
1.016888
0.972746
1.090838
0.936535
1.076808
0.994434
1.014954
1.041658
0.968488
1.043212
0.864623
0.964001
0.953797
0.937325
0.989252
1.019287
1.035133
1.012044
0.966715
1.018451
1.006214
1.046803
1.038847
1.001524
0.955137
0.967353
0.972511
0.984237
1.013402
1.035759
0.997444
1.000806
1.007165
0.974205
0.953730
0.912228
0.965243
1.023657
0.964854
0.988110
1.023322
1.026034
0.946023
1.049853
1.056368
0.943507
0.958808
1.059555
0.992657
0.889011
0.930016
0.987532
0.941848
0.979329
1.001620
1.073113
0.985477
1.053627
1.071438
1.071715
1.014238
0.901836
1.023041
1.052420
0.995947
1.087229
1.042992
1.028414
1.054319
1.016668
0.875359
0.975043
1.059858
0.959620
0.988826
0.947758
1.089196
1.084075
0.955807
1.007365
0.965975
1.030747
1.025484
1.040585
1.016596
1.146770
0.948604
0.914470
0.980345
0.921601
0.925377
0.949934
0.953891
0.952269
1.025911
0.974691
0.991024
1.044712
0.961684
0.986773
1.018288
0.902922
0.880755
1.017306
1.024601
1.103211
1.007905
1.040987
0.990226
1.014861
1.083363
0.893800
1.020681
1.106779
1.014102
1.082529
0.968539
0.998398
1.001676
0.889120
0.941591
0.945156
1.041103
1.043608
1.016202
1.041205
0.991793
1.060097
1.000439
1.002893
0.986720
1.034222
0.978940
1.048822
0.943393
0.945054
1.034371
0.995573
0.977305
1.044503
0.969637
0.989990
1.069961
1.076957
1.078620
0.985894
1.061535
0.952552
0.954655
0.882477
1.083643
0.956801
0.993673
0.954484
1.034758
0.981218
0.934759
1.022083
0.928313
0.958130
0.894656
0.928802
1.008927
0.901773
0.925943
0.999882
0.972820
1.099602
1.091695
0.956604
1.027857
1.037464
0.970126
0.925223
0.999385
0.991358
0.978212
1.022116
0.962463
0.942400
1.005454
1.019299
0.941168
1.046404
0.911476
0.971094
0.987100
0.968189
0.971747
1.093554
0.957456
1.122061
1.021856
1.004603
1.023812
1.126496
0.950320
0.943979
0.962257
1.001607
0.913711
1.001117
1.084677
1.007570
0.985366
0.969092
1.044926
0.958708
1.092320
1.096668
1.012838
0.999424
1.051533
1.054740
0.959700
0.973672
0.933883
1.020453
1.033331
0.932504
0.977240
0.932637
0.955060
1.027551
0.963326
0.984959
0.918634
1.009349
0.997786
0.963552
0.990549
1.009015
0.959257
0.926187
1.090279
0.968336
0.995162
1.050542
1.176453
0.937776
1.022491
0.964622
0.973060
0.963989
0.943717
0.997935
0.926275
1.047340
1.002750
1.021122
0.976691
0.981640
1.014378
0.941797
0.982100
0.957019
0.955472
0.894508
1.066966
0.965673
1.058169
1.053440
0.935700
0.945579
1.128025
1.087546
0.998424
1.012869
0.968458
1.021618
0.964141
0.898382
0.933922
1.001055
0.943447
0.996636
0.946267
0.960882
1.042658
1.012374
0.999517
1.043948
1.024030
1.072328
0.977007
0.978518
0.934945
0.978551
1.048239
1.064999
1.048015
0.910290
1.054157
0.908074
1.044906
0.981611
1.035127
0.933378
1.058558
0.926751
0.966577
0.950095
0.912286
1.004726
1.090304
1.133345
1.004858
1.055834
1.011605
1.024944
0.982893
1.009754
1.026874
0.971077
0.996125
0.997078
1.041320
0.946698
0.997423
1.095600
1.058203
1.067459
1.001222
1.016050
1.050112
1.078013
0.902420
0.934228
1.065472
0.986156
0.966414
0.937292
0.972249
0.929882
1.104555
0.998878
0.997102
1.029404
1.048117
1.047294
1.053681
0.968458
0.985107
1.038452
0.973631
0.999745
1.019938
1.039259
0.911116
1.035737
0.988314
1.035373
1.038847
1.080396
1.067673
1.067329
1.072183
1.014569
1.001609
1.043641
1.036604
0.984547
1.020241
0.998245
0.957303
1.064523
1.002760
1.102435
0.918725
0.972161
1.001632
1.056869
1.019974
1.015524
0.943637
0.942153
1.016125
0.931795
0.973406
1.025046
0.950884
1.080268
1.061197
0.921429
0.953381
0.885711
0.960870
1.038319
0.979305
1.023040
0.923883
1.039899
0.972245
1.000608
0.995356
0.936423
0.942346
1.048390
1.019950
1.052502
1.016233
1.007150
0.913699
0.986482
0.998631
1.097655
1.034348
1.076803
1.029877
0.964435
1.005856
1.011811
0.953042
0.980781
0.989712
1.080281
0.895963
1.060291
0.953160
0.931396
1.058997
1.036595
1.062726
1.040035
1.102992
1.027936
0.992176
1.017146
1.062173
0.961031
0.967406
0.984552
0.894771
1.006904
0.905694
1.002653
1.043265
0.976156
1.083856
0.926975
1.059563
1.033757
0.914198
1.135540
0.996813
0.956126
0.929646
0.988999
0.993630
1.005132
0.985110
1.031661
0.980619
0.903252
0.992532
0.881626
1.017689
0.951035
1.008168
1.065704
0.952563
1.053063
0.978330
1.087660
0.981742
0.957975
1.034362
0.978211
0.957928
0.976108
0.997770
1.067109
0.903296
1.001154
1.031245
1.009672
1.065493
0.996283
0.990772
1.029616
1.004966
0.980480
1.025807
0.967374
0.969441
0.973600
1.067653
0.838949
1.019780
1.001714
0.915956
1.015486
1.023788
1.029482
0.867409
1.068319
0.963113
1.034328
1.037054
0.956165
1.033023
0.980725
0.896431
1.058387
0.961248
0.957275
0.979847
1.013612
0.997136
1.027403
0.933026
0.962881
0.994200
1.094894
0.994309
1.054261
1.001928
0.975817
0.987664
0.991579
1.030182
1.068731
1.017984
1.059354
0.951761
0.979268
0.963785
1.015722
0.982052
1.036489
0.953450
1.002151
1.034343
0.896735
1.106082
0.985842
0.898748
1.007905
1.001672
0.995905
1.049560
1.037372
1.014894
1.022508
0.994782
1.088775
0.926040
1.006983
1.003251
1.040664
0.957807
0.912816
1.007841
1.014062
1.074480
0.936482
1.057735
1.118371
0.981112
0.935453
0.979651
1.000700
1.028189
0.970430
1.077760
0.944273
0.913040
1.055336
0.886269
0.989794
1.155884
0.999398
0.943962
0.997130
0.997460
1.008032
1.033113
0.948044
1.084377
1.012256
1.036340
0.968593
1.064319
0.987147
1.013878
0.953345
0.950153
1.034410
0.977820
0.957309
0.967841
1.034948
0.968548
0.994117
1.000751
0.904133
0.926444
1.016814
0.963149
1.052836
1.048340
1.035958
1.090989
0.995846
1.032444
0.970780
1.122618
1.099182
1.000594
1.019329
1.067965
0.992643
0.967169
1.043700
1.003922
1.009150
0.958286
0.914116
1.011807
1.045248
0.988710
1.071821
0.964804
0.947265
0.996638
0.995870
1.038498
0.961252
1.068405
1.098346
0.998043
1.062486
0.947175
1.053761
1.052364
1.043172
0.999222
0.852288
0.967914
0.968704
0.951087
1.006112
0.979052
0.958769
0.947060
0.964224
1.056075
0.966949
0.974253
0.977165
1.016950
1.022812
0.847767
1.051082
1.071818
0.947491
0.951385
0.977487
0.962200
1.011196
0.902674
0.944104
1.076960
0.953589
1.062171
1.017767
0.909537
1.031766
0.994117
0.977227
1.012248
1.023732
1.035380
1.058913
1.020407
0.931218
0.976318
1.147152
1.036225
1.118464
1.069772
1.012090
1.015070
0.998171
0.913110
1.000902
1.060534
0.970018
1.020598
1.042580
0.954516
0.977435
0.949104
0.958892
0.935620
0.954978
1.070973
0.954226
1.006323
0.974857
1.058943
1.065558
1.043203
1.015307
0.988447
0.940406
1.097176
0.962016
1.033182
1.052978
0.972236
1.051901
1.038211
1.086398
0.976533
0.935707
0.974725
1.010443
1.002911
0.980328
0.904540
1.023524
1.098617
1.023213
1.030457
1.028622
1.019852
1.046583
1.019769
0.984366
0.960201
0.987551
1.015706
0.984196
1.015717
1.021958
1.041659
1.064140
1.003900
0.934611
0.982745
1.002203
0.908212
1.069433
1.007119
1.019068
1.068276
0.968493
1.028702
0.994507
0.990796
0.961390
1.083280
0.981225
1.034973
0.906250
1.058999
1.052611
1.004872
0.988653
1.020000
1.114439
0.911838
1.039101
0.954419
0.999004
0.987606
0.978584
0.999477
0.943291
1.051459
0.910293
1.026988
0.983673
0.941454
1.010119
0.922152
1.001986
0.928856
1.023064
0.953782
0.977450
1.014697
0.961373
0.997102
0.924308
1.031544
1.088246
1.139610
1.004558
1.039410
0.910969
1.075137
1.038811
0.975803
1.061859
0.987276
0.977099
1.023767
0.946832
1.051081
0.947201
0.947497
0.954516
1.037975
0.969161
0.932600
0.969716
0.998398
0.940951
0.942416
1.105565
0.956972
0.983848
0.981638
0.978932
1.031067
1.047407
0.984702
0.938176
1.063722
0.995233
1.086516
0.887721
1.009770
1.095930
0.982337
0.988725
1.014776
0.972060
0.984396
0.983109
0.968629
1.061443
1.023054
1.012531
1.040429
0.986782
0.961290
0.969869
1.000089
0.947039
0.974987
0.974194
1.106228
0.861309
0.991019
1.086285
1.006092
1.037671
1.004991
0.966633
0.887904
1.010273
0.961220
0.959983
0.975051
1.087243
1.120242
1.010860
0.976762
0.941139
1.023427
1.089145
0.987633
0.881050
1.033502
1.049270
0.920708
1.008824
1.022561
0.996345
0.960461
1.050797
0.979831
0.925741
0.897526
1.063043
1.030833
1.004399
0.977986
0.973550
0.946213
0.978427
0.893996
0.963197
0.984453
1.030494
0.998004
1.039746
1.067457
1.052909
1.023525
1.000593
0.950961
1.036997
1.083987
1.017105
1.095863
0.923721
0.942292
1.042760
1.013214
1.065689
0.999226
0.956601
0.989320
0.923366
0.943570
1.048622
1.043639
1.018150
0.913946
0.982080
0.938750
1.058827
0.970814
0.945713
1.001490
0.967992
1.074187
0.963259
0.930039
0.892354
0.998461
0.971904
0.928555
1.059461
1.033362
0.998589
1.068216
1.033127
0.958857
0.948039
1.040899
1.019818
1.008487
0.957675
1.030397
0.962225
0.994901
1.072347
0.966958
0.921351
0.947373
1.049715
1.012737
0.993556
0.974545
1.024268
0.957545
1.015283
0.963437
0.955117
0.968126
0.981230
0.997559
1.011773
0.815582
0.959617
0.980421
1.075253
0.946000
1.008140
1.074751
0.934352
1.019699
0.959886
0.974768
0.959844
0.963407
1.136096
1.042223
1.055087
1.024600
0.919687
1.019748
1.053646
0.957330
1.048266
1.035217
1.092602
0.979111
0.945119
0.981919
1.071779
0.908580
0.896581
1.004470
0.977871
1.000386
1.047266
0.972372
0.906350
1.102224
0.950139
0.947048
1.055186
0.980776
0.996831
1.024140
1.054179
0.983327
1.075998
0.893210
1.037989
0.958024
1.068614
1.007102
0.966355
1.033142
1.044659
1.032095
0.948515
0.975799
0.999796
0.997937
1.037487
0.899255
1.016716
0.985501
0.958075
0.962876
0.989273
0.819946
0.964936
0.956209
1.026639
0.959724
0.989244
1.077114
1.049718
1.045114
0.975006
1.027152
0.988305
0.990195
1.020484
0.970150
1.074650
0.991993
1.030918
1.072780
1.051583
0.929554
1.022245
1.042536
1.044593
0.944335
0.967148
1.049728
0.961912
0.985015
1.078794
0.997610
0.963661
0.956119
1.016636
0.933343
0.987633
1.016662
1.064957
1.033377
0.964297
1.058921
0.985024
0.938215
0.991398
1.071908
1.008262
1.000626
1.081861
0.928432
0.935720
0.919208
1.018632
1.008325
1.077137
1.012174
0.979792
1.000090
1.005885
0.916412
1.135517
1.025994
1.010500
1.030758
1.035471
0.992972
0.968438
1.029973
1.019286
0.959505
1.070952
1.014668
1.036491
1.069596
1.001094
1.015848
1.040501
0.963757
1.002703
1.006277
0.952197
1.115882
0.929635
0.935095
1.065711
1.035663
0.948702
1.030364
1.073393
0.998487
1.129941
0.913797
1.034691
1.058326
1.044567
0.989782
0.985478
1.022207
1.040788
1.030124
1.052003
0.949057
0.988611
0.952999
0.980694
1.050761
1.005399
1.130343
1.009670
1.002985
1.005309
0.968110
0.997108
1.056389
1.005699
0.960327
0.953746
0.977490
1.003693
1.059679
0.932976
0.984009
1.007215
0.908315
0.958320
0.966006
0.960202
1.009594
0.991972
0.972236
1.021398
1.086154
1.081963
0.903861
1.028854
0.991099
1.007758
0.980086
1.005879
1.007570
0.971052
0.955182
0.977565
1.011713
1.029950
1.042668
0.975290
1.014192
1.048125
1.058280
0.997058
0.988953
1.009556
0.942515
0.990320
1.037229
1.032097
0.986487
1.010886
0.958767
1.035175
0.996109
0.986202
0.981914
0.996855
0.977606
1.032907
0.980236
1.079648
1.073261
0.955423
1.003485
0.967467
0.983668
1.100121
0.984621
1.018011
1.027066
0.949969
0.957245
0.939699
0.955701
0.857498
1.027229
1.102710
1.007391
0.929187
0.967861
0.977056
0.949121
1.043009
1.040513
0.942227
1.036254
1.076341
1.095128
1.143261
0.954900
1.141211
0.982290
0.970377
1.016354
0.970897
1.019952
0.933996
0.988062
1.064279
0.997147
1.007080
1.023763
1.058533
0.917239
1.029226
0.986593
1.008332
1.052997
0.940291
0.949368
0.903229
0.972542
1.066522
0.993971
0.932994
0.975716
0.925607
0.943741
1.019441
0.941306
1.055632
0.996444
1.004280
0.986081
1.038642
1.039158
1.016753
1.028239
0.989395
1.027110
0.983106
1.000112
0.986268
0.977139
0.965544
1.023384
1.065530
1.058555
0.937172
1.064460
0.984092
1.030037
0.954689
1.007099
1.015686
0.925770
1.030413
1.067297
0.991268
1.068008
0.990515
1.042479
0.889072
1.120939
1.074773
0.985769
0.901396
1.014401
0.927804
1.022243
1.020578
0.952930
1.056048
1.040279
1.048791
1.000443
0.929224
1.048894
0.986481
0.930511
1.067602
1.104970
0.997938
1.107956
1.004566
0.980977
0.968477
1.081854
0.960993
1.036763
0.972042
0.976985
1.051512
0.980998
0.979760
1.056640
1.079870
1.032235
0.967261
0.974470
1.003996
1.016047
0.950607
1.036152
1.004276
0.914215
0.953554
0.974794
0.996357
1.094464
1.011909
0.957961
1.011032
0.982396
1.016238
1.029028
1.060462
0.998786
1.081948
1.045401
0.964628
1.110493
1.016350
0.958244
1.082646
1.103889
0.998349
0.974818
0.991381
1.035737
1.063893
1.028524
1.005086
1.074901
0.984358
1.051546
0.985597
1.021551
0.994322
0.997207
0.981131
1.067243
0.963354
0.962988
1.106050
1.048892
0.880744
0.971737
0.909401
0.952465
0.843074
0.993151
0.942903
1.002995
0.918744
1.004146
0.979254
1.075098
1.070568
1.039267
0.983669
1.099269
0.922348
0.929822
0.995811
1.112702
0.989883
0.990838
0.927904
1.047297
1.047659
1.039454
0.968539
0.964665
0.935344
1.004194
0.945980
0.941129
0.978815
0.975542
0.973101
1.023322
1.003952
0.985592
1.009151
0.950424
1.005264
1.007530
0.924848
1.049785
0.955928
1.004516
1.058221
1.046284
1.001717
0.981875
1.047376
1.033735
0.969082
0.960255
0.896382
1.007702
0.995865
1.056810
1.017953
1.066711
0.965132
1.056908
0.973554
1.038880
0.927062
1.011757
0.900766
0.986643
1.022018
0.973952
0.947478
1.042306
0.994827
0.975521
1.002095
1.131833
1.057675
1.058129
1.021777
1.008324
0.880196
0.966051
0.975971
0.906255
0.942129
0.900958
0.998084
1.040938
1.055339
1.020739
0.951830
0.903397
0.912157
0.936551
0.955557
0.992013
0.949292
1.016949
0.988386
1.000527
1.057013
0.940988
1.020935
0.999301
0.983326
1.044263
1.043951
0.952675
0.990892
1.014061
0.986350
1.029251
1.014060
1.091628
0.923486
0.993878
0.954575
1.030205
0.919141
1.017316
0.968498
0.963292
0.927675
0.976746
1.054225
0.998741
1.031384
1.083232
1.013188
0.972060
1.023363
0.972785
0.974779
0.924005
1.046313
0.980700
1.009105
0.948202
1.021797
0.961903
0.992915
1.043891
1.039538
0.998899
0.911593
1.149641
1.087293
1.036134
0.962340
0.994320
0.972829
1.063193
1.013125
0.960792
0.976462
1.056059
1.080005
1.076417
1.037852
0.987369
0.837924
1.014858
0.999909
1.006999
1.002695
0.933687
1.027870
1.031611
1.034117
1.047329
1.030203
0.979499
0.996458
1.004556
1.005385
1.049911
1.032183
1.103867
1.110323
1.003982
