3.413092
9.666150
5.941594
8.011556
2.645910
2.100529
7.839170
6.858725
6.809779
5.526346
5.635783
7.356975
2.700025
3.527685
8.716368
3.088652
5.463096
7.026395
9.999249
4.352913
4.280929
8.425884
8.055031
7.310759
4.632297
3.239391
6.087305
8.762233
8.837774
1.084983
4.283503
4.647220
9.776154
6.779980
4.072464
0.260579
5.653852
0.960760
8.344500
7.525187
4.605092
4.292108
8.973390
2.884583
2.490200
9.391974
8.092459
8.206256
1.951938
1.432960
0.260296
2.370415
7.741905
2.400384
7.291033
2.519083
3.952925
9.831623
2.448117
3.763706
3.010872
1.096250
4.898942
3.786907
6.948871
8.175945
5.442497
0.321964
6.189224
0.553907
6.163563
6.850299
1.977676
8.193461
9.110851
8.130870
3.051092
5.866430
9.148151
3.206647
8.200278
0.094751
0.036467
7.597116
7.614476
7.889772
9.300268
1.179063
2.319850
9.037250
1.772362
6.822293
5.304630
0.831937
2.852637
5.203722
8.523501
7.075385
6.218832
4.960329
2.986840
1.192449
4.090760
0.285185
2.110559
4.324834
4.186052
0.442954
5.890602
5.496842
0.781043
9.431630
0.993828
8.548342
0.003097
8.822811
0.197197
7.578120
3.616908
7.382168
4.017452
0.709079
7.675067
0.712527
9.221205
0.509740
4.793253
7.230344
3.932465
2.172335
7.590909
7.842947
9.226950
3.761651
5.062517
3.631284
2.570818
7.510330
3.396518
4.281495
4.036736
7.126612
9.177957
6.667561
4.715826
7.792051
6.409713
0.606104
0.956636
0.379169
4.568163
8.258534
3.130832
3.841602
9.094771
8.369035
6.650481
2.668038
1.170415
0.160588
1.070107
2.925964
5.517900
0.640001
1.362278
1.810807
6.319821
6.157898
5.507657
2.505014
3.711197
0.966897
2.264606
8.977053
9.796918
6.476596
9.168233
6.427419
0.331965
9.967626
0.989523
6.826418
2.528362
3.919811
6.459342
4.364873
2.505461
3.344462
3.415481
9.593239
7.986130
4.585488
1.998209
8.110161
1.571825
2.104622
3.660134
8.803482
1.317867
1.222342
4.939750
2.764105
5.687279
4.516367
4.349591
1.119730
1.410497
8.210786
8.858828
2.346835
1.134605
0.534167
6.082976
7.153532
3.728100
6.796759
7.129588
9.353423
0.648736
1.922917
0.685260
8.679939
7.925871
5.746421
0.836634
2.733124
2.977198
5.607432
2.580439
0.729599
7.307623
2.990802
4.523742
1.276666
8.025483
5.655319
9.015856
4.954716
9.414257
8.918682
5.764598
9.338934
3.230887
3.656422
0.454780
5.892009
7.219240
7.735192
1.498163
4.441591
1.768632
6.621274
1.579464
9.041636
2.306346
2.914023
8.509063
4.584676
0.239959
4.945862
0.845433
9.853447
5.881116
2.565326
5.637177
0.768671
7.998913
9.253281
8.744444
3.417576
3.257681
0.350876
6.514004
5.349048
4.593464
9.076309
1.678789
0.096663
0.733165
2.233714
0.332855
5.028437
3.140905
1.804830
7.500841
2.044513
6.876051
3.492649
5.118278
9.338671
0.373516
5.002645
8.544230
5.879743
2.768705
3.976811
6.802656
8.908119
0.410664
0.715388
3.250515
2.327797
2.649309
2.212700
1.958251
1.306240
9.339541
1.441895
2.044038
2.462657
9.330149
7.557141
7.896994
1.047583
8.363099
4.081931
2.628230
5.757501
8.221829
7.786521
8.899975
9.281322
2.381221
4.238579
0.146285
8.793217
1.545722
8.614748
3.293873
3.681336
0.391323
3.268788
8.883636
0.255474
4.063275
0.313996
3.709234
1.726406
2.522184
8.775984
4.360492
2.737980
5.893384
1.421070
2.593916
5.462480
2.375230
6.791277
4.914913
7.719891
9.482446
1.158049
3.346650
3.195491
1.511829
8.103031
7.598787
4.844254
5.377708
0.595441
5.555074
7.913415
5.738276
2.653064
6.675483
3.614884
5.448733
4.875654
3.811750
7.188780
8.838761
0.052125
9.336165
5.115151
7.007319
8.556246
4.671037
8.349741
1.776198
1.591675
6.574714
8.701430
8.924262
6.437405
5.254892
3.313931
9.800004
3.196957
7.441861
5.319818
6.085124
3.934805
9.648232
5.716823
9.377876
0.075914
5.726706
7.171869
7.450802
9.049768
0.044016
0.003302
4.722635
0.292937
9.745325
2.220652
4.726647
0.611376
5.220484
3.799561
0.446600
3.351243
3.914360
9.899215
2.078859
5.447796
9.873156
7.920192
9.933675
9.682983
4.895395
6.963758
1.104431
4.411488
8.090185
5.053353
7.026990
7.457513
2.534691
8.756993
4.598224
2.101851
8.654159
4.178188
7.503124
5.480331
3.818717
8.098764
5.844699
3.905621
1.095979
8.954453
0.354696
8.631873
3.599615
6.393388
9.221997
1.517066
5.669505
7.644329
7.575838
5.256319
6.247395
7.575270
8.410276
7.618131
3.540049
9.967264
4.345027
0.244647
3.626169
1.277830
1.214426
2.815350
0.533755
6.885122
0.739889
2.032896
0.928997
0.631677
2.677517
5.718990
9.646855
8.755567
8.759339
1.760670
2.649072
0.763933
7.784683
0.698163
5.566957
2.478756
2.434456
9.907250
7.567798
8.369393
5.719827
8.710143
6.454906
9.461737
2.813386
5.953196
6.901313
3.929373
8.797080
9.798032
4.937695
3.906407
4.719379
8.527368
6.454684
0.447724
5.421699
0.173001
7.785354
3.283123
4.720075
7.986781
0.464488
1.585415
3.979604
2.299252
3.379014
9.981748
8.254145
8.839018
9.370546
3.409359
2.970770
2.340625
8.301169
6.795518
2.361720
3.769938
5.067118
5.281401
8.887278
3.805661
9.085240
4.413676
7.463727
9.302544
9.075757
0.569529
2.057043
4.769054
4.315543
6.408916
9.447090
1.124047
4.518587
1.924110
8.941076
9.645802
4.787017
1.040103
7.852947
6.971414
3.546708
8.874075
9.758319
5.578538
5.657279
2.975135
5.845060
4.396423
3.021910
0.671852
2.527079
1.978547
5.420420
6.016700
6.085717
3.881810
4.212297
8.342384
4.762328
9.877733
4.396173
6.495810
0.503630
6.533399
8.514264
9.424579
9.973207
2.821786
5.753701
4.507180
5.638175
1.574530
8.561496
9.095690
4.496617
2.804299
1.408334
6.837648
3.122319
9.095386
6.710125
6.456853
5.594021
0.457763
9.319224
6.279375
9.940619
5.373564
7.101109
0.562096
6.317362
7.646496
7.785143
7.701117
2.262826
9.753984
9.951821
0.755959
9.364464
2.894492
6.892841
3.381109
9.677544
1.015039
4.977468
4.280478
3.260235
6.455340
1.310557
7.166624
9.805922
8.045588
8.600167
3.596367
3.248866
5.170484
0.457266
9.453582
1.437852
9.030130
0.835822
8.226250
1.519625
0.381316
7.194894
2.802653
7.144961
5.550852
1.088074
9.321301
4.523142
7.344473
5.010206
6.043615
3.027736
2.003603
5.425702
4.402190
3.901132
6.725672
6.905066
0.459201
3.387445
4.117646
0.968922
2.359009
0.516418
9.962421
7.365572
0.874502
0.202494
7.192878
4.391922
7.867967
9.234760
5.993004
1.871084
7.821940
9.558118
5.802313
6.819974
3.374747
3.815277
7.346545
9.277711
6.289884
7.898479
1.716350
2.119591
5.320347
1.765542
6.349951
2.916532
7.915326
8.081103
4.637875
1.808106
6.467750
9.927870
6.225909
0.357747
0.172940
3.203620
1.957838
8.130512
8.448056
2.586188
3.256448
2.362470
9.083825
5.026494
6.561370
4.154821
6.310142
3.858554
3.396784
6.344801
5.910621
2.935280
1.493484
3.685767
4.151977
6.286843
9.145288
0.361848
2.436610
1.937159
5.022944
4.297008
7.290376
2.424159
5.944983
8.838573
9.106777
9.587846
7.732612
9.059879
2.345309
1.975809
0.064881
7.068444
9.374672
1.869353
6.369436
7.464598
9.276142
6.468602
9.702937
3.446731
3.499285
5.430125
3.835019
0.014257
7.317720
7.517170
7.469746
3.450207
5.222895
3.599735
0.160364
5.624489
1.237607
0.800413
7.554991
0.095062
9.590084
5.152554
9.830164
0.579976
5.835296
3.493270
8.434825
3.612227
2.604876
8.575531
3.746531
0.168333
3.902891
6.545223
2.543595
4.319876
0.567151
5.880928
7.562949
4.133126
4.202326
0.882825
2.019409
1.546753
4.816878
5.292555
9.489401
0.732315
5.998680
5.264985
5.162331
8.731593
2.055385
0.407733
6.722715
3.451575
0.175899
2.513740
3.093268
6.168384
1.725858
4.130544
4.824754
4.592374
9.739408
0.455042
9.509682
5.819372
7.957277
4.303926
4.538379
8.793265
8.959345
2.386889
1.992419
4.962352
9.002770
3.223551
6.520146
7.081517
7.786747
5.639245
4.024552
9.670160
6.113307
7.285652
3.449828
6.699492
2.577977
2.450969
7.147222
5.213947
6.832766
2.694385
5.987234
4.439336
5.969603
2.908797
7.154510
8.059294
2.599165
3.006206
6.611543
6.955852
7.040997
6.826985
3.928077
3.948537
2.548176
1.568337
6.925774
0.931888
9.377923
8.266863
8.575057
9.066689
4.086050
8.467008
1.580613
0.216418
7.848914
0.747966
9.885246
6.747964
7.534497
2.458039
6.738654
0.432199
8.378257
1.696241
6.973581
2.244805
0.684532
4.814937
1.692862
7.294440
2.375659
3.424726
5.674393
2.849683
3.779881
8.156218
1.792099
0.822016
3.283578
4.243768
5.426593
3.724237
7.899117
0.393195
4.317676
3.822559
6.475785
9.662763
5.103754
9.868769
3.022494
0.308681
1.656632
3.951249
3.163339
0.970541
4.326601
3.381158
1.226192
2.961171
8.864361
3.020489
7.139554
6.120471
4.271811
2.390256
3.690147
5.921072
3.507532
2.148964
1.164627
8.797669
4.403130
6.252083
4.904104
8.725665
5.469348
4.807814
9.246010
7.196896
1.115499
1.777045
7.871229
8.358513
5.451908
5.544552
6.319330
4.391158
6.801991
1.084813
9.612792
7.501548
6.311742
3.163221
1.609555
4.093430
6.615767
6.337098
3.826411
6.132864
8.137483
0.262848
4.506210
7.585552
5.461445
6.514761
5.166764
9.918745
0.546215
4.910448
0.914165
1.597856
3.830384
1.555401
9.636871
9.467897
3.361096
6.397477
5.337533
8.155869
6.274456
0.002525
7.631744
7.468481
5.097227
9.029190
9.084462
5.239117
6.079882
9.965220
2.988202
3.246172
1.827739
8.958670
7.444884
1.056428
9.817674
7.309617
8.505221
0.481508
5.049609
6.985983
5.429466
6.666475
8.178741
3.743371
8.486687
1.629161
2.708861
0.433456
3.644268
3.799095
8.052706
6.531307
4.367226
6.521140
0.527834
1.802715
6.269478
6.413668
7.741346
4.029998
7.225541
6.839803
9.633934
2.151302
5.516796
6.017644
9.986479
2.011842
5.232180
3.461853
5.258930
2.321286
0.476124
5.725655
3.358543
1.819414
3.239356
0.492802
9.504422
5.811479
8.147687
4.231182
9.033147
4.833182
5.739453
4.917940
7.332783
5.666561
2.715989
1.455395
6.061244
4.891799
0.959757
3.956175
5.147764
8.268932
0.761011
3.484953
8.226562
6.484239
2.899583
8.453351
4.932936
4.983519
9.765873
9.471165
3.585327
1.405791
3.256667
0.304833
0.207679
3.955221
9.410198
8.713573
5.114429
5.652264
0.059335
2.155012
0.247741
7.545395
1.456458
8.690471
6.433243
2.294187
1.577203
6.276247
9.008369
7.183602
3.485466
5.873836
3.107617
9.991496
7.488392
6.143816
4.232592
6.181523
3.416161
0.288648
3.950885
9.304809
6.263011
0.839557
8.849936
2.688749
2.437695
2.970910
5.772022
5.446881
4.914137
7.175369
3.165377
7.820645
1.753217
7.826208
6.638101
6.832083
4.815534
6.670015
0.797970
8.515512
0.555472
1.487415
5.767897
7.394114
0.762516
9.207648
9.736076
6.059502
4.812435
7.413949
3.283574
4.932644
9.161510
9.556554
9.270691
2.624481
2.324690
2.976645
4.413111
3.141674
3.742128
6.206369
7.625257
7.355582
8.144236
0.321844
0.477338
7.893830
5.330788
5.781407
0.525869
2.553138
6.383543
8.591819
9.169834
5.004195
5.454742
8.330496
5.376246
5.168585
9.050840
7.899327
9.090725
2.182471
5.243755
8.424722
1.111478
7.946621
1.829734
8.081187
6.120009
1.932360
4.733542
6.819052
6.338529
4.272472
8.993666
5.192634
5.058673
0.622506
9.221204
1.771166
5.283447
8.035676
2.154533
5.273733
2.406849
7.596950
5.643412
8.559758
8.945580
6.487335
7.253912
5.492201
3.844287
6.481179
9.082887
4.166804
3.144100
3.884369
4.353976
0.735610
4.984418
4.943142
5.884439
3.628200
6.131076
8.782163
9.554709
5.836122
0.425910
9.692360
7.058620
3.359637
1.471577
1.434186
1.677444
0.455725
9.021542
5.407682
6.999594
8.281085
7.915410
8.826056
9.672546
4.390706
9.503355
7.232900
0.706682
6.817831
6.867167
9.058605
3.729321
5.849115
0.121876
3.320752
0.622437
5.218729
8.174477
2.064427
5.274410
2.040086
1.206885
5.109968
0.791486
5.873546
0.313375
1.067150
5.499975
5.914074
0.289869
5.733768
8.385025
7.223162
1.311851
5.924747
6.722525
0.372312
8.553476
9.062674
8.504522
8.246315
7.449652
6.334321
6.786270
8.063953
6.624985
3.277270
3.759611
8.970574
0.171221
6.988206
9.547775
7.062282
9.939120
6.875449
0.343630
8.270099
2.846299
4.460572
3.120919
2.685541
4.314057
3.787514
6.333386
8.131512
2.970886
2.137212
6.668953
6.703201
9.011312
0.159457
8.530407
5.210021
6.213021
0.913714
4.326149
2.273024
2.542250
5.040951
8.124559
7.437809
5.909999
5.394182
4.273060
9.727099
5.601925
2.539664
2.300908
6.113530
5.228275
0.076978
8.300653
7.041224
6.618293
0.687807
3.620559
9.353823
8.625893
2.855429
1.570589
4.490880
3.558304
6.822264
9.664348
3.630014
0.622242
8.976140
0.379497
9.527659
6.645794
9.416892
1.996597
0.406998
4.882100
4.506234
3.314923
9.576565
8.225838
6.615820
1.628583
7.343234
7.270124
4.250682
9.247859
1.669779
2.673376
0.632243
7.954510
6.217594
3.149403
1.638137
0.401478
1.667456
4.532846
2.471770
2.589822
8.755764
5.151377
7.292520
0.357109
3.651634
4.791694
1.864169
1.201915
8.703038
9.394317
0.788067
3.490187
9.582856
0.831617
6.436414
9.722214
9.782237
4.712234
1.627491
2.020843
8.896014
9.116830
6.078796
7.661764
7.399312
6.618216
8.272770
6.854066
5.340023
2.369564
7.438881
4.734379
2.947917
8.019463
6.967136
9.373396
1.654416
6.491893
2.442395
9.035830
0.994994
6.561618
7.910857
3.549178
9.541381
8.507307
2.946183
0.075411
2.966572
2.813105
8.899646
9.671212
0.704400
4.712948
5.483320
0.929117
3.774977
3.170824
5.360564
6.611909
7.034851
1.367550
8.129477
6.785420
8.890749
4.493361
8.938898
8.657742
4.384093
3.811433
9.328120
7.151648
9.282454
7.969748
6.092974
1.158528
2.914807
9.688424
3.194221
0.932549
7.075533
7.340043
2.854577
2.976720
4.688930
0.217890
7.893230
3.170888
8.537631
8.026304
6.614020
3.248749
5.163166
4.448293
3.388819
8.481363
4.835071
8.327231
1.052185
1.410248
9.773203
5.877685
5.097697
5.231561
2.152688
7.187039
0.847806
5.733237
5.707688
9.141884
5.261828
1.370627
5.727532
0.913276
2.037938
0.311086
5.132936
0.845326
4.693944
9.329451
7.197614
0.774117
2.242098
6.736624
8.947019
0.329186
8.124512
5.618139
5.460913
9.578132
7.476446
8.501188
3.539956
5.543641
6.154057
3.215839
5.702481
2.366554
1.433757
3.739703
7.392896
9.161872
4.577140
6.428237
1.030371
9.044638
5.686042
7.803382
7.944412
2.564805
5.291745
9.604797
0.896345
6.830499
9.622641
3.005771
8.614479
9.336576
7.470862
2.313283
3.340007
0.358093
8.314532
8.496112
6.327103
3.525279
0.768110
7.530576
7.265262
9.126025
7.305320
8.286949
7.459546
6.306872
4.269664
9.021173
6.509686
3.983553
0.834693
2.907048
5.437267
2.756354
2.212353
5.273935
1.698203
8.004101
4.843681
5.738628
1.473833
3.245763
4.100897
8.082129
7.701595
2.229775
6.161791
2.434564
9.882471
9.521238
5.632647
6.989026
8.014304
7.209984
6.998287
9.585540
5.964561
6.363027
8.492687
6.698909
7.329326
2.341687
3.712669
1.473013
5.057654
4.557274
9.971628
6.112086
7.864448
3.340147
8.315454
6.150850
6.969923
2.944308
5.486384
6.340370
5.890947
9.151937
8.982727
9.709841
6.674280
9.719141
8.324780
2.708321
4.274357
2.383924
0.041972
1.880488
0.040606
7.198385
4.255343
3.125747
7.617209
8.324868
9.752995
6.420136
4.615290
3.052643
2.223182
2.129260
4.091894
9.917864
0.008537
1.972059
1.883930
7.171195
3.524847
4.572608
1.486241
4.049971
1.031998
5.330433
0.979384
7.905084
5.666017
7.239679
4.185164
3.814913
0.982089
5.238556
5.145021
4.681020
7.405184
8.325044
7.507897
1.438657
6.220595
0.803231
6.946223
3.818391
1.324990
8.620508
6.140083
3.547250
0.307272
5.373103
9.232259
5.963799
9.716506
1.364511
5.683051
7.981250
5.255407
0.910664
5.828860
6.117379
7.287093
7.612115
7.707727
6.634444
2.158112
4.042357
7.761300
9.534270
0.789470
5.355367
3.125223
2.253939
5.058107
6.060894
0.097722
7.802066
8.198821
9.655108
1.806437
5.945526
4.266254
3.348279
5.656334
7.823831
0.230528
9.694001
8.098816
7.511537
7.603874
3.890607
7.516205
3.867702
8.987068
1.772224
2.923474
5.513375
3.192110
4.242373
4.924227
8.563534
5.231923
3.624599
2.477362
4.086760
5.157361
7.461149
1.210488
2.216092
3.796540
3.603984
3.917481
7.935213
3.241544
5.018982
6.239070
2.321785
7.186954
5.471113
4.467812
8.097840
2.434952
8.831759
5.610487
6.091749
8.750589
8.175827
6.015621
7.531877
4.333195
5.473778
0.620701
0.898579
8.294254
0.596717
1.693991
7.958327
0.011460
2.824043
5.840386
5.954499
7.771529
5.059263
5.094018
7.253106
4.986245
6.084911
8.977740
4.014510
3.851251
0.035490
6.134263
0.297719
5.041485
8.042337
5.499211
2.696362
7.861684
2.697170
7.330318
6.102584
1.699963
9.051339
2.006437
9.895871
0.073105
2.634834
1.998603
0.139934
7.323679
6.934258
7.923510
2.566985
4.443352
6.591135
4.397685
6.973258
6.339734
1.146478
7.810431
7.206764
6.558344
1.550936
2.679965
3.931770
2.799296
2.278103
8.053576
6.382322
5.654721
2.259527
9.180765
1.911830
7.949509
9.666727
7.270927
9.928588
6.510511
2.174603
2.038195
3.245643
0.071300
6.816985
2.686678
8.151833
3.591727
4.799565
9.656889
2.421721
7.212541
7.551178
2.209982
5.009968
3.502019
7.719062
6.224833
4.759830
7.793633
2.351556
7.536219
8.653743
8.786216
7.836736
4.080142
9.818080
3.795936
6.386254
1.610742
9.804489
7.039859
7.533775
0.657767
7.634178
7.747234
6.717727
2.919096
4.896901
1.104344
4.715871
2.438239
3.490970
1.626004
2.300544
0.765686
9.199014
5.304107
3.967420
5.350292
6.282932
9.218788
1.786929
2.955525
9.757894
3.711930
0.225617
1.476435
0.263387
9.899231
2.788708
9.235428
9.958862
5.998412
0.331963
0.815916
4.815891
4.061720
6.061773
4.388478
9.340769
5.347397
6.937261
8.964852
1.468719
2.297347
1.073187
1.396384
5.125840
3.211793
4.231729
9.824899
1.567043
5.408121
0.988712
3.184963
5.275259
9.466317
3.912282
0.649067
3.881614
1.457412
2.299896
6.180906
0.674239
4.647238
6.094616
4.218584
0.191264
9.855193
3.671158
7.785772
3.256465
4.750167
3.884636
3.425392
0.218514
3.600209
8.894900
6.903934
1.454229
5.911550
8.922309
7.000340
1.486844
8.678325
3.015440
4.540761
5.261427
8.505066
9.316075
9.296529
0.079542
9.218884
0.543870
2.657737
5.149879
4.799257
6.047098
4.794462
9.343757
2.405488
2.740247
9.207379
0.767395
6.095608
6.817359
5.055417
6.942319
1.727546
8.526322
1.400257
4.008124
0.752576
5.452111
6.697458
9.412216
7.393362
5.411029
9.326170
4.784369
5.612057
5.960985
4.099797
8.384827
1.851759
5.548422
7.222332
9.039762
8.839184
5.087403
6.431614
3.942377
4.681777
9.062658
9.307040
8.954141
1.383709
8.500840
9.483637
3.612497
5.186463
7.790953
5.620781
9.934835
4.557134
7.139427
7.925911
4.941004
8.569839
5.461546
4.116508
1.078237
3.934136
7.339365
9.212864
2.516794
3.552355
1.539610
6.907229
9.601884
6.409522
6.170765
5.534899
0.884557
7.295038
6.020495
6.614768
8.988111
7.839608
7.809153
9.271837
9.899349
5.812827
1.088816
4.591299
7.876011
0.277253
0.568874
0.671578
7.310358
5.011666
3.688979
1.056170
7.322402
3.210198
2.653241
6.523192
5.590109
3.624106
6.414875
2.712215
7.948303
2.293190
1.588377
7.824394
7.078920
1.826390
1.162458
8.383991
7.765985
3.272574
6.581974
1.241602
5.070477
0.187303
3.916019
0.748428
4.751472
4.216816
4.443850
0.453313
3.616163
7.564838
3.689144
7.151720
3.694787
4.232394
5.638921
9.506820
1.088604
0.329138
6.079572
9.490971
9.897231
4.841642
4.680816
6.449638
5.556347
6.340880
8.739994
7.463062
4.968774
4.618645
6.396018
4.557063
4.577794
0.163059
1.740641
4.885137
8.226535
2.787270
5.226434
3.449621
1.048040
9.582985
8.546739
0.784924
7.197873
3.475799
9.948498
3.023985
2.387384
5.678905
8.351262
1.925189
7.094028
0.614066
9.189347
0.810749
9.142314
4.908072
4.480911
9.733070
9.903842
6.501781
1.271193
5.061701
5.291631
5.144464
5.694918
0.187247
7.112273
7.123943
1.154698
5.702394
5.683612
6.824504
0.853977
6.265033
2.807519
5.070030
7.733235
7.056459
1.189030
5.911848
9.691165
1.567694
8.529071
7.025481
7.740033
2.819583
2.878889
9.060195
3.598320
0.630154
6.005967
1.248177
7.965962
6.417464
8.747265
7.848372
1.121136
3.810707
7.745603
4.173415
9.723655
7.357405
0.154999
8.799857
1.008048
1.405237
7.344924
8.649686
5.363496
2.890497
3.513155
3.428893
3.266781
2.429097
6.088671
9.004053
3.070824
1.866943
8.385777
7.417833
9.308371
1.655197
1.442513
5.414294
6.144337
4.801734
5.989666
1.803798
4.796137
6.580925
4.327065
6.794473
4.511913
3.335996
3.036051
4.109021
0.230896
6.685251
8.451056
3.546271
0.460331
9.867756
2.636982
1.266211
3.697525
7.385571
2.939166
5.747032
4.155600
1.177640
3.302870
7.248705
6.120039
1.197784
1.633224
6.407333
8.134154
3.494745
5.953107
1.706436
3.113763
0.202702
7.682759
4.010098
8.161256
7.083730
8.287442
2.856587
1.851087
9.719057
7.173278
8.340423
0.131334
3.544616
7.428167
0.779828
5.673399
4.290728
0.176165
2.359756
2.847920
1.118599
6.315369
2.423979
2.776195
8.982386
4.671231
3.921282
7.238710
9.096138
0.250363
4.482388
6.107813
3.185631
7.724077
9.714770
9.434274
2.659825
2.263383
9.574905
4.586285
2.082977
7.069970
2.844203
2.672470
8.792490
1.624792
0.643929
2.691864
6.069454
1.230879
4.715947
6.273371
8.487370
2.298696
8.173463
2.349063
6.767665
4.306736
1.146812
7.142634
2.177626
1.766234
3.583229
6.532902
2.339965
1.836615
0.099536
4.716431
4.286456
2.338677
0.536522
4.292559
7.882051
7.152822
8.607949
0.095827
9.664193
3.414123
9.903978
2.526195
4.715364
3.539277
3.557607
8.422821
7.464190
9.921515
6.135147
4.632566
0.900739
9.965614
5.515306
7.004775
4.067424
5.477157
9.425777
1.664194
2.923726
1.520597
7.922159
0.620453
0.816316
2.984941
5.141882
4.062748
0.448163
9.574916
9.528695
2.793563
7.315256
5.785754
2.374767
2.621716
4.911532
4.192369
2.912293
8.075116
4.814629
6.548481
1.892735
5.335077
3.179760
5.264136
7.808259
7.689132
3.542207
6.942771
9.412900
6.256693
1.484101
6.797086
1.049044
8.721104
5.166605
3.851407
0.570066
3.807837
9.032066
0.209830
4.746481
9.311581
3.948410
4.281757
5.785601
4.629374
1.686017
0.185555
6.098116
9.208066
1.063641
2.109527
3.702295
8.087422
2.692603
8.820544
0.549579
9.409566
5.607471
6.587777
3.676895
7.819943
1.665663
0.489118
3.955169
8.536957
7.549268
5.171560
5.721377
1.298928
8.406816
7.869597
6.564704
4.661911
9.644592
8.790319
6.444305
3.718010
6.180223
5.754409
3.942420
3.066740
4.070108
5.739114
4.281348
2.635745
7.609633
5.314675
0.676752
3.683165
8.849134
7.552365
3.232468
9.381831
0.766029
9.612347
2.457051
0.090942
4.338080
3.589704
5.390890
7.967729
8.424308
4.012300
4.298458
1.481777
0.475476
6.412150
0.644376
7.338301
5.390902
1.985830
5.395229
1.829977
4.387372
7.995603
4.619193
1.486993
7.238287
1.867684
7.385499
4.793523
4.537417
8.514350
7.086035
0.329108
2.961743
8.709207
0.183262
5.452535
7.278257
6.218561
7.605322
7.256918
6.920307
8.215399
6.456907
4.024185
4.719091
7.167248
8.763061
2.722188
3.420768
9.307394
5.785118
1.789618
6.636951
9.907621
8.234535
7.457411
2.080467
8.761398
5.257888
8.892900
3.298278
0.620511
4.759760
2.698376
7.152293
9.571066
6.909741
8.869339
4.530240
7.716407
8.430434
7.108756
5.077773
6.258661
7.005070
2.530844
8.095793
9.503245
4.652393
7.010672
7.370259
6.622476
5.471151
8.816480
4.489267
0.611030
8.445563
6.739813
8.492586
1.385474
0.307529
9.343745
1.477283
8.096523
8.232100
7.087052
1.312622
6.673986
8.890866
4.255316
4.135169
4.428583
0.822719
8.920256
8.691829
9.979094
5.851831
7.511916
2.026719
6.675288
6.497328
9.012088
8.307927
9.384665
8.688334
8.686939
0.637233
8.459620
6.074784
3.804445
0.565146
6.776738
3.282017
4.677763
6.817285
9.117745
8.254369
4.505971
3.877831
2.397797
3.724267
1.110464
9.711055
5.739174
1.278058
3.528060
5.470391
5.328856
0.355034
9.508410
2.753757
0.161847
0.764440
5.801949
1.377855
0.417248
3.796265
6.227612
1.118398
3.133278
4.177607
1.594601
5.060739
0.852141
0.465185
5.198354
2.478970
0.953738
4.239126
9.151407
7.241924
8.156159
8.719140
9.726277
7.632466
6.084079
3.654259
1.816432
6.866599
9.949500
4.673587
7.236794
4.950924
4.319334
4.103056
5.046247
3.668957
7.487733
8.742721
8.828853
2.276987
8.959091
3.415512
3.093077
7.267560
3.046963
0.529664
3.736178
7.214656
3.269584
6.295590
6.601194
7.337360
8.971305
4.325645
1.664321
3.189257
4.321672
7.138915
0.131221
3.157854
7.798426
6.708577
7.317400
8.118108
7.832357
6.821832
4.396616
9.835983
5.690732
2.027692
2.928128
6.935625
9.247396
1.787201
0.823465
8.815310
9.152780
2.763793
3.772857
6.601880
3.299300
8.771587
1.075787
0.379822
2.084862
2.860878
1.129266
0.656904
7.556077
1.642766
9.139222
3.679997
6.706058
2.254021
2.403228
5.747092
5.606429
7.687292
7.578133
6.706878
4.491306
8.906404
6.225785
9.901985
8.193698
0.443098
3.205939
5.718757
7.214695
5.503365
7.861304
2.826556
1.839121
0.539167
5.733138
6.885995
3.261497
6.135842
0.521572
0.992933
7.017548
3.680697
6.713340
8.317211
8.526224
1.721676
4.862856
7.339267
7.739806
7.846760
2.281673
1.925348
5.900125
7.410858
3.191395
1.047052
7.167464
2.996978
1.663627
1.477235
3.149096
5.926781
3.584022
0.206619
0.969084
2.905032
6.597045
0.985151
5.606568
1.198859
2.116153
1.721885
0.672286
6.713298
4.634036
8.310534
0.988908
1.447329
3.064577
7.658660
3.057588
4.084187
3.016036
0.802243
9.394337
5.485390
7.878332
6.583571
5.142543
0.896783
6.427335
1.553704
4.143832
6.291131
7.822290
6.850452
6.715335
1.490422
3.461285
0.429123
7.194769
9.525860
2.641104
0.876967
4.755701
8.566982
5.519742
0.467772
9.742723
8.286499
1.315941
9.217978
4.506883
3.718980
4.610533
8.345719
6.594797
0.592485
9.576044
1.477841
7.455679
6.361365
1.875280
1.707321
8.703276
4.196949
6.545765
5.040710
7.273535
4.792424
2.873799
3.633834
8.590777
4.680347
2.134493
9.346054
7.966004
0.556661
9.989429
6.949267
1.602666
2.371677
6.924455
7.797611
2.390359
2.569689
3.071207
5.980184
1.718162
1.042432
6.788641
7.790979
5.009294
3.638327
4.320427
3.884078
9.599849
7.680899
2.080872
3.841892
5.440123
6.129858
4.681839
8.101266
7.676060
5.051579
8.544293
7.510895
7.785819
9.564008
2.664670
2.676482
8.889523
7.722264
9.265455
0.631302
6.277571
1.446283
5.038972
1.557469
1.280785
0.121683
6.302388
3.590226
1.051883
3.228378
1.689441
9.416948
3.200049
3.339535
8.398580
6.477558
7.101716
6.360018
9.461963
2.070008
9.890392
8.309562
5.889726
6.623716
6.488259
0.583962
2.180165
9.614709
5.343644
3.783536
7.620385
5.245189
0.131628
7.362376
7.322176
1.651487
9.566601
2.239081
4.577494
1.147360
6.032823
3.754511
3.531735
8.269769
0.095617
7.979468
5.714486
9.860985
5.894432
0.553791
0.506453
8.831530
8.412142
3.458901
6.180325
4.895914
9.671640
9.499609
9.838390
8.664488
9.095516
2.172788
8.310068
7.088571
9.627865
5.712618
0.851672
5.973989
6.865809
2.203210
3.941134
5.985034
3.741057
3.749477
1.330866
9.407467
7.504944
0.012434
7.656133
7.397950
0.097310
3.696043
6.067477
4.527506
7.779861
4.254583
1.538630
9.764156
2.420400
7.176923
1.431563
3.290126
4.420276
1.922320
4.499596
1.571628
5.590065
6.637133
0.624343
8.711321
1.851409
2.253624
6.613498
4.687510
4.993956
1.281550
8.057358
6.170542
1.353820
3.739994
8.104099
5.683550
1.086488
3.727771
2.426944
5.174655
8.433611
4.362671
4.333420
9.053509
5.761854
5.661911
2.619099
6.077228
5.759105
3.968515
9.906956
8.818910
7.495863
5.373456
4.620598
1.848974
3.057375
7.739608
4.537489
8.822695
1.479111
5.083471
6.469657
5.168485
8.892269
9.895633
1.158347
1.299549
1.303241
6.811771
3.726761
7.333147
4.054715
6.276067
7.698580
5.482159
5.395036
0.882343
4.107818
5.457771
4.619808
9.007820
9.065307
8.219173
3.752981
7.172992
3.952885
2.325936
3.429026
0.709646
3.317775
4.607422
9.554809
3.134106
9.024535
2.288583
1.909689
5.189955
6.725114
0.443323
2.210659
4.556837
3.310043
7.126211
5.111606
1.603591
8.944654
2.929057
7.311311
7.799158
9.631577
4.985075
6.158355
3.348763
6.781793
4.633835
4.376523
8.554675
0.501688
8.819624
8.520699
5.063663
4.902029
3.618074
9.941738
1.111693
5.902153
6.816816
9.343300
7.802035
6.438472
1.168123
3.737335
1.388416
8.812127
7.496212
7.575368
6.522565
5.070436
1.499711
3.296949
1.369158
7.249131
1.602288
7.021135
6.922554
4.593045
1.352287
3.148008
3.200931
7.003851
1.137430
8.290687
7.610073
1.863069
7.191644
6.685132
7.481208
1.889286
1.575903
2.364840
3.658717
7.936650
7.379240
9.254516
0.586296
0.115563
6.991388
2.792875
3.340789
5.468020
1.024131
6.426944
3.251474
6.327151
8.340069
1.711113
9.308731
5.306881
9.229278
2.077301
6.045627
4.038871
7.742222
6.059090
4.945155
9.129854
3.771171
2.199802
6.081012
6.240284
4.390946
4.866100
9.595534
7.326857
1.106017
2.121301
9.755766
7.264656
9.150452
3.038615
7.418669
7.140027
2.946900
5.508163
6.274151
4.811318
8.271787
8.328691
8.506005
8.034236
4.880835
3.814383
8.313763
4.902015
2.463714
5.073435
1.418498
6.916295
3.359213
2.606588
9.565087
7.768810
7.870695
6.237220
8.391728
7.591625
5.987737
9.611244
1.915949
9.433797
4.014381
5.283990
1.227393
5.401074
6.112068
9.977015
9.751925
9.663973
3.483881
9.912665
4.554781
8.518363
2.163200
5.058332
9.660121
9.470314
6.837349
7.978143
1.764267
7.216586
6.180508
0.915517
1.131590
1.084436
7.243569
1.417152
4.677323
3.569818
5.505042
7.064765
6.847225
5.155199
4.643349
3.978156
8.619100
3.308518
2.593658
7.433155
3.597635
8.469986
3.278887
7.019448
0.451090
3.855629
3.432302
8.166787
9.670554
4.608813
8.248363
6.996947
9.673860
8.111085
0.774781
7.132817
5.354997
0.164361
2.513129
9.217552
9.260613
7.988504
9.817796
8.065453
0.102042
2.878343
0.306242
0.941080
2.188408
5.035585
8.475320
8.619668
6.162019
9.281759
5.000623
8.890361
4.540653
2.772250
9.164129
3.879351
5.034041
3.288606
6.628376
9.950313
0.255135
8.998480
0.039261
3.642279
1.686068
7.573418
0.506108
5.534850
2.949261
1.336702
7.718182
2.174168
2.236752
2.750768
5.867668
6.596659
0.176025
2.418696
4.309709
3.319770
8.841706
7.877087
6.258902
3.380424
7.006723
8.436380
5.948304
7.844615
7.491050
5.717373
3.121832
7.457821
2.067964
7.794883
8.045467
8.221449
4.729160
1.924808
0.997236
7.433612
8.862614
6.508384
1.441601
9.348965
9.891020
4.333786
5.948253
7.772285
7.363898
9.677872
1.148831
5.807249
6.919314
8.900984
8.741096
9.779998
5.120785
8.307609
4.272817
4.223139
2.533484
8.182373
9.858151
2.563417
0.561316
8.155424
6.202301
9.596988
2.522392
0.710277
4.924423
0.854660
2.617900
1.259779
2.241322
1.061447
9.539060
2.785627
4.438976
8.986118
6.773216
6.180375
7.055632
8.288222
8.776692
6.426397
8.900073
5.353975
2.772908
8.800767
5.414728
9.061376
0.401678
3.975157
9.478050
2.496501
9.415362
9.539024
8.821424
5.636681
6.469395
8.696170
7.758971
6.300939
9.822594
6.856766
9.754820
0.573885
1.389604
4.514588
3.848795
7.827348
1.606140
9.760952
3.150659
4.289237
2.747450
5.793636
0.586287
1.496775
7.457977
1.865006
2.355145
7.929822
0.933012
4.374738
0.230634
3.468074
6.989814
0.901033
8.883347
9.094991
1.049904
9.907325
2.975296
0.841017
0.050671
4.085229
6.298100
3.321793
8.367173
7.166063
3.501615
7.343097
9.404878
0.930960
3.061040
4.633259
4.979901
5.421957
3.006269
6.672596
6.450845
5.778215
1.137617
4.769679
3.562269
4.910385
9.218664
4.805314
0.139808
4.388367
8.206482
7.800609
5.133901
2.497690
4.650887
5.637022
9.998714
6.441781
6.942649
4.914541
3.544895
8.129530
4.949323
9.946901
4.571206
0.680003
6.825781
0.466415
2.505016
3.537383
7.394836
4.942359
0.286459
6.168499
4.114362
9.218345
4.995623
7.089751
2.188685
7.609735
7.209553
9.040817
0.338216
4.475007
6.791554
0.951639
4.106040
9.421466
4.359345
9.854048
0.568391
7.178298
5.810163
5.005397
9.708474
1.296504
8.959990
6.912404
2.589961
9.016691
4.292949
8.142273
3.888365
8.509308
6.366291
1.410466
6.496632
1.913448
4.119226
1.702956
0.220161
2.118865
5.363720
4.815609
5.014971
2.476869
6.851612
7.042633
3.579678
8.811701
6.440232
7.130393
2.773399
0.006116
8.653756
8.224244
1.231919
3.741051
6.613393
6.521109
8.603503
1.402682
4.299397
0.972244
3.895952
0.151074
8.982731
5.270440
8.498023
0.599047
2.274581
2.593800
3.866915
8.028664
3.865579
2.046535
0.649903
0.794917
7.600472
4.448030
7.261811
6.822871
1.353625
1.428879
7.553420
7.212683
3.780308
0.774223
0.120980
2.881569
0.092223
2.300726
4.195007
1.214158
1.042778
8.964375
5.854700
9.344557
3.458262
6.771450
2.046917
6.183403
1.295857
0.020806
9.315318
5.548944
9.269406
3.338315
3.277861
4.006550
7.060410
5.658086
9.253549
0.254409
7.081959
3.303277
1.802337
5.103956
5.050638
1.370110
2.018960
4.081646
4.088114
3.175581
1.485451
0.043737
9.702351
9.434992
4.836504
9.950518
6.736543
0.688575
1.177182
9.161108
6.300522
8.431836
8.982697
4.479420
0.485260
1.882803
0.665719
1.887398
4.105329
1.181968
1.667333
4.458218
3.401710
4.676581
4.291720
6.444780
9.371896
1.078643
0.992602
8.528061
5.063967
7.664050
2.154219
8.288626
9.238466
6.354830
1.058790
8.952949
7.924877
7.508778
0.367282
7.989625
1.379510
2.223862
5.771348
2.649808
6.613482
6.080705
1.081496
6.560146
9.239549
1.611099
5.970620
3.418654
4.596117
2.870002
3.541306
0.289118
9.815517
6.247999
5.007056
3.837153
5.393745
3.801060
3.599079
4.639465
2.759830
1.800499
5.566059
8.427654
1.528282
0.327343
2.468117
9.797207
8.287580
5.958661
9.292489
4.452791
9.832806
2.963021
2.403058
6.380482
3.781540
6.263655
3.049955
6.179183
2.757463
0.509721
9.121359
8.832052
9.707981
7.165272
6.827212
5.590031
1.259424
1.892353
2.894697
8.901564
1.729695
9.228732
5.227857
7.155696
1.102445
2.690336
9.585186
2.661500
2.965217
1.975974
1.290737
2.332577
6.423269
4.553678
5.537559
1.223648
8.021165
7.840947
0.215899
3.835151
0.687706
7.921058
7.372697
9.019881
2.364040
4.562959
1.844879
3.712349
5.222433
0.533308
7.148704
5.432934
8.289590
2.717805
9.033211
9.986942
9.192985
7.778925
8.123688
5.737442
1.901539
6.770407
7.127530
9.853851
5.413013
2.713690
6.836725
9.793758
1.772139
3.259979
5.418809
1.702146
0.222206
3.369831
8.653708
0.434684
4.289290
7.622008
9.531826
9.854754
4.219694
9.503843
0.354190
7.459169
6.427460
2.495219
5.073185
1.295537
8.715972
3.578981
6.260445
1.587763
2.061648
9.919563
7.530864
9.619719
2.958512
1.645629
5.030684
4.946683
1.749465
7.332196
3.617775
1.863652
3.319834
5.636587
7.264709
4.818909
5.255950
1.389459
9.146910
9.287242
6.834266
0.176314
5.370742
6.292190
9.946542
9.960670
8.576113
0.638310
9.532763
6.126613
8.008867
4.071929
3.196695
4.632442
1.468745
3.570661
8.576175
0.379505
1.508780
1.251162
4.030756
9.969869
1.733579
1.454826
9.150558
8.820505
0.322404
7.517060
6.554657
7.677408
4.945024
9.913793
0.438470
2.343716
3.965460
4.497779
9.213674
5.600044
0.451110
4.078629
4.164904
9.654909
5.991971
6.356511
7.132530
7.700393
6.350511
2.371943
8.740459
7.321198
7.418705
9.965568
8.025266
8.291514
9.514055
1.511340
4.977274
5.805670
3.292757
8.394033
7.624196
7.208831
9.971495
2.593814
7.354572
5.514045
3.129892
1.605869
8.958838
5.954555
8.249338
5.453450
2.199771
3.375488
3.815388
9.729348
0.056333
9.856660
9.804616
9.961508
4.765882
9.638090
3.955992
0.262944
2.243472
9.452963
0.137647
5.459941
0.756016
2.863966
0.880929
8.595286
5.910707
9.021065
6.883532
9.710291
5.098776
6.387106
5.763088
4.842604
8.459594
6.445251
8.013123
7.863639
1.910452
6.501636
1.996480
5.833205
6.774347
9.972351
0.305420
0.912424
0.770267
3.983613
8.215883
8.440563
7.369796
8.968782
3.228600
0.881546
0.581530
8.521327
7.304363
6.986153
3.396763
3.799052
9.581136
0.638047
7.737318
3.096333
0.390546
7.425701
3.309119
7.221475
7.076544
5.347869
7.773731
5.810383
2.866369
7.341153
5.891398
0.127273
9.016441
5.456436
8.686273
8.827369
4.449667
5.076600
4.157544
4.494368
8.951471
7.881440
1.265257
6.103078
9.959066
5.955507
7.858716
7.690615
3.503175
3.718493
7.240764
4.999835
5.705707
7.129058
7.775750
2.715166
1.467938
2.917947
5.075383
3.421413
5.683628
0.534657
5.097504
3.679849
5.346668
4.225334
2.842258
9.041080
1.847650
6.813656
9.246448
5.386700
8.764085
1.248515
4.937888
4.570253
0.081188
4.432573
3.690298
6.697987
9.383298
0.857911
3.274764
4.440648
4.551854
7.748097
4.433957
0.271613
7.101041
8.848297
5.139047
5.811085
1.629364
2.206460
2.351702
4.307420
9.281452
5.217848
1.920976
2.660877
3.840150
6.232590
4.400331
3.924448
5.647286
2.418350
0.789033
0.244143
2.512592
0.915920
3.363406
7.729335
7.162943
6.109276
8.525002
2.820676
8.850537
3.992392
4.008933
4.053516
0.980944
9.754905
1.385068
3.408857
3.193003
0.746794
1.522601
0.448583
2.924045
8.666570
3.394422
1.236918
6.456939
9.966009
2.323238
2.795710
9.718471
1.787763
5.112141
2.396521
9.323519
9.815210
8.146978
3.147838
4.034875
2.423057
8.907579
9.145583
4.188706
6.565331
1.655532
4.349359
6.314991
3.854031
3.575995
0.009990
8.042934
8.893376
9.694635
7.192714
5.487923
2.692845
9.992994
5.897529
6.811541
6.824061
8.452518
0.096725
2.202469
6.655340
8.951457
6.853388
4.134913
3.615555
7.379480
7.412377
6.070580
2.914670
9.251548
5.518799
7.904923
2.143083
3.440408
8.745795
0.501070
5.123153
4.817055
7.512302
2.818938
2.190668
9.261329
5.717096
1.046896
1.930362
9.988260
1.956090
6.104755
4.201281
8.855991
7.551686
5.969514
0.107390
8.797952
4.446675
9.315777
4.955390
6.942245
0.692926
7.451517
3.379960
3.513590
1.186558
1.468572
1.857591
3.282062
8.919699
3.682602
7.243627
0.827475
5.910988
4.818913
9.779579
8.462078
4.548298
7.751428
1.930387
5.623363
0.746191
3.480890
2.258622
7.189098
4.900907
7.510705
5.152955
0.864844
7.353676
8.332293
9.035313
5.719920
7.535853
7.520443
1.557498
1.642207
0.708855
3.199136
4.735086
9.978978
4.309933
7.262426
6.933970
2.044820
0.585072
5.460068
7.003056
9.982518
3.586111
8.963646
3.819324
6.894117
5.982529
0.529788
0.783884
0.207641
3.708341
7.458011
1.727554
6.058530
2.888278
7.969926
7.983962
7.754145
5.248335
2.845667
8.094440
1.861006
2.897596
1.839477
6.742102
6.862360
6.525100
4.156014
1.001710
9.111696
5.077310
4.069722
5.888249
1.927904
1.325488
4.055252
2.272207
2.442903
8.925115
5.307592
4.834691
6.894796
9.515481
1.121986
8.335345
5.840192
1.461654
2.971493
4.823614
6.911771
2.426070
5.348788
6.846716
4.487408
8.630260
8.694591
4.706912
9.729257
0.755851
0.033624
3.806683
6.010971
6.292002
4.764457
1.248833
1.704975
8.521480
8.679111
6.738986
6.642179
5.976821
2.029259
4.282507
6.958947
5.372523
0.185803
9.535568
8.448160
2.605450
6.164589
9.232394
0.960110
5.030295
4.562430
4.102050
8.355886
3.806462
0.636633
0.658377
0.427446
4.091454
7.184063
2.037225
6.464685
6.870885
2.552021
6.005577
