3.080254
3.862029
3.057868
5.947701
3.326245
7.256977
5.797872
1.457066
3.102686
2.214474
3.903132
5.159841
5.067628
7.545237
1.891719
9.464728
3.428451
3.002488
6.851786
8.055166
3.784718
7.468470
8.837359
7.668036
0.341965
8.273689
7.744810
6.692903
7.600224
9.794254
4.311129
0.672232
4.608900
0.464337
2.942504
5.868798
3.096229
6.853952
8.219863
4.204392
9.001380
0.798389
8.401132
8.285731
3.219939
2.987152
3.050950
8.113937
8.316535
3.297225
5.925903
1.389332
4.687788
9.987928
1.588391
9.475626
8.242547
9.722146
1.795788
2.135185
0.168672
7.247018
6.440947
1.780654
7.911449
2.991955
1.349956
4.225626
0.909698
2.632437
3.713334
8.518641
7.925488
4.427543
7.245750
5.686496
3.408419
7.258743
6.834991
6.190944
6.179555
6.829820
3.845455
8.690758
1.623078
8.838855
3.422818
1.250316
6.000274
3.759867
8.154997
4.307855
6.685625
3.082580
2.094524
3.880490
6.068079
6.569468
5.782067
9.880557
6.910902
9.315196
1.179332
0.613729
3.109947
1.365889
5.258685
5.189813
5.750472
7.452279
9.713297
8.782587
1.183672
3.385137
2.558230
1.768174
5.447249
5.532644
2.272448
7.118972
7.329143
0.209800
3.957577
8.901406
5.203186
3.476278
2.536762
2.433545
0.997680
8.172264
0.866574
2.922948
0.456757
7.813866
0.392837
3.083011
5.732974
4.095613
2.822711
2.751891
7.977903
9.739781
3.480411
0.391455
0.365658
7.592134
5.523698
7.835927
6.974970
9.075064
8.858243
7.883274
4.751892
3.081264
5.070268
5.020716
6.102756
1.860976
6.556199
4.566009
6.202048
2.396048
4.343949
2.102012
8.753052
4.879611
2.249814
0.412087
6.757387
2.146447
9.895822
5.337004
2.889770
6.576774
2.752199
8.202743
3.082361
9.882478
6.051448
8.444112
0.728155
3.482994
7.374871
6.550590
1.942431
3.562029
2.634434
6.133702
3.445682
3.090542
2.073780
4.090271
1.955026
9.625696
1.545018
9.133047
4.284731
3.778660
2.313198
6.357563
6.855280
4.675710
0.557069
9.185102
9.803291
4.310434
6.136608
4.502986
3.218796
0.773188
4.560678
8.183846
0.170315
5.821077
8.807721
2.175494
1.832559
7.722766
2.550864
1.919843
3.779892
3.925020
8.741011
6.184435
4.059615
5.343880
9.539652
1.132147
2.077155
9.625287
9.573249
1.771654
1.451088
4.210851
0.497183
6.549036
0.774960
0.580296
4.851870
9.577867
4.267960
3.564811
9.979568
5.319690
3.752414
3.858608
1.949595
5.122231
4.388550
2.707953
1.605401
3.112389
5.086833
0.583333
1.537440
9.476573
5.428554
0.634493
6.930878
0.618029
7.388742
7.499627
6.510790
7.322045
0.879658
7.267806
1.366883
3.395059
9.427452
5.028755
9.674264
0.889225
4.775566
0.624023
6.302103
0.787070
1.753678
2.588303
7.487439
1.639621
8.466321
1.319039
0.352444
3.950454
9.794416
1.103422
1.017184
7.511665
3.121617
7.172816
2.000106
4.600720
2.652899
4.515282
7.690971
7.620100
5.157723
9.283718
2.637841
2.403114
6.138064
6.212970
0.465400
6.077777
3.744362
7.474425
8.081057
5.521538
0.017050
6.363658
7.488813
2.489833
4.646460
9.657267
2.981156
2.231533
2.108548
5.588008
9.497871
6.086901
3.033231
6.385698
6.248423
5.969251
1.594262
6.345668
4.301644
0.185921
5.397645
9.892668
3.497396
9.655592
0.962057
7.324501
1.143300
2.735716
5.708408
5.927797
7.752113
6.153114
5.936147
9.123531
4.521607
2.252658
1.617886
3.999946
7.127528
0.425435
1.290534
1.061135
5.852501
2.428647
1.662594
5.927707
7.613099
3.321549
5.782046
0.981244
9.351911
3.368962
9.975057
9.785877
7.788235
0.200671
5.434749
0.868364
8.951381
7.896362
9.723404
6.083829
5.221728
5.189739
3.864484
4.686901
6.354126
9.329476
5.958843
8.571159
8.627799
5.188327
3.474696
6.395739
4.458774
0.814409
3.778091
9.940722
0.485119
6.966669
8.411887
6.487259
5.697482
7.075544
4.293427
0.913617
9.623717
4.323008
6.653893
5.313104
0.546731
9.527466
7.925372
1.490979
9.816489
7.369014
4.723217
6.113700
1.067367
5.604115
0.736611
5.448553
5.526957
8.744388
7.250575
2.495524
8.884261
5.732427
6.063795
1.689814
8.577736
9.309651
7.749907
9.407524
3.022999
8.611192
4.888931
1.639172
6.688006
6.841203
2.869245
0.274933
1.998473
3.997776
1.675629
1.940300
3.913907
9.617867
7.642435
3.197484
9.516041
6.456468
4.554496
4.683002
4.107445
2.329921
3.866322
5.278964
5.280273
7.617369
3.587979
7.167980
5.780919
9.618454
3.852849
9.012165
8.206426
6.376643
6.545145
0.846499
9.502246
1.069361
5.632333
3.300708
4.298520
6.101830
9.088513
4.575671
9.877295
5.928121
1.605539
1.900093
7.161110
0.503978
4.803416
1.482191
4.332186
7.499174
4.588130
1.634511
2.519254
3.675396
0.695612
5.843376
6.075338
0.621519
4.023113
4.140007
3.338196
5.577397
3.459575
4.164093
7.975235
1.621094
6.191147
5.055944
3.050716
7.275347
5.511884
4.773615
6.676693
8.022903
9.726687
6.293504
8.744400
0.010915
5.302357
2.146476
0.941925
5.319710
7.468265
4.122725
6.701075
4.897192
4.370859
2.902566
3.825935
3.497956
6.461872
1.160185
0.926364
6.600130
5.462981
4.302001
1.524429
4.110271
7.897317
8.896213
7.025766
0.599122
6.704098
2.409856
3.152512
1.958732
7.757558
6.486021
6.118351
6.679726
2.367723
4.446444
6.332537
6.365940
7.918519
2.871040
7.703361
4.401845
6.701727
4.557194
9.486102
1.793023
6.750051
5.765350
1.727310
0.660063
7.991444
1.574513
1.865067
9.784342
7.172608
2.504869
5.909490
5.341118
8.444733
7.293208
8.317211
2.115066
6.402192
0.402409
0.689406
7.135270
0.244201
5.797650
8.404051
3.799418
0.448404
7.138474
9.296865
7.171714
5.784472
2.300288
0.153756
6.946721
2.310262
8.581627
4.663641
5.306356
7.539365
7.794306
6.426508
9.384318
9.822985
9.468855
8.241792
7.056252
6.633258
1.037502
2.714844
0.056882
1.374099
4.392295
1.465366
9.016634
8.056992
0.716119
2.489137
8.190719
8.030461
9.454506
9.975477
9.762701
4.101380
2.503284
7.584102
2.992729
8.064004
5.339547
7.939273
2.758799
5.080273
5.640238
9.431081
2.665976
9.366882
8.048589
7.308940
7.868703
6.054250
2.440800
1.894950
8.663414
7.251394
2.132043
6.150934
4.475465
1.586552
5.318571
2.815191
0.962441
4.669583
5.901085
0.469064
4.020927
2.576619
0.306506
1.256626
1.390342
1.828743
8.033775
4.394918
1.470860
1.002970
2.979405
7.980155
3.644598
1.598974
4.041162
5.553115
0.295842
6.276418
3.951008
0.097259
6.738894
7.123877
6.288398
3.419302
5.296049
3.871577
7.006217
5.835802
0.817991
6.430935
6.872384
3.707022
8.757858
8.430143
1.751665
9.042663
4.408724
7.237496
8.140970
5.051124
3.991019
9.154513
2.308536
2.569701
3.616203
8.594658
9.387882
2.200677
8.638701
2.582030
9.706412
5.974079
0.070865
0.341299
1.474845
1.875732
7.676191
2.227659
9.691416
6.361121
6.925175
2.178165
8.927063
6.678146
8.644056
9.564811
1.256410
0.965872
8.034079
8.661261
5.837614
3.660006
6.526296
3.056641
2.383857
4.881452
2.161538
4.837036
9.566065
8.397840
9.416309
8.063290
3.547509
8.120452
9.229157
9.470358
6.831978
2.113667
0.397292
1.472002
9.655469
4.620968
8.549860
4.650442
6.608176
0.241408
2.498649
4.362693
6.306311
1.715212
7.645514
3.644047
8.174353
0.979691
6.797566
2.933283
7.953832
4.021704
6.653496
9.343053
0.206266
0.111168
7.702793
6.463931
2.929797
4.943967
0.419357
1.924456
4.244964
8.340445
4.796672
5.863625
8.737538
3.088189
7.006993
8.616673
2.026157
3.564782
9.798101
9.832186
2.232299
0.664458
2.709216
3.977319
4.410056
6.188063
8.995028
3.303480
8.499846
0.934789
0.418747
5.040452
0.596622
3.924898
8.967781
2.414830
7.059758
3.023654
0.449201
5.566906
8.348535
4.094685
6.172938
9.000236
7.896945
1.938764
7.333839
5.018930
7.459668
4.945156
1.279582
5.699094
4.921340
5.179217
8.789024
8.948371
4.535371
4.557321
5.151870
5.195893
9.503872
6.494005
2.774570
5.315368
6.272236
6.397717
5.852542
1.777362
0.335932
3.378431
4.275221
0.618042
8.149673
3.440774
9.136328
1.544101
0.569350
4.823161
1.891293
9.373993
0.103034
4.126197
9.267478
3.844182
0.931093
3.028949
4.980104
1.851517
4.665617
8.363432
8.726180
0.492607
1.609034
2.752901
5.948658
3.609948
8.440409
7.166718
1.004560
6.245575
1.130126
2.550357
1.778706
1.730620
6.163955
5.636049
1.760282
9.901728
4.218367
0.970693
1.205690
5.838937
9.790694
5.719511
9.490415
4.441329
4.358411
5.000073
6.974255
3.676160
8.638861
0.292814
4.397642
5.109919
6.070323
2.760719
4.274800
4.845377
6.869100
7.735442
7.378273
3.415831
9.994505
8.486653
2.600234
1.951058
3.140213
4.523448
8.507994
7.783623
8.512462
2.719571
5.934612
2.832491
1.090232
6.841978
1.429976
6.676978
6.479643
8.102485
1.395546
7.834802
9.992765
8.510425
7.518121
6.621654
4.217815
7.305002
7.241780
6.314983
7.962784
4.487639
1.212527
5.590677
2.650435
3.844331
0.174149
3.827906
8.088011
5.427224
0.098005
4.698438
2.914516
4.775506
4.046927
9.319792
0.411773
6.835880
8.510266
9.592386
1.776362
5.313048
0.435896
4.991835
1.254581
8.378966
1.138700
5.132884
5.210961
9.716505
6.549807
2.878403
2.407993
1.282482
7.565147
6.907567
6.098771
0.408404
7.628289
6.418876
9.638888
5.872021
3.039519
3.815206
1.758407
7.229142
7.077217
2.006500
1.584893
0.770049
9.119758
2.330698
3.441635
2.805045
4.136246
7.140488
8.705956
1.825987
6.864123
3.525621
9.805272
2.989192
0.071930
5.156400
1.507311
0.444944
6.982692
7.322593
4.606990
6.768855
5.382394
6.298011
5.967040
6.658227
1.996307
2.687066
4.399632
4.461280
7.744117
3.673937
1.625052
2.514660
2.147335
7.316600
4.703396
7.086307
4.162197
8.897356
9.835203
6.698425
8.638125
5.079333
9.346209
8.315865
9.917786
6.230937
7.792068
5.428681
2.591201
3.547552
8.940054
0.559479
5.914799
3.724840
3.866925
8.845712
8.538224
5.988424
2.729188
4.754563
4.082934
3.536180
1.027856
5.431139
3.018313
6.608079
3.192039
4.311635
0.523604
9.925381
5.076104
0.242376
5.412307
8.703540
7.725522
7.009067
1.394647
6.577371
7.662984
5.724191
8.927490
2.769898
2.421447
8.695698
6.253983
0.014472
3.531314
8.578560
0.273195
0.032479
2.812593
9.140000
9.014776
5.187620
5.532369
3.320080
2.437367
8.152219
1.062949
4.873544
6.343973
1.036803
5.196071
5.775213
7.424961
2.348361
2.933275
5.695211
9.831264
2.174932
9.859038
7.143425
8.260820
0.896413
3.004202
0.577363
3.715470
9.812897
1.052731
5.623728
0.060706
7.126828
1.971927
1.295845
3.370178
7.710443
1.066131
2.298390
0.084644
9.684149
5.921456
7.198997
6.513832
1.443646
5.949399
1.314156
4.012364
5.689631
5.588811
1.190734
0.344360
7.982343
7.259224
0.818189
1.274155
8.925838
7.691289
9.961603
2.539875
4.878030
2.364596
6.228002
1.154142
1.272432
0.718879
6.935861
4.940726
6.177312
8.793011
7.403285
4.617229
9.843560
4.562561
1.124507
9.926547
0.228207
5.498836
3.090955
5.035522
5.587130
2.400959
5.568588
7.560611
2.665098
3.834261
2.682427
8.205597
7.249823
8.711965
1.700499
0.735796
1.193835
1.610183
5.330827
9.709121
3.572354
9.585083
0.382008
9.268722
1.811526
9.124750
0.562274
9.482195
2.007983
3.027141
4.909423
3.807209
6.675280
9.748077
6.064265
7.214854
0.880053
6.278124
4.538498
8.857823
3.882111
6.794541
2.281537
2.593725
3.761224
3.040635
2.538788
0.496687
8.367463
0.643015
8.873655
1.254654
0.652617
5.630048
5.024418
4.912346
5.745043
2.870566
6.629493
5.024022
3.347435
8.265007
7.277211
3.936103
8.476178
9.202582
5.368663
2.149524
9.157922
1.894796
0.484232
3.274870
7.269663
9.232740
6.372857
9.518386
0.923708
0.607537
6.041920
9.661163
5.027213
0.515152
2.212187
2.447929
3.378571
0.436034
9.048927
5.155640
6.709308
0.671728
0.541155
5.864678
8.872960
5.284820
8.778192
8.109913
0.758538
2.019575
6.577106
4.435014
2.906998
4.186338
4.451996
9.105522
1.034583
2.797307
5.375648
6.982869
6.306373
9.416428
7.956089
5.570768
2.146827
4.508742
6.933823
8.379622
9.597363
6.054528
5.269194
0.176919
0.720991
1.561050
0.547599
4.008632
3.368785
6.373541
5.356651
5.959708
4.719772
2.777371
9.528254
0.864092
9.388910
3.112381
5.126615
1.088423
0.709311
4.295455
7.416974
2.693648
5.623479
2.786503
3.886131
9.064464
8.558396
5.160175
2.381056
1.931839
9.540874
2.027166
8.081683
3.689702
9.856599
3.681557
3.515166
6.374636
9.615168
9.762096
7.072062
7.546063
5.634022
7.557757
8.597796
4.860953
6.198623
5.373167
5.624706
8.900479
3.556168
2.081840
4.562801
2.080852
4.984004
9.035081
6.174335
8.554329
1.661909
9.008736
6.017872
0.317598
6.331190
9.513969
0.791670
5.824561
9.154786
0.096952
6.309129
4.749023
3.469893
6.275365
0.527021
7.530631
0.044795
3.069357
5.039587
3.770222
3.074759
8.308352
9.348326
8.737127
5.224313
8.841641
9.208615
4.092384
2.834459
0.982652
4.790919
9.462969
5.609075
6.675621
1.128838
1.435197
4.644732
9.512648
3.607846
8.774840
1.202886
6.170172
6.006130
8.598747
0.033167
1.899317
2.196876
9.499660
1.536937
0.369624
5.344615
5.285584
8.440470
9.488597
5.385455
9.299942
7.251592
2.645591
9.284207
6.674432
4.140959
6.802421
4.013128
1.141838
7.189787
8.240876
7.288062
2.291147
9.566350
0.252546
3.326853
2.600924
0.481262
4.057297
6.231148
8.825529
9.896897
8.080895
4.686805
7.237044
8.436238
4.653072
7.850544
4.826524
3.864960
5.260909
6.758547
7.268821
3.567363
5.713202
9.098709
9.763129
2.272481
1.928312
6.766856
4.146839
0.242223
3.468619
8.067448
7.974269
4.946851
4.725780
5.795074
2.193967
5.260436
0.110464
4.755596
3.360510
6.748696
6.383536
3.808359
0.072730
2.522736
6.333478
0.723733
1.076424
6.470350
7.557674
3.215497
4.896730
9.457113
9.455436
3.075028
8.099878
5.939441
9.754845
4.776136
7.747069
7.681371
4.974329
7.956301
2.610403
1.222530
4.251637
9.436307
5.007446
6.352592
6.241624
1.325729
3.902969
7.069390
9.719901
1.680177
4.104419
0.950938
2.423765
3.767593
5.406433
2.305669
2.275627
7.778300
9.626416
3.236130
6.879920
2.580805
9.279523
6.729023
8.026769
0.493540
5.985060
5.276124
2.929969
2.624300
5.800248
7.064857
0.331728
5.674016
1.704595
1.403627
6.231195
3.108701
4.408803
3.599988
6.483363
4.701198
9.634586
3.523828
7.402843
2.572926
5.087531
5.525698
3.291093
4.717805
2.792786
0.060008
2.156483
7.000642
7.709630
2.802029
4.080430
0.373657
2.370629
7.792193
6.059863
2.057705
2.574420
8.168020
2.090842
3.341577
6.643587
5.611124
4.608702
8.997411
2.197105
7.414199
1.590638
6.157338
8.706236
4.579018
7.242945
8.203934
1.360264
7.058269
9.198410
5.763706
1.861222
1.269425
2.597353
1.035133
5.133941
0.697047
2.234046
4.399105
4.739148
5.653985
7.056149
0.472286
0.806210
0.608591
4.231503
0.418479
7.460813
2.230002
9.392125
4.864038
4.463257
7.805387
7.131540
6.073091
9.351467
4.222593
8.085317
3.800930
8.383457
2.594746
2.892671
6.778695
2.127133
2.291542
3.052624
6.789288
8.893881
6.745677
8.278142
5.435606
0.689232
1.004662
5.543920
3.278010
2.205681
4.662569
6.664968
3.849920
8.025422
7.385232
7.349149
9.851897
2.952300
6.447256
8.554784
5.795244
7.895022
4.144522
5.904913
0.556664
9.857677
8.000185
8.688090
6.942943
1.860500
0.310284
8.646566
3.963306
2.638649
5.616730
4.208985
6.516660
4.837932
6.972332
8.534233
1.955570
3.294329
4.368156
9.620584
3.653336
3.810998
6.534725
4.191997
9.512238
8.944688
5.134088
6.447752
0.580306
6.957305
7.072009
3.591993
2.196829
9.150784
4.267049
6.537061
0.333288
4.140672
8.172588
3.875760
6.031611
2.098558
4.165257
9.276377
5.664517
9.019315
9.020193
9.441478
8.953917
0.032811
9.340149
1.374594
0.399263
0.553885
3.489162
6.208041
4.023112
0.255543
4.764826
4.421308
7.568493
2.796129
2.175312
2.559390
3.037398
5.991649
4.715255
3.368946
3.743142
3.709237
9.724067
2.329970
8.180615
7.082108
0.055700
9.931762
7.564394
6.824496
4.053247
5.552031
2.532709
0.354834
8.360216
8.964845
1.624706
7.870561
7.411527
1.783750
4.218288
4.227579
7.599643
8.376609
0.947751
5.629693
7.617485
7.861906
1.479935
5.255052
8.575587
3.185186
4.251169
8.043585
0.893195
8.594933
3.111567
0.014503
2.341591
0.895006
0.923849
6.928357
2.139763
9.347424
5.164445
4.600983
4.342835
6.925877
4.522628
1.286004
8.801722
4.283954
0.740046
5.293660
6.473469
2.755825
8.003404
6.697759
6.503412
4.208250
9.619153
2.741892
5.777055
3.090552
7.448048
0.477915
0.458939
8.108610
4.342681
3.411801
6.075269
7.018993
2.012013
1.854312
9.581508
5.896643
3.901165
8.014417
5.251590
2.416628
2.067353
3.968593
8.598959
0.614479
2.185260
8.931519
1.217346
6.296257
2.135114
6.058669
3.831042
1.016769
5.824751
6.830428
6.802726
6.370344
5.002248
5.194726
6.356401
6.902594
6.548768
5.869456
1.558390
2.106165
2.602240
9.196616
7.593951
5.528668
2.520569
1.108915
8.987593
8.926661
1.106956
7.972167
4.466451
3.239669
7.391046
6.143295
7.800301
0.743289
3.185870
3.193168
3.297531
5.024799
2.830138
4.443836
3.677776
7.352961
6.035008
6.536294
2.105839
3.255022
0.211654
1.083747
2.650542
0.654637
6.026324
9.981301
1.008152
8.212302
1.188162
6.699140
6.431576
9.027169
1.139456
3.154445
0.907798
4.073833
9.115932
7.815231
7.229001
5.330275
8.834857
4.494418
1.496857
8.375853
2.796383
0.536335
1.260380
6.090589
6.070820
2.601832
7.271801
7.736402
9.205027
5.849375
7.794234
7.530997
2.578090
3.102259
4.784824
0.190390
2.973978
4.738829
1.080693
1.262759
4.632367
7.309650
8.337489
5.463139
4.747490
3.842806
1.929490
1.465620
7.918964
4.650066
7.903203
7.040830
1.938959
5.103073
4.440166
4.238735
5.425711
9.820819
8.129006
9.037125
0.296396
1.403364
0.847637
2.632310
4.418925
6.420533
5.008313
9.031839
9.398560
1.635210
8.529129
4.817222
4.533295
7.849393
0.931405
8.824931
6.708633
8.752616
9.944776
5.180045
0.932622
1.665239
3.236182
1.035529
8.153419
2.968678
9.758862
7.025914
1.734304
4.760427
4.668842
4.925117
5.356912
0.311731
6.863011
4.871918
7.909654
8.153496
2.305351
0.484229
7.032339
9.777628
4.466580
2.596128
1.566719
2.874456
3.279196
4.238748
6.554071
2.731631
0.509768
3.732786
8.556296
4.983515
9.647838
5.036215
2.758988
1.933140
6.945245
5.363813
6.039989
7.551268
7.259035
0.433633
8.025719
5.327033
3.917085
5.375194
6.124515
1.495063
4.174154
3.355862
3.504089
0.913349
1.598435
1.618321
3.732247
8.944916
2.060274
4.161925
3.116094
7.873833
0.501264
1.965434
2.106416
9.929628
5.707750
1.389583
2.721991
1.678221
1.246046
7.971820
4.957526
6.312101
3.312512
5.536951
2.575690
3.080363
6.522379
1.503501
6.172219
8.522348
1.204232
8.974613
0.794457
3.489092
6.105093
5.594148
0.963911
7.989131
9.731533
1.812283
8.951310
5.568094
9.359338
1.760860
7.920214
0.597816
8.831964
6.741594
3.702548
1.904668
8.165331
6.032413
3.604159
4.438358
8.265427
3.389272
0.896327
9.112822
3.873437
3.483875
2.043996
8.974226
2.175053
6.366729
8.807651
0.349136
8.287917
4.105994
6.579746
3.724046
6.955163
2.542949
0.219305
9.477875
0.163678
8.240993
1.691376
3.922202
8.224924
2.059321
8.657076
4.977590
3.661535
6.624377
3.413897
3.472884
7.335264
3.098322
2.007726
8.076461
8.053710
4.975857
5.266556
6.960766
5.092743
4.170400
9.948942
1.476404
5.927280
8.858630
6.872150
8.809233
3.363347
2.719930
8.512724
3.941146
7.096823
1.477486
7.558381
5.489827
2.686116
4.945040
6.969436
0.118864
6.374671
5.415908
2.202862
7.529811
3.034610
2.768609
4.712183
6.761497
9.288460
1.413572
3.964681
0.669896
7.585507
4.477329
7.069291
3.221944
8.443172
5.348281
9.436078
0.788146
5.142768
7.664553
6.001526
0.231941
9.723387
2.982637
2.492779
4.856599
5.421581
7.662881
3.932737
4.399604
5.349599
3.943871
9.145481
8.512520
4.549737
0.001949
9.009345
1.243366
2.445124
1.523613
1.798156
8.028775
5.795014
9.560951
2.314535
4.856349
9.774283
8.264435
7.286157
1.889752
7.694054
3.475651
5.305369
6.091612
6.093637
7.265235
6.617021
0.683709
4.573470
6.640216
2.959930
3.130567
1.245675
4.186150
9.868304
2.853194
5.314369
7.432373
0.134973
9.004395
3.865502
8.691160
0.389477
1.456635
3.225295
3.454618
8.477942
0.112011
6.411118
1.313124
8.232157
7.785733
4.999210
2.126872
6.344954
1.562583
1.900238
6.266899
9.912285
8.910608
5.931074
5.385368
9.983849
5.473971
4.201165
9.095555
2.341843
0.975260
6.340900
0.958496
3.731485
4.235774
5.475381
9.916595
2.209817
3.757564
1.322401
6.076135
7.276732
4.820768
2.458313
6.208883
5.391577
1.711857
4.056819
4.351971
9.826178
8.492858
7.343708
8.887771
7.354844
9.034019
0.545531
4.560662
7.468983
5.832958
1.751662
3.404921
3.177744
2.613469
3.431355
5.148533
8.548690
7.420327
8.352497
8.836038
4.161505
3.460263
0.576234
9.304916
0.658230
7.411355
3.781083
9.487807
4.196020
8.166083
2.826548
2.990887
5.955194
9.979826
5.175724
9.363087
7.862498
7.958643
4.359600
3.865422
1.919218
9.639413
9.593936
7.470677
2.962524
2.451795
9.886103
0.665428
8.435643
3.554580
4.188697
8.319777
0.906030
3.541697
9.520243
6.990659
7.549392
7.575053
0.605701
2.032076
4.912632
3.681502
4.109123
7.814474
0.146792
6.604919
0.001102
0.630585
4.082861
8.409485
1.449958
5.546214
6.785052
2.295329
5.123302
9.114073
5.122285
1.573231
6.278143
5.922002
0.269548
0.905944
1.567814
1.362891
2.594658
4.541053
3.717163
8.906499
6.121094
8.761443
5.270393
0.898705
4.632874
8.220325
1.941038
0.912143
3.294347
3.888978
3.062577
1.352408
2.508399
6.822824
3.859285
6.325494
5.363038
5.490530
2.485496
5.215430
0.235947
4.317438
5.726228
1.819956
2.565585
2.195310
0.705580
3.478573
9.789658
3.538804
4.605366
6.530872
6.484978
9.498950
8.575642
7.939507
9.516273
2.307654
6.170542
8.871967
6.241382
9.774205
1.003527
4.393305
9.773629
3.795680
7.395564
0.304029
6.948371
9.346268
3.827063
0.212998
0.279098
8.920233
7.225161
1.066864
0.545903
8.048254
8.098606
1.205218
3.015204
7.800261
5.254121
9.565848
4.810627
6.769579
5.097834
9.429655
3.986591
2.297965
3.266339
8.527752
4.979386
3.542523
5.442600
1.332297
0.053593
2.805847
6.050057
7.116807
8.266109
9.266636
4.121123
7.405168
0.746729
0.575300
1.247980
4.485691
2.112814
2.869249
6.478802
3.585222
5.573716
4.124038
1.689692
0.740200
2.362315
0.577005
6.186120
7.957176
3.397408
3.871110
8.161911
2.226129
1.191603
5.011181
6.461902
5.996544
7.138731
0.567512
4.282016
2.385705
7.591213
8.727304
2.813357
0.952181
2.534280
1.040085
3.224222
5.381986
9.736810
3.993703
2.200399
1.668017
1.730398
1.925977
7.622670
0.610277
9.974027
5.226864
5.442719
3.575639
6.902554
4.714563
3.290613
2.651384
9.256512
2.909895
4.363933
3.503414
0.861788
1.859344
1.895020
6.936495
4.065854
7.819675
7.089509
1.920498
5.629169
7.429089
6.330429
6.000165
7.396109
0.567807
7.314219
2.726553
5.718722
2.423050
8.388176
4.805593
6.429412
7.940820
8.953153
7.320621
1.487686
8.545323
6.185779
6.094498
9.213406
2.488316
2.395876
5.131936
7.508631
4.472407
6.338914
4.525247
6.103872
8.222623
1.804767
6.953785
7.874258
4.471114
3.232336
0.135443
7.971050
3.279387
3.573095
3.360062
4.987393
7.024996
7.718631
3.925707
6.631021
7.206842
2.969173
0.966215
8.946657
6.771160
6.481104
0.589025
8.178731
5.660542
8.478845
9.745612
9.571003
8.560893
0.109474
8.857272
0.750623
8.511940
2.801741
6.100683
0.380682
7.711817
1.117061
4.106882
8.174460
6.953490
0.060427
4.030324
0.419275
6.734999
9.689485
6.552613
2.243724
3.552330
9.766505
2.240524
5.615291
4.004538
7.683153
8.673893
3.408373
6.603964
5.490477
2.784445
2.719408
5.386316
1.540029
8.108099
0.690048
0.945745
3.422263
1.180918
4.757000
3.996759
7.218098
9.530042
7.535586
1.794487
9.355213
3.921334
4.741894
4.215762
2.805470
8.950443
3.322389
5.785964
2.400336
7.973754
7.741987
2.963121
6.815541
7.038735
5.625114
6.005984
5.744546
0.818644
6.702653
4.697750
4.384573
8.599992
0.232267
2.513149
1.214035
0.353410
2.756770
9.884763
2.702292
6.637058
1.182989
6.018476
9.844815
2.918375
8.480756
9.975714
5.885541
3.094011
6.735312
8.448483
1.713502
4.525157
3.191877
2.833590
8.608212
4.216540
3.390764
6.035105
2.194016
2.298935
5.202888
4.092727
2.949824
0.539511
5.207742
8.166092
8.513772
2.354400
5.996412
8.558813
4.087259
9.321368
9.029785
2.081339
2.589648
1.804420
1.960544
9.078621
9.311379
0.518972
5.936034
5.642316
3.905477
6.316976
9.473679
1.702549
1.204109
0.333906
3.638333
3.376285
4.308197
5.033100
7.578240
3.921134
3.306131
8.268788
8.497967
2.327660
3.146718
8.251163
0.794082
3.258468
4.483501
1.870716
1.799142
4.248621
7.545217
8.402329
9.792351
0.739841
2.166822
7.566298
5.405987
3.276798
2.055897
2.804775
4.292890
1.771512
9.642260
1.075884
9.855774
8.418933
4.231516
7.398163
6.715152
2.132869
3.390701
5.131226
6.378442
5.428950
4.729875
4.431523
4.982645
4.343515
5.413301
8.879853
6.328293
7.226209
5.974831
6.430177
5.783498
0.268665
9.995984
0.336092
3.951480
1.051157
0.969284
7.935269
4.259258
8.011387
2.727865
2.564628
2.512314
6.161456
8.149994
4.522610
3.792489
9.735796
1.167540
4.866327
4.084877
0.981266
2.682004
0.284412
8.769543
6.078496
8.150185
5.215545
5.995098
7.008545
9.080116
0.917519
3.309484
7.090262
9.583506
9.808074
6.381030
1.935985
1.192089
9.460437
4.339277
1.948160
9.338925
1.045243
7.295711
6.252630
0.877347
3.387488
1.499307
6.044986
4.771130
0.042751
9.757106
3.495847
2.582044
2.224430
1.588159
9.991371
2.951095
4.055135
8.713559
6.418875
3.686944
8.983284
7.497242
2.279005
6.437390
9.223985
4.964609
7.336124
9.711038
6.904141
1.024387
2.445596
5.950964
2.755558
9.575418
4.053520
4.572304
7.016021
5.242497
3.821460
0.766379
5.964456
8.675800
6.857625
3.814950
1.277261
8.163382
9.417483
3.882730
7.286422
4.107635
5.022669
8.364764
0.834243
5.303353
2.146203
3.398059
6.444288
0.272284
5.938251
2.834422
6.694844
1.415814
7.358116
6.456397
9.712419
9.112353
2.833029
0.273166
6.553686
6.028874
0.274288
1.226775
5.847017
9.118273
9.065002
1.514850
3.845739
0.432029
4.692719
7.530835
7.899727
4.989895
0.958697
3.813640
9.321019
2.296126
3.197545
7.468272
7.335808
9.122023
3.881187
5.145987
4.673924
9.277522
7.693306
8.314418
1.330983
7.918467
4.329788
0.233387
0.600884
6.779079
3.720124
8.681156
7.342731
0.216800
6.868883
1.923525
4.225826
6.247352
8.727179
4.560979
8.084905
7.829657
4.145385
5.009802
7.004850
0.311484
8.908114
7.698162
2.494159
9.811800
1.793903
9.140866
3.244735
7.631467
4.563766
7.364674
1.557830
2.695065
0.998578
8.651440
2.962930
6.944762
8.202212
9.014182
1.062971
8.930149
1.972528
7.369020
7.288490
0.085031
2.206239
4.919085
4.200347
9.185735
3.597409
9.369837
4.594293
9.643529
7.373548
8.293345
1.048769
5.861414
1.427004
2.976210
6.235654
7.262257
0.391838
5.309437
5.653140
0.788280
5.006880
7.138423
0.532273
7.602678
5.764265
8.332273
2.180626
8.332737
0.945610
4.038297
1.994848
8.760208
7.049198
0.253618
0.095234
2.912493
1.432831
6.303045
6.637969
9.419509
9.520399
6.588967
0.056751
3.589979
5.131415
4.991797
6.033406
9.605515
8.851927
1.089080
2.659804
8.331094
8.243069
2.753707
7.305880
6.720374
4.735240
2.014549
8.886432
6.778512
1.689929
7.048023
7.414337
8.868803
2.228393
9.887541
1.533934
6.006889
6.571765
4.189529
4.750377
8.909101
6.452742
4.970010
1.283496
0.073376
1.249686
9.561846
7.640868
9.671164
0.357087
6.802204
0.442935
7.820565
3.809502
0.957654
5.680467
2.801202
6.595739
6.581748
7.050075
9.924651
3.866977
4.653155
8.046117
5.783700
0.372572
8.430785
0.514987
1.708201
1.020800
0.779271
0.256849
0.550277
4.424392
2.528523
1.265369
6.587055
2.261119
0.189492
4.184198
3.104330
3.186044
4.452700
6.689139
6.164791
9.372616
5.177166
4.725699
2.134144
7.553813
1.407758
4.911329
4.213222
6.583009
9.176215
9.465956
1.677993
2.618172
8.116353
5.182797
4.530346
7.106255
6.019249
9.707141
5.839746
4.659738
5.428174
8.085398
6.126750
6.470481
9.714389
6.183955
3.802852
6.913260
6.594594
0.138476
4.673293
7.429036
4.990415
7.796211
4.508837
9.833216
2.928916
0.921226
4.300118
5.417090
3.490937
2.422812
6.720587
3.771251
6.313685
7.790714
7.610026
3.753093
5.678982
4.496582
8.708053
8.787585
3.437416
0.917374
1.675825
3.670017
5.642499
6.567870
3.313710
6.674991
9.377399
6.520141
1.585652
5.796689
5.418955
8.707001
3.503031
4.229456
5.986590
5.244253
7.190166
0.403890
5.635160
1.216719
3.152090
6.616269
1.574142
3.088418
7.030065
6.508052
0.910397
5.772685
1.472545
2.522714
4.592113
1.093468
9.936470
1.653696
7.813126
8.298388
9.944640
4.286532
8.740945
9.575395
1.728941
4.794361
0.600108
6.207240
5.814062
2.041263
7.979028
0.372687
8.062273
0.266453
6.568288
0.787695
2.512255
7.219133
2.804048
5.111739
9.152483
0.496344
8.110798
0.652720
1.267948
1.193191
9.941023
1.801863
8.967618
9.909322
3.837848
6.310485
7.790913
3.926451
1.618141
4.337627
7.718876
7.807628
2.305388
1.749656
9.205607
0.439990
7.347385
0.464214
8.379001
9.054148
2.974191
0.739356
4.806845
2.984630
4.171361
6.649855
2.098260
3.569516
7.825625
6.437620
3.262755
6.643016
7.653129
5.924856
2.394968
0.002453
8.028491
8.226336
6.976045
0.765809
5.852223
8.210207
3.896683
1.980007
5.876273
8.263066
0.488700
5.969512
6.431738
6.023670
6.500337
6.313753
1.304039
2.349368
6.189940
0.176932
6.347445
6.653866
2.391748
5.981328
5.340900
2.606915
4.629740
9.096246
4.266028
6.298442
0.353508
0.778001
0.813081
7.782408
3.502569
2.276117
7.473246
1.699601
2.464925
4.309314
3.314381
5.853922
3.378406
3.929516
8.628866
8.845314
8.277112
8.648310
5.697287
6.462332
5.571732
7.855881
5.510005
1.110770
8.095801
7.605852
8.203006
1.904295
2.716171
2.957517
5.080805
1.338771
3.853817
1.821582
2.647627
7.063876
8.548112
0.229059
5.658969
0.360598
0.852492
7.050840
7.356081
8.139807
4.742415
8.598075
1.668383
2.497164
1.345021
7.975373
2.286751
1.555112
6.231107
0.770820
0.449003
1.067176
0.002409
6.969902
5.622353
2.098751
2.330050
8.109686
5.018201
6.985283
4.527555
2.377180
9.704028
5.656476
1.309819
4.060900
3.293374
2.140875
9.334400
8.809200
1.991471
3.521479
7.623154
2.085061
5.915648
6.997940
6.539723
7.064086
7.066996
9.648059
3.464989
8.785904
0.218071
2.882030
0.486558
6.512040
1.007904
8.457068
6.465917
0.288154
7.147774
8.620350
6.611210
0.305242
8.579195
7.324639
3.784513
3.286303
4.798202
8.671018
2.520593
1.009638
8.646363
0.262898
9.109970
3.057452
5.082227
1.322955
9.022550
7.498362
9.241556
6.832291
1.846938
3.082670
4.868486
6.072582
9.264594
3.839515
7.030720
9.610088
1.523741
8.627096
4.207061
7.324218
2.935383
3.339842
0.271332
9.714042
8.134525
0.939180
9.995088
6.050246
8.537287
0.666608
3.894512
6.696511
1.064337
4.889029
4.426779
2.160402
3.002698
9.671184
2.886485
2.134261
5.362092
6.709580
7.250931
7.542472
0.368325
3.937604
7.739581
9.048521
6.022001
0.523069
3.966458
0.742271
7.485379
0.635055
1.857311
4.169584
4.626483
4.064817
4.633966
7.132391
3.692688
5.477505
3.033693
3.536275
6.137990
4.904946
7.230363
5.605386
8.035741
4.434082
4.910336
6.699714
2.212440
3.859295
6.248413
0.288763
4.369714
5.988499
9.673756
8.770165
2.807420
5.072101
0.564144
2.407544
7.748559
1.233140
2.576905
9.440425
8.238558
7.818277
8.645575
7.496057
1.205862
5.165613
4.442439
3.111516
8.340405
4.641392
0.602976
2.749656
2.286211
8.874789
6.474381
5.603763
5.066493
6.501130
7.548756
5.543847
9.382854
9.768342
9.953424
6.693911
9.326204
4.044797
8.595924
9.091743
9.041405
8.308463
4.065991
1.589075
3.339564
7.672886
2.328855
4.782721
5.653995
6.038586
9.357256
6.614930
7.862988
5.818783
8.335803
2.636636
2.098777
9.263201
6.934809
6.715256
4.672952
3.766973
5.556912
1.205663
4.547126
4.553677
5.383365
6.346856
9.573184
6.521691
8.837252
5.563039
6.269279
0.698370
1.332637
5.796704
3.957129
7.988105
5.431779
8.822910
9.723317
1.476352
3.948277
6.649810
3.054888
2.670323
8.137385
9.803784
7.738033
5.236766
4.425112
5.396477
4.628397
5.028881
2.034530
9.037419
7.545350
6.809774
9.499249
2.843943
0.811594
8.261387
9.984170
5.784324
0.588094
7.804680
0.737490
5.400140
2.775325
9.150268
4.513312
8.984633
2.990811
3.873626
9.471191
2.013144
5.785011
3.885103
7.741669
1.292964
4.372149
6.989326
4.070162
0.585317
7.051123
5.031983
0.113087
6.126559
9.198811
1.110260
5.906713
7.286689
0.707737
0.226155
4.641959
7.911867
1.607194
8.366373
6.565773
3.321733
5.158258
9.655749
2.164370
4.995354
6.244865
1.380146
0.435221
0.134600
3.246928
0.739473
8.037700
9.973195
0.613038
4.327263
0.257321
1.339909
3.229226
3.936982
9.397829
3.958368
4.962777
2.455834
0.001251
8.993344
0.817148
9.642488
1.308441
6.048785
9.994106
1.384646
4.239431
7.804237
0.321902
6.897828
0.803733
2.365201
1.600762
9.073364
1.804567
0.404341
5.876257
3.461809
4.057062
1.190627
7.482345
6.015536
3.642170
1.715749
5.934517
7.785973
3.123973
0.258604
2.143440
6.823978
9.890964
0.133762
3.061536
0.620209
3.163493
4.059144
9.208621
0.805608
7.771340
3.955344
8.112629
5.134022
0.392820
9.462059
0.827341
5.976835
8.776678
0.797698
5.538934
8.242899
9.863247
7.243274
2.783344
6.995703
7.057668
6.999660
8.542604
0.873801
1.084198
6.406171
9.538811
4.658386
9.605627
9.380853
9.029098
9.098510
8.983188
8.198894
6.949790
0.244082
1.322536
1.342321
0.235403
1.167018
9.197464
6.638043
3.120730
7.933600
4.883695
1.421270
8.845021
3.386620
6.988592
2.905941
5.000712
8.162527
1.567773
9.772514
0.702159
5.340089
9.160255
9.456939
2.321090
1.439850
7.244030
0.419736
4.852390
7.963552
5.602547
1.880133
4.870443
9.212748
6.172130
7.214906
3.362639
1.884838
2.556422
5.331776
2.802202
5.419648
7.077919
7.343959
1.646849
7.504309
6.726882
0.120051
0.588722
6.462495
3.837039
1.461040
0.443966
1.593983
9.575140
7.275656
5.277054
9.415405
6.191104
7.256452
2.826518
5.889819
1.434772
4.044831
0.332403
2.166281
0.748686
3.877788
8.430351
3.779341
8.316397
6.564983
5.095294
2.368917
9.221560
0.542008
6.889130
6.212399
4.410415
2.403209
4.306959
8.727727
8.367661
9.413813
3.077932
3.871042
0.187262
9.429500
3.293901
4.041638
9.078046
5.265985
5.661746
1.762328
4.986600
9.182086
5.587181
2.551164
0.311809
3.363018
5.725909
0.426133
6.097926
5.234138
7.834355
0.288882
7.808474
5.208770
3.705293
9.653830
1.601195
5.413251
3.209815
5.274864
5.522755
0.894482
6.611351
6.344815
7.694673
0.906585
2.972585
6.501106
1.367308
6.775982
0.590267
3.349316
8.467112
7.742913
6.447607
8.704584
7.092695
5.193751
9.797175
6.948561
6.013672
4.088706
9.024125
2.957091
0.092196
1.967405
1.095175
3.189938
8.258787
6.515297
1.689806
7.888217
5.042199
5.127146
3.621122
8.646164
3.183273
0.941398
3.027290
7.153535
6.575819
1.880172
1.117843
6.608657
6.763768
3.661496
8.428014
9.782052
2.056452
5.770687
0.053463
7.130544
4.142821
1.932692
7.522219
8.106488
1.111665
0.409958
3.340784
6.259905
7.934195
5.460625
5.807488
7.998582
5.288434
6.111545
5.162173
8.804583
2.355166
2.639936
1.279615
8.194668
4.117773
3.478939
9.813487
9.268034
9.719877
1.422990
8.912519
3.287096
0.126568
3.912983
5.091964
1.082204
5.376776
8.194635
3.776510
3.526448
3.388104
9.230945
0.487581
4.450761
2.645994
8.938070
0.960523
4.114428
4.068161
8.883945
2.154934
6.448954
1.344061
9.539757
5.930150
6.262568
4.337734
3.422827
2.126764
6.039877
9.545617
3.597909
8.831569
1.487763
9.361260
3.504863
3.797272
4.628423
7.182443
7.196534
4.795886
5.231529
0.300105
3.042967
3.460171
5.587273
5.582998
7.098998
7.170273
2.352107
7.701871
0.196036
7.161619
1.020611
7.296482
5.271181
4.372545
6.906664
0.363708
2.234703
6.164402
8.472154
3.811076
2.587615
5.187365
6.223153
4.201030
8.767107
5.234387
0.358236
2.230540
4.506470
6.977255
2.197522
9.762574
3.185583
5.324802
0.189664
8.848907
7.888347
1.954580
9.332367
3.158398
6.921863
8.189763
7.409144
9.175828
8.642748
9.946115
1.826114
3.047618
6.362259
7.330472
5.346051
0.739284
8.415953
9.608744
4.055169
2.248125
0.193138
2.372990
6.999188
9.115894
0.935131
5.532592
6.955312
2.763808
5.698970
7.152484
8.377192
4.524999
7.478572
3.017830
2.130467
1.873137
3.588727
0.358797
2.829918
6.522228
6.479190
0.735538
2.874156
5.695577
3.185521
4.179880
7.128108
0.092668
2.763935
1.423722
1.276092
9.590403
3.765603
5.270886
7.338219
0.474475
2.410226
8.321478
8.619906
3.729509
3.748616
7.568969
2.950702
1.170941
2.575355
3.873447
0.522047
4.786803
7.400075
5.137452
0.718953
4.401496
7.089046
0.580967
0.598472
3.706014
1.949640
9.347808
5.813436
2.873254
7.047767
3.749290
1.321157
2.372322
6.427473
0.518761
2.726890
2.083115
2.011351
6.827624
8.258169
7.158666
6.457278
9.164517
0.583924
1.674831
4.144069
3.724516
4.180516
2.064549
1.495033
5.091932
9.280525
3.919695
0.433532
7.061674
2.911049
2.450950
3.242580
7.238155
8.188194
5.880561
3.224787
3.104782
1.243083
9.333011
6.381394
0.269746
6.623671
4.471534
9.725579
8.190688
1.713158
7.201111
4.855660
1.870452
6.987399
5.473876
0.303739
6.465879
6.349871
1.440852
3.489877
5.858990
1.387830
8.527234
0.274860
1.028374
1.161069
5.281071
6.201140
4.037408
2.886668
8.093174
0.682860
2.802919
0.391156
0.138901
3.533799
1.948237
2.683659
8.209472
1.629801
7.802334
6.750506
3.264455
5.465561
4.444356
1.283953
9.071854
5.696180
8.802401
8.238265
0.797759
2.072707
1.452611
8.307796
8.624466
5.279715
1.041781
1.356166
8.135489
9.291902
1.994757
0.111376
3.309529
0.304994
8.279749
4.915123
6.418608
4.114849
3.455076
2.222004
7.705326
6.955476
3.607290
3.211161
0.012429
0.635521
6.232555
5.146073
4.348032
8.275023
5.038982
3.844936
1.612563
8.206880
5.762483
0.924600
6.488984
4.250708
8.113862
9.189146
6.004658
7.316128
0.565908
5.602554
7.553400
4.967621
5.935501
8.989482
1.980996
0.982465
6.906436
8.228489
8.504902
6.416445
8.332134
7.006642
0.873769
7.620435
1.793597
2.366093
3.946506
3.145671
3.216517
1.692595
2.938710
0.196626
4.729109
7.685910
8.622474
8.204286
4.164577
7.304265
2.878908
0.555625
6.759715
6.487962
8.016294
6.161062
1.568916
8.531624
6.272528
8.076097
7.741071
2.978645
0.745530
1.765044
0.928623
2.434124
4.595323
9.068106
8.720187
7.185998
0.241124
3.413892
6.823484
1.290289
8.010879
9.145737
3.541044
7.058431
1.482041
6.908165
0.214554
1.507715
7.098814
7.118502
6.411627
4.773640
6.749081
7.738008
9.664817
8.886411
7.945342
6.947575
5.741556
1.206088
1.655568
8.202796
8.033129
6.144589
4.388402
0.260327
3.271770
4.206397
4.858163
9.293246
1.087094
5.188669
3.679223
9.900981
8.618640
4.387858
9.996956
5.140633
1.671178
5.558747
2.262058
6.363128
9.374402
7.861986
2.731637
2.968586
0.692882
2.858678
0.926248
4.994487
7.083471
7.511812
0.595292
3.399559
2.881718
1.043003
3.624713
2.993201
6.344992
8.833027
