6.848683
4.666136
3.367166
6.191515
9.778471
4.268414
3.917351
4.642669
0.762184
5.531633
3.286974
1.214221
4.662568
0.033840
4.017852
1.057353
0.242927
8.244750
9.162488
2.076746
5.392982
2.779582
4.935774
4.366313
2.690511
7.003936
1.264910
0.530728
7.676754
6.659300
4.985261
4.677898
4.974114
4.370241
3.928923
4.996906
5.285151
6.919023
7.112072
3.776291
4.135405
3.736972
5.365358
4.533535
8.895965
6.963613
8.986564
7.091370
9.709922
6.357368
9.635501
1.581699
0.524777
5.791252
9.834932
4.176053
2.120434
5.215415
6.487986
3.151787
7.147694
9.751145
8.969631
2.915854
3.267237
3.715412
3.945528
1.003195
7.619628
3.653393
8.798200
9.269406
0.244313
9.885031
7.100227
5.203922
3.895276
5.185181
3.246247
6.226878
0.929803
6.211226
2.753448
0.176348
5.527058
5.784478
4.265690
0.722862
8.933430
6.114308
1.157133
5.109306
4.972543
0.604019
6.068597
8.083264
7.490080
2.029694
8.622926
3.425422
9.465084
0.717480
4.862087
5.971244
2.476501
7.713802
6.268957
0.181094
6.083686
4.914783
1.960292
9.957482
8.971622
2.925077
5.410709
3.165021
7.754958
9.303314
3.588286
8.055842
4.984076
3.965786
9.384218
5.104047
4.674105
6.724344
2.612342
3.247929
9.320458
6.785298
8.266372
2.711118
5.437902
9.713963
3.187039
1.604765
5.108860
3.878211
1.595772
8.885514
9.907239
5.685822
7.746768
8.590384
7.009820
0.441560
1.576342
0.709892
0.098796
3.059964
3.923560
2.410297
0.646046
5.298631
2.733193
7.960371
0.080526
8.425270
9.547537
7.161351
7.336441
9.335623
2.090713
9.945656
7.734812
7.265707
3.610906
5.457775
6.539178
6.203429
7.049846
0.823817
3.556484
4.340000
2.606293
1.726273
1.389275
3.663834
4.934417
0.629764
9.464581
7.652433
7.308518
1.728605
6.038008
5.297249
9.824689
7.476717
5.757619
8.508126
1.550943
0.152165
6.902333
0.983115
1.154336
7.446807
2.705348
6.286312
9.174069
3.164745
2.171442
1.065629
1.304624
0.622227
0.876424
4.320046
3.208650
7.065608
8.702416
7.847732
5.306373
1.024421
7.097673
3.628287
0.856504
8.424664
3.382165
2.182488
8.714520
9.021338
3.389708
3.548014
5.796285
7.334415
0.631492
5.933436
9.528200
2.620939
9.088272
9.501683
2.691536
7.542019
2.387750
7.376112
7.974200
2.472057
7.158695
8.121045
3.585789
1.677028
0.919646
5.753817
9.780981
8.229504
4.358397
5.366209
2.795279
1.630659
4.820812
4.635015
5.219299
9.528046
6.038953
6.057718
1.280248
9.964889
7.728449
8.772034
4.143004
5.021281
5.220838
1.940945
6.894892
9.029767
1.637058
0.863183
7.382189
2.732018
6.238626
6.957583
3.219108
8.151446
5.499890
8.689994
7.632936
8.685757
0.201614
2.435063
0.900079
4.420830
8.899601
4.675403
8.497130
3.271782
3.395701
8.955617
4.258172
7.897655
2.366436
9.488008
5.745782
7.593235
0.895157
4.926642
9.010385
8.770387
0.468140
3.036985
4.433200
1.722648
7.299983
1.845120
3.466397
6.632806
4.820893
7.385710
9.612079
1.165467
7.095677
2.303442
4.144767
0.328627
1.359074
3.197773
3.419858
8.995852
7.418129
9.721829
5.990715
2.417137
3.276550
3.198359
3.264943
6.729642
5.308079
3.854242
1.490898
0.221392
2.188347
1.074714
7.854450
1.124980
7.242282
3.856587
0.733784
8.127300
5.796306
2.357615
8.946812
0.452583
2.018196
7.520469
7.093779
2.892717
0.620249
8.580781
3.136976
1.957134
5.160618
9.102272
0.435466
7.658041
5.724732
4.254491
7.440804
9.658244
2.292062
1.436474
9.128818
6.689531
4.379860
5.732596
7.456139
7.730319
9.198942
4.268428
2.934109
6.396643
4.157279
5.945984
4.199858
1.529958
4.694268
6.909178
7.992838
4.933263
1.652379
4.146877
7.862939
4.128592
6.965308
5.072137
2.412231
7.961505
0.842135
5.248903
2.088910
0.670656
5.029339
4.995622
7.069009
7.447507
7.277915
4.095587
6.316898
5.769453
4.215618
5.972127
9.472479
1.928937
9.057721
0.534555
3.083892
2.881453
6.263651
1.312250
8.823476
8.285514
6.520658
4.584138
9.329560
8.307466
4.993152
7.018734
5.669300
5.879422
3.309761
4.620846
0.781214
3.573487
6.958285
9.532161
9.630641
5.557229
6.066223
1.857212
6.953081
0.706588
2.846857
6.683633
3.103101
0.498469
8.318704
3.103300
0.631052
0.747882
2.517588
1.780159
7.743001
3.216841
8.046958
1.738460
4.928792
6.880372
6.519908
6.011294
9.248216
2.285251
4.937192
8.839926
0.778938
0.558883
2.333023
6.330212
2.598796
1.902399
4.588023
6.135981
2.485577
3.006912
6.135593
9.457384
6.747417
7.829041
3.668101
2.722543
4.542677
8.071328
4.562996
8.467254
9.887720
0.720267
0.454102
1.495897
3.843697
1.310422
8.706645
0.231463
3.157927
1.846946
9.315393
6.694810
9.120302
9.723287
4.970983
2.343191
1.937288
2.229189
7.085933
0.404457
0.513611
6.081429
6.420571
6.652629
3.718805
8.059449
5.336246
1.054656
7.970993
9.530678
0.600363
3.913513
4.875160
1.464708
8.677090
2.841496
7.830085
6.709945
5.980458
1.921428
2.207035
0.473484
2.407124
3.454436
8.331453
3.663927
7.546218
4.394423
7.848683
9.762716
2.398416
8.623416
6.218241
8.172942
6.515859
4.239495
2.280749
0.700352
5.355184
9.903261
7.380418
3.273455
8.272048
7.689840
2.816358
0.143075
1.181626
8.773062
8.365630
2.952090
2.851954
7.928650
9.377375
7.791373
6.055787
2.426713
5.257479
2.335119
8.080114
3.869611
8.336972
3.816092
8.241494
3.333178
4.401327
6.154884
0.702876
9.482071
5.736058
5.078200
8.393940
8.657627
5.222604
9.272623
0.647378
1.132258
5.967882
3.540659
4.642251
3.280792
4.047253
8.226463
5.934762
9.973446
7.868792
2.736663
2.643451
3.358983
8.432595
0.272877
2.301813
9.049184
6.398964
2.268471
2.191450
8.626181
8.937575
2.561311
4.205103
8.345958
7.710074
8.139161
5.183982
9.115491
3.259516
1.566721
7.087323
5.393544
8.545857
0.811593
8.436924
2.932946
6.548557
0.401288
6.095813
7.172717
3.687502
2.154107
5.376307
8.331908
3.235474
2.524693
2.789353
9.491322
3.592769
0.036042
7.816812
6.992748
1.285683
9.849043
6.080623
5.007795
3.822193
8.986728
2.439635
2.857689
1.224108
7.591191
5.955493
6.090662
2.184704
6.511684
7.654584
3.578885
8.013472
3.487906
7.581385
0.337301
5.511646
9.695266
9.812446
2.817526
4.413991
0.629779
8.733413
5.685721
3.851007
1.127706
9.467673
5.302190
2.829279
3.502151
2.706972
6.018098
9.299636
8.566938
4.603809
8.264994
4.231055
2.523071
9.834151
3.038876
3.237242
9.896929
1.339275
7.605340
9.358128
5.117950
0.025218
3.750589
1.115690
4.161877
7.900268
4.387115
4.319251
5.567895
5.816906
8.562963
3.083555
8.216713
5.659338
3.005296
2.951260
3.611375
6.226933
2.308117
9.203336
5.749126
9.200158
0.464044
3.426114
0.228077
2.722518
8.620065
0.366097
4.361471
1.175671
4.168406
8.388515
6.230711
7.367563
3.491041
9.443977
7.092621
4.217988
4.264648
9.186842
5.764047
7.063792
4.170352
2.236928
7.235593
6.078238
5.013429
6.240210
2.082856
7.939387
9.481628
8.911032
3.214357
4.060058
8.084023
5.951171
5.479145
9.266419
5.360250
5.149387
0.420186
0.694170
0.074203
9.132442
4.083867
4.685614
8.453870
6.092463
6.095016
2.965344
8.339084
1.658300
0.531496
1.916034
2.677372
2.823111
6.705136
2.178246
6.766583
0.911322
1.472025
5.088214
9.218958
8.595675
9.687534
6.504791
6.758149
6.250230
6.228189
1.471203
5.437389
3.860679
4.425372
5.236006
1.283962
3.594877
0.634496
9.796681
1.185280
2.585247
8.912930
4.827100
1.356372
3.842305
1.158680
2.002160
0.520298
4.382275
8.066361
5.859692
6.063453
2.005840
3.438938
8.452421
0.878562
8.579307
4.836900
8.371474
3.180064
3.388429
7.516049
7.849962
2.296447
9.728713
0.844901
0.685030
5.955042
7.227407
9.608861
4.049458
0.252914
6.028964
2.896960
4.329471
4.884695
0.645126
4.859818
4.263196
7.125443
6.456659
1.852157
2.061389
2.510062
1.789504
6.572132
9.944302
6.521083
6.066815
4.099279
3.125803
9.110738
9.690019
4.967762
2.902005
7.701222
1.324568
7.655882
8.189484
1.249039
9.768615
9.855123
9.367195
4.960348
2.460742
5.820093
4.199338
2.059486
4.236764
6.638898
0.709133
3.334180
0.177949
7.494955
6.406913
0.626721
9.647376
0.226216
5.899606
7.763675
7.878963
0.342851
9.064152
9.184517
5.613904
4.820832
0.448675
5.619542
4.093791
7.728064
4.038836
6.835808
1.014081
1.329523
1.397102
0.455255
5.413289
7.939677
6.104112
5.749549
6.806239
3.396453
3.619541
3.142701
7.121089
1.616403
0.130253
5.961965
9.423814
6.094079
7.829216
6.727907
4.974367
7.183924
8.241041
2.247316
3.361305
2.237257
4.521729
8.850645
3.452071
3.744669
8.603672
5.153743
5.354490
8.608012
4.905267
6.815575
0.856447
1.786317
4.043762
4.948390
9.657337
9.706516
8.511971
3.155988
9.640283
6.893409
3.929401
7.016749
0.165227
1.461547
8.296857
6.455736
3.641947
5.006666
9.051421
6.315781
3.981493
1.203267
2.937468
9.783402
4.373631
4.718395
4.985981
8.841041
6.039283
6.936770
3.894135
0.290876
9.309730
9.491277
9.491530
9.436871
8.152419
6.845961
8.445099
6.005462
1.343696
3.912182
9.712949
3.511378
8.678279
0.932115
3.341838
3.509533
0.516025
1.190943
1.931652
8.378156
0.634020
2.987009
0.101750
6.956277
6.203031
6.449822
3.743828
2.082678
7.203202
8.111178
1.386015
4.868294
2.487157
1.681069
7.343253
5.380970
2.161853
3.100000
9.666536
8.486795
8.799467
4.600121
6.238073
3.767677
0.777120
4.010693
5.939807
2.871443
8.479506
1.511002
3.671291
1.249039
4.048321
0.396613
2.725494
4.007352
4.781653
5.436964
2.749911
5.230413
5.090046
3.161781
8.302003
5.456411
3.322697
9.473385
8.451124
9.825878
6.922339
3.782229
2.808607
6.633178
9.808166
6.267151
8.816150
3.291034
4.069538
9.062753
7.568667
9.814103
7.747642
4.485157
5.310680
9.005155
5.516468
2.553974
4.356198
5.163160
0.967198
7.437627
1.093539
4.049177
8.046225
4.675704
8.420156
3.418813
9.576363
2.094684
0.382641
8.724265
7.522027
2.319838
9.847416
5.022801
9.510654
5.050288
4.718746
4.491385
3.348753
5.337015
4.525547
0.367469
2.604352
2.131228
8.674356
5.988700
7.636831
9.568260
6.440392
9.826100
3.117640
1.862672
4.033099
4.707994
8.953615
5.599404
2.921810
7.426343
5.058320
1.621319
5.768198
9.113945
8.426227
5.868100
3.770832
0.869788
4.696489
7.520794
3.602737
2.354468
9.313797
8.215557
6.382756
1.367833
1.449088
1.032196
6.162967
1.155628
8.426272
9.929650
3.663482
4.536698
7.116672
9.371531
8.940938
0.575918
1.690718
7.545972
6.888931
1.332186
5.020646
7.808146
2.187807
8.712876
0.529718
7.821951
6.158189
3.151994
7.209325
7.823658
9.338989
3.677747
6.860168
6.026163
5.252061
8.904164
0.031673
2.821116
5.382772
1.782933
9.078666
6.475951
4.778830
8.147017
4.508862
5.586530
0.027510
3.657005
1.387905
6.896887
4.790269
3.017576
4.678323
2.096299
9.250866
0.539726
8.654170
5.113588
6.189465
3.026056
9.666976
2.818510
5.888780
9.934167
8.810944
5.363298
9.903746
7.013699
2.087004
4.055962
3.344933
3.440137
7.604564
5.842629
0.380927
8.774485
2.967961
9.970749
9.541907
9.405307
8.111276
2.206133
5.326327
2.243026
2.596755
6.109518
0.408335
9.694586
9.186731
3.807676
5.154224
4.661194
8.821998
6.886019
2.781112
4.468412
4.289660
9.593351
1.753109
0.895763
8.806189
8.966860
8.717391
5.109769
6.597444
5.633630
0.694478
5.958349
0.136141
3.249874
9.322926
3.040453
9.398267
2.501340
3.145622
6.284075
7.616270
5.013878
8.821157
0.402404
9.221949
1.963078
8.842387
4.008632
8.327571
6.716656
1.759416
9.180475
2.455174
2.441401
8.141789
1.058733
2.220359
5.036776
8.304770
1.474840
5.476682
7.112406
8.605952
9.355656
7.846399
6.528284
4.336201
1.121101
7.097372
9.927373
7.367606
0.167111
4.962600
6.146466
6.896742
7.197258
5.581084
2.233603
9.422007
6.966665
2.368400
3.223218
9.219276
8.874852
4.051465
0.383072
0.484974
2.839183
6.291222
5.841946
6.338278
7.172830
0.190323
1.050856
3.594835
1.548600
0.753200
6.409644
8.153365
7.526267
8.170398
6.658566
7.353453
2.717788
9.930080
1.831657
2.144939
2.889218
9.753325
9.882886
7.948937
6.290576
5.200626
9.706208
6.956228
9.447301
3.165508
3.337748
8.547246
1.498549
9.459279
5.074744
9.264139
3.367928
7.159589
4.828751
6.268036
5.043725
9.671156
6.921054
2.513190
9.096769
2.940297
3.716051
1.021237
8.999665
2.861120
2.589176
9.202626
8.055268
1.410789
7.693245
9.130331
0.785112
8.252150
5.474201
6.691975
4.928544
6.978031
0.340979
7.627067
0.333437
4.552999
1.509650
8.235743
3.136609
4.540936
4.287508
7.725019
4.811444
7.889584
0.735083
1.915940
5.515343
9.470883
0.747578
0.430842
1.565507
6.411531
3.989929
8.255524
0.719332
1.964141
3.000264
6.267301
6.851727
1.242033
9.438047
3.410441
7.131688
5.242077
2.227581
8.462283
8.182381
3.960719
5.886076
2.578257
6.898516
3.090268
8.440787
2.173851
0.148034
2.685081
1.910525
5.082864
2.037033
7.631899
2.413706
7.069682
5.784709
9.862498
9.999010
8.695261
7.599833
3.864564
7.532767
9.566755
0.233776
5.379147
2.179983
5.578763
4.664471
5.757686
5.509622
9.601070
5.521861
8.462321
3.198203
4.381007
4.704135
2.787280
3.797903
5.985131
5.801877
6.364354
3.518179
3.158315
6.116179
1.328617
2.530315
0.421277
0.726109
2.433833
0.195293
2.454106
6.549763
0.611071
4.367367
9.131088
7.912848
3.054375
9.248055
3.296465
0.725155
9.940559
8.700225
4.659328
6.663765
6.712281
1.944822
2.000486
4.695807
9.115731
0.099938
7.825057
0.575268
4.782221
6.378728
6.867593
0.584793
4.186036
5.838373
0.660455
1.350946
6.636490
5.216382
1.618287
5.352393
9.126924
0.155876
6.426338
0.736504
0.064494
1.506545
4.229066
8.023440
2.817855
6.256732
4.111567
2.343318
5.142471
7.974645
8.324924
8.465196
3.385578
7.934561
2.121784
7.384251
9.483844
0.137438
4.403639
6.477710
7.017758
1.760878
9.721833
6.152654
1.643406
0.205225
7.832642
0.797047
1.410509
5.748300
6.035055
6.868871
3.935140
7.738986
9.743586
2.710949
7.030286
9.284686
6.862868
6.811095
2.237726
5.351302
5.625228
7.001296
9.968214
0.336438
0.652327
0.779501
7.429791
1.363538
6.224519
3.246689
4.573200
2.156632
8.661066
5.861503
9.445633
5.745963
1.239080
1.708704
9.890739
7.255652
0.492788
7.037810
4.121730
3.072084
1.540608
8.399039
0.638414
2.898355
3.063829
1.609053
5.081849
0.117026
3.009755
9.336294
3.105296
3.604594
4.731650
5.616934
8.087087
1.903212
8.717463
7.575493
7.226503
0.868046
0.216407
5.940127
8.631340
5.844415
2.132349
0.905199
6.995965
7.217703
1.725317
0.281903
4.082835
5.827187
7.060024
8.099450
6.105374
1.108806
6.825817
9.841766
9.055846
8.716689
3.021702
7.507882
8.511034
6.783262
2.505618
9.538340
4.508194
1.298056
1.097779
6.475190
4.377097
0.944839
7.403646
7.993252
7.254156
2.022609
6.897755
0.107228
3.051121
3.988215
8.352469
3.903944
0.112694
3.523464
4.989241
9.490047
9.410343
1.808740
1.851465
1.633815
7.889219
0.060220
1.271772
5.379596
2.475621
0.923565
3.598780
2.742076
5.111043
9.792336
1.243046
3.727267
9.319850
8.768730
3.942710
6.989532
0.878570
7.125411
9.728578
5.374882
4.984902
1.873186
6.337882
5.904373
6.519331
0.260833
5.487235
5.949348
2.075301
2.083328
2.762182
7.117216
6.062661
8.457626
2.956586
9.120681
7.437062
3.950117
0.952621
2.569837
9.567682
3.103634
3.299010
1.895889
8.068506
2.756442
3.302583
4.143481
4.337283
4.113408
5.037437
8.145129
8.192850
7.983131
1.011248
7.996788
1.202518
1.247238
9.478628
8.193978
5.524105
8.749702
9.893646
6.106421
6.128984
7.544271
2.321389
1.671249
7.595808
3.449048
1.350704
3.148777
3.586369
9.652277
6.979597
5.308563
9.688731
9.031398
5.120008
9.056796
4.043046
2.304207
2.326782
6.623155
5.010703
6.589509
6.860760
0.223229
0.540396
5.326777
1.910355
6.325338
5.521857
5.857604
3.024554
6.398435
8.294927
9.980713
8.384444
5.574987
1.934296
6.814459
9.376538
2.118665
2.559956
1.490085
7.367217
4.065615
0.626956
8.749500
5.576719
3.310943
3.439830
2.902512
4.554802
3.370417
5.479463
7.735173
6.744613
2.944569
5.287410
8.401261
0.682062
0.782973
5.561701
6.391151
2.114130
7.452201
6.462634
9.232893
1.689542
7.513742
0.836431
5.652924
5.518951
3.883850
8.445711
0.043706
5.201794
2.171535
7.434986
0.430674
8.315547
8.380922
8.328660
1.525685
6.304065
0.143674
8.479626
7.229752
5.311537
7.305914
0.943241
5.286558
2.912765
9.726194
8.571179
7.332757
9.337477
3.468433
9.008799
3.252382
7.327967
7.364169
0.183499
3.610597
0.194327
9.970921
1.221968
5.428109
7.905562
2.012636
4.850527
6.074287
1.602048
7.785554
2.993365
2.110231
5.582888
4.103136
9.202860
8.800627
4.833507
3.592638
3.255180
2.675636
5.445478
8.049786
3.107566
1.900941
4.754838
0.690344
7.012790
5.183583
4.963748
3.004454
9.046735
0.904863
8.698240
3.767052
8.806235
7.287614
1.041707
8.315363
6.821768
0.323019
1.337027
6.356280
6.626005
7.466514
7.202454
6.595200
7.662389
5.750857
2.607914
9.123766
0.182140
3.665617
7.288703
4.271560
0.248344
0.659809
6.486374
9.648646
5.518636
5.067578
3.183252
2.566907
0.209850
2.729549
4.491105
1.979498
0.873480
7.177279
8.946202
9.367721
6.179987
0.527746
7.408626
1.100953
6.697481
7.793658
7.258647
9.518838
7.381463
6.932098
2.617432
9.247687
1.795439
9.048966
3.126626
1.301636
8.266830
0.024955
8.320883
2.623118
8.847213
6.914792
6.661833
3.653196
0.594030
8.300731
1.709038
3.722586
6.003547
4.822537
1.986606
1.406164
1.232463
8.630079
0.315595
9.770143
1.985287
1.103223
5.769717
0.799860
6.024533
8.506267
0.478980
7.998686
3.944774
1.594906
1.760965
9.187646
1.106058
8.667828
5.442446
0.390562
4.644762
8.174495
7.262028
4.887824
8.600499
1.203648
9.099411
8.464412
7.082768
8.178878
5.438155
6.751624
5.605981
3.554285
5.688608
2.574653
4.402792
2.807754
1.228878
3.218619
8.519872
3.810808
7.480036
1.751979
4.244192
1.148561
1.386211
6.174364
6.074818
2.133719
4.744232
8.633061
1.742015
0.192105
6.519951
0.534982
9.799402
6.096203
4.703964
4.299925
5.730707
0.906244
9.300191
6.256421
1.839785
5.625811
1.332565
0.175527
6.305170
6.484833
5.836966
1.834832
6.034298
0.565109
6.092383
5.540170
6.552548
8.954756
8.503581
9.806541
9.762410
7.723197
9.564197
8.672839
7.275825
0.753843
0.490499
8.375996
4.896559
8.146067
3.129183
3.976499
7.001867
9.153267
0.877615
8.614781
7.930127
3.155393
3.552166
0.464615
0.157406
4.770061
0.955396
1.940018
8.467672
5.710284
6.336324
1.874793
8.286618
8.679798
5.233276
9.125578
8.448286
7.313242
7.340759
1.053935
2.708360
0.668472
0.086812
1.583095
8.804872
2.398741
9.701540
5.972910
2.372585
4.971308
2.190948
9.839736
8.472650
0.262388
9.477760
7.210651
0.823813
6.706378
6.469267
2.187887
7.584467
0.870647
4.894452
0.099232
9.687375
7.515636
1.588521
3.416740
1.605624
7.666174
0.588963
8.404066
9.421964
6.766279
2.129654
3.600901
4.772399
6.046248
6.686631
5.542147
3.513139
8.909173
0.813921
4.662560
7.755649
0.608727
7.053352
8.197116
6.608313
0.129369
1.801370
3.421131
2.336900
9.626521
6.515939
2.969710
9.296975
7.405942
2.846072
3.788816
1.994289
9.710740
5.172965
8.960567
3.464998
8.608416
0.538868
9.820903
9.120343
3.632030
7.747221
7.522579
9.012548
3.072550
4.655200
8.649996
7.785795
3.934667
8.457253
0.469540
7.820463
2.067659
2.861209
4.932148
4.497345
5.205701
5.447756
3.315277
1.752275
7.684812
3.999762
5.058409
6.446967
9.096379
7.075528
0.454592
8.385604
9.893550
4.724850
9.695904
5.473288
4.596160
3.314048
6.575549
2.298204
1.049342
0.272371
2.923801
3.957708
5.520767
2.927498
9.840596
2.917452
4.409754
1.032762
2.606265
0.483321
5.595086
7.510647
1.957098
3.679109
0.166162
8.395221
7.799635
0.632540
3.648676
9.552866
3.920270
5.262087
3.552429
5.961314
9.781569
9.975025
7.747150
4.043111
4.944322
3.567313
9.855746
7.077603
4.489315
0.121153
5.204834
9.839282
5.230609
1.824267
0.220937
3.547038
9.182281
9.965541
9.453680
7.294200
5.581427
5.906861
5.389920
7.070493
4.188732
6.692040
1.216121
2.656953
8.360030
9.037489
5.390082
0.316356
9.269735
7.020643
4.140279
5.983789
4.297749
4.653392
8.868098
1.610842
1.036691
0.027287
3.140004
1.474138
2.199855
0.112390
2.271954
3.327116
0.315675
6.079041
5.688004
0.970358
5.950098
9.986539
9.444690
0.026710
7.953783
3.536053
0.636514
2.959832
3.217365
5.232442
6.610837
7.490556
2.459030
3.217706
3.083817
3.627369
9.996563
7.779433
9.749905
6.931110
4.062707
3.897442
4.885811
4.168698
8.283262
4.650020
2.956144
7.748603
8.544204
4.204289
6.678086
0.588045
5.294649
0.449811
0.291908
6.129249
3.033354
7.425372
8.960826
1.393912
7.245228
5.145200
1.121192
6.515926
6.094668
5.156419
9.264712
5.210797
9.905151
5.092288
1.158520
4.704712
1.823288
5.971335
6.931322
4.684353
0.977030
4.686414
0.814542
6.821259
7.903682
9.623803
1.488021
5.324203
5.675374
9.224766
6.272767
1.455096
4.363513
6.547625
7.002844
8.630740
1.805071
9.515422
0.591394
9.837622
8.577671
6.602728
7.349955
0.726920
0.414799
1.017658
0.873598
5.473812
2.154440
8.602057
4.457486
6.955105
6.528731
3.198530
2.431676
3.424563
7.966584
5.862769
2.535387
8.178465
0.547594
6.991834
4.391008
7.312904
9.274612
7.500341
4.419653
1.509757
8.063510
4.607055
0.753123
7.190554
2.918520
0.488882
9.027510
4.831011
2.809611
7.163866
8.859024
0.003071
6.878522
7.670117
2.099274
4.896238
0.892859
7.467499
8.474560
1.081867
8.164602
7.715702
3.469133
6.902895
0.000481
9.317977
5.503832
6.203389
6.646594
5.613690
8.567639
6.097018
9.077600
5.823316
1.711224
9.135626
6.816275
6.992390
9.854817
0.751966
4.285926
2.390954
6.304265
8.068117
9.663107
4.545961
7.862182
9.170516
6.833254
2.427325
6.078541
9.699520
9.875538
6.423598
8.869878
2.003494
2.460786
9.528876
1.352354
1.911064
4.205486
5.895843
6.038172
2.919760
9.206139
9.150999
3.920681
4.342918
7.024971
6.629959
3.822970
4.142443
3.480389
2.353850
4.581384
6.864341
7.419667
7.788736
3.747320
7.646360
0.065163
4.770499
7.939044
6.300447
4.740631
6.446420
9.069460
5.663818
7.997862
9.807427
7.055682
5.733258
0.374859
3.744779
5.654428
7.972066
4.381048
9.600583
2.717937
7.445672
4.190314
4.859885
8.025021
2.962153
0.968121
5.202556
5.287946
7.971678
9.683192
0.553007
5.916895
6.812785
9.858013
9.425902
7.124507
5.217894
1.615239
3.841766
5.851223
7.252004
6.353996
7.141228
4.291525
7.276273
1.437413
1.625863
1.628321
8.908649
0.760341
8.015083
2.335709
4.684299
9.159566
5.859372
2.101177
2.840901
9.204466
4.271439
5.869855
4.599322
3.784381
2.232791
6.861915
7.182420
2.748851
7.890109
8.545352
9.206751
1.612124
3.039237
8.603534
1.985402
0.034685
8.708273
3.264494
4.144975
4.463340
8.482746
3.378922
8.922799
6.169391
5.272867
3.256145
2.437117
6.240584
4.468942
9.105160
4.916387
5.117949
4.167233
7.892630
4.248392
2.693420
8.620309
5.968282
5.915102
6.108222
7.188397
3.130680
0.338444
8.105931
1.289051
7.218197
0.823153
3.753078
0.630261
5.222137
6.531358
1.714331
3.716276
9.302395
4.423891
8.025435
9.271848
9.743458
8.983220
3.174053
9.625729
8.123953
8.371756
0.151730
9.542389
7.780902
7.679675
0.815247
2.325686
9.622617
5.006771
3.978580
8.399408
0.873404
4.169420
3.757008
3.498514
3.076922
2.100749
1.729108
6.404061
9.193949
5.088516
2.979746
1.591602
8.301434
9.714921
3.491554
2.909504
6.014929
7.753290
4.554028
6.300732
7.165491
9.605923
1.650373
9.973825
3.921566
7.232001
5.724144
4.866686
6.980754
3.957539
1.261100
4.888934
5.219159
2.019022
9.356194
2.274756
4.092276
1.549297
5.357966
3.076376
4.892725
2.246169
0.537751
7.792266
6.410863
3.407393
0.474942
8.655750
1.697950
9.307423
4.785954
3.403867
7.417595
8.768394
3.707136
4.073438
4.331582
9.223230
6.925640
2.476461
1.849997
2.303677
2.635639
2.301835
6.585064
1.159335
3.873585
6.250536
2.908600
0.652744
0.818239
1.259668
8.358430
6.578635
0.645224
3.910689
2.785852
5.780401
5.228059
4.811240
3.145124
1.377998
7.423764
8.798568
9.441509
0.586190
7.399087
7.265035
9.471096
2.529146
7.421791
0.546263
6.312457
3.508478
7.689095
8.633043
3.648211
5.255861
1.174041
4.169070
3.608004
1.831235
8.944786
1.480878
6.357394
8.901426
9.119686
7.932397
1.761411
8.174314
2.765648
9.223980
7.090867
7.852675
0.850325
5.827651
8.211421
8.615904
0.286317
9.391592
0.433387
6.145187
6.933875
1.073453
0.480119
7.849122
3.846706
1.071125
7.626678
8.491631
5.873862
1.612368
0.152225
7.008025
5.501397
6.507971
8.131846
4.342278
1.245155
9.399833
5.452621
6.152941
9.334114
9.315837
5.720946
2.976114
9.971136
6.808171
4.084367
5.598368
4.158340
8.883052
4.824994
8.235284
8.401763
8.243323
7.221886
8.548778
3.872296
1.146632
8.424542
4.981684
1.273760
1.153125
1.592424
7.509733
7.108567
2.038187
8.469234
2.812948
7.929856
4.888059
7.315487
3.813877
3.471406
8.413596
0.353023
9.747370
6.481796
4.324834
6.280545
1.227409
5.140524
9.850955
2.352694
7.222781
4.349714
6.524581
2.048872
4.704650
9.800927
1.952872
6.364450
5.755978
5.650516
6.151233
5.022380
0.169308
9.000968
8.269789
1.741677
4.132732
7.705490
9.800623
9.511371
8.993592
1.583739
9.144751
8.784450
3.769499
3.945226
4.599089
6.561756
2.608356
0.229484
1.412295
4.401159
2.820026
7.645165
1.066901
9.174652
8.953272
9.087568
7.396100
1.070000
4.381376
1.314054
9.876992
3.330384
5.853305
7.793931
9.206161
7.555477
6.745038
4.659818
6.054001
0.941638
8.839226
5.437773
0.401350
9.199021
4.893020
8.685891
8.568879
8.157516
0.614030
2.470666
8.755479
8.989910
4.580688
4.400414
1.751406
9.684108
2.131385
1.909368
6.607290
2.428443
9.387716
0.109070
0.057533
5.048768
4.880625
1.633640
4.945196
4.116611
8.903296
0.092539
9.762698
6.243927
1.518434
0.467600
5.381057
2.348902
3.011655
2.451322
6.501723
5.535290
0.779744
5.265265
7.911898
0.811946
8.897389
5.783066
9.506245
1.481412
9.935650
6.442729
5.674942
5.152796
0.236544
9.396392
6.439945
0.916265
0.209522
0.507836
6.093957
6.140154
4.996673
3.067658
5.317427
5.163018
0.194156
2.824692
0.531853
9.001548
7.252232
9.961152
3.021713
8.784859
6.030543
4.531254
2.225731
7.383922
9.041408
2.353084
1.753903
6.962219
9.769732
7.499551
2.845807
4.199554
3.843176
8.520950
7.713708
5.889754
2.749591
9.379886
6.533152
9.704766
5.801170
8.211927
8.131054
3.373288
9.640207
0.219415
7.687109
9.655571
3.389082
6.481106
5.622232
7.615073
8.661779
6.030446
8.159046
3.122856
2.285871
4.306677
6.777366
1.872470
6.803522
3.940937
7.955753
0.368358
6.679826
6.498223
9.409355
7.133676
7.963019
9.045910
6.750519
2.901536
8.697738
7.475781
4.244376
7.105292
8.676888
9.756521
9.523515
3.253278
4.216937
1.095366
2.475443
8.824212
3.608499
6.205526
6.659656
7.818293
1.828000
3.048131
4.483364
3.648411
9.829052
8.349408
4.796867
8.792686
3.476529
7.858283
2.236756
7.723220
4.564534
1.074993
2.732625
4.022746
7.492929
0.729827
6.595470
7.160136
6.539214
7.606697
1.781686
5.871034
9.411449
6.107843
6.113363
7.364397
3.332042
7.004759
9.162338
0.108955
8.701131
2.186183
4.559233
8.523478
8.239121
8.919274
9.404168
4.471570
6.563638
3.904784
3.507167
4.315954
7.430761
5.014408
8.140596
7.452185
0.204785
6.302382
4.365711
4.566290
8.183730
5.476080
8.856218
7.128056
5.528400
7.545380
0.383491
0.270837
0.833493
4.375653
2.354501
9.842613
5.422901
6.624157
2.788201
3.217969
3.354619
6.987357
4.737062
5.176836
5.920030
7.688117
0.903697
7.768739
5.632351
6.690955
3.275518
4.093868
2.311658
9.793000
4.970030
9.960769
4.897860
2.197513
5.074524
0.395956
9.047698
8.185502
7.258205
6.098267
5.798342
9.967282
2.779974
7.796844
5.814048
9.758805
8.278032
9.985251
5.883250
2.045439
5.036870
7.111111
7.743604
0.005100
5.050271
2.352346
8.749119
1.529054
6.664563
2.660622
3.565421
9.405593
2.404481
0.950028
0.692849
5.046151
6.417115
3.272936
6.902597
0.610337
8.573346
8.165672
9.854962
9.365049
3.561972
3.992754
7.459649
1.340828
3.140147
1.185409
4.548864
5.520043
2.111605
0.266317
7.193558
0.200052
9.734026
2.216073
6.639001
4.347517
0.596739
4.721836
5.167606
8.546832
7.323491
0.793025
2.091627
3.118877
1.164077
4.568991
9.843092
5.146128
7.418822
6.829378
8.499114
2.157235
7.538263
8.813553
1.715098
3.468022
9.701017
7.807878
2.825908
5.639418
4.043261
4.899652
3.551662
2.793310
6.747631
7.785418
8.739572
1.553300
8.228556
2.548008
4.273364
9.014437
4.545036
1.970635
1.598687
4.729838
7.626724
9.972052
7.874086
8.770120
7.478323
8.954351
0.762935
9.299316
3.964061
9.216143
0.757328
7.152430
7.356887
9.969109
7.688553
3.825737
5.572485
3.665509
1.960186
2.485023
2.220105
5.488153
9.061606
9.127266
0.547638
0.798994
2.451190
2.550595
0.948892
3.884633
5.877254
5.781622
5.434297
3.386719
7.064557
8.264839
3.462743
0.855354
2.963303
1.373687
4.673587
1.559352
4.628448
2.210029
7.387311
0.275682
5.547463
1.694883
0.009919
8.692001
6.715278
0.989428
6.640724
6.116473
4.733567
4.192581
8.870698
2.451480
3.983101
3.291154
7.712010
9.164653
8.497817
7.977039
9.867900
6.971446
7.510538
9.828026
0.069908
6.340484
7.389715
9.178270
8.838443
8.419607
9.457912
5.373792
0.069201
0.110544
5.446391
4.352722
4.512451
4.004047
9.177258
3.591703
8.562269
9.028648
4.995018
4.469380
7.610206
7.079715
3.285351
1.025481
2.648524
1.310285
2.947323
2.618216
6.377114
9.544960
6.857437
9.266494
7.841322
7.278776
4.140619
3.247945
8.462773
9.053932
4.518825
0.090631
7.925311
2.850688
0.098879
8.049886
5.174142
6.852108
9.146898
5.411738
5.031941
2.906621
3.051938
7.965421
4.490293
1.635262
0.945288
4.729201
4.649550
6.534583
4.710675
1.434757
5.078029
9.067894
1.594414
6.897546
5.938592
7.485857
1.506003
9.416054
6.209664
8.470712
2.466068
7.394129
7.810307
3.974353
3.839535
6.577963
0.934077
7.356242
0.428868
1.905903
6.641438
0.983237
9.718421
8.683962
6.263023
8.190575
8.875800
2.594757
8.494116
1.947938
4.133423
5.582596
7.138910
0.301413
2.905094
6.085191
3.573687
7.750250
6.516521
2.344015
1.459290
6.290470
4.504673
1.689570
3.263742
3.030468
1.081320
5.469090
7.636487
5.754669
8.262914
1.275685
4.356119
6.094151
6.760015
6.957863
7.289654
6.514298
0.942281
6.953057
7.247827
9.934799
6.933624
6.868304
5.148133
8.679229
9.968348
7.790449
6.125004
0.789548
7.267391
7.085616
7.755682
1.245554
6.537325
2.957239
7.602713
2.403739
6.839787
2.949929
0.089943
6.333579
1.132691
6.592915
9.256095
9.692459
2.359231
8.092532
3.535533
9.004571
7.874896
0.739217
4.071370
3.373178
7.851810
4.102857
6.845884
6.024353
9.756387
9.377850
4.276995
7.235782
8.294600
8.988857
0.681343
3.020788
3.202300
4.344460
1.692647
4.962059
6.632143
4.973639
6.657931
0.664416
8.759873
9.390692
6.179074
8.813910
1.314460
7.974489
1.191482
4.080102
3.238185
5.855918
3.015145
6.373137
3.673873
8.607903
6.338839
2.152983
3.361294
8.474209
3.864798
5.357991
6.489419
3.478096
2.939786
4.752549
2.148810
2.842106
0.620785
3.039703
3.207041
9.618332
5.897288
7.873824
0.453773
1.065367
8.145370
6.235496
1.909820
4.047954
5.386725
8.436098
0.604120
5.967223
7.170359
9.778918
8.071601
2.762273
7.095792
7.632779
7.297355
8.201441
9.037300
0.984299
1.047639
7.964000
2.523725
0.585414
4.012292
8.198770
1.265650
6.718420
0.036159
1.097374
3.508503
0.836023
8.459017
8.640705
7.555707
2.424796
5.232471
1.841885
2.812784
5.160053
7.350138
0.946544
2.966967
9.266213
4.291233
9.388697
9.914005
5.266598
2.880440
7.907768
1.593107
2.520469
7.848799
4.336459
2.015379
6.511258
7.327619
1.250712
2.769803
2.212768
3.798546
7.634449
7.137081
6.625239
0.062855
1.421433
2.232975
2.719558
1.464265
4.103156
0.751806
7.500222
7.877208
5.742667
0.897049
8.900831
9.656359
2.023636
7.046398
8.419386
5.398435
3.233231
4.785587
5.122687
4.006371
9.298425
7.438831
2.413016
5.855572
6.886891
1.401564
3.584257
9.055483
5.671731
2.169977
1.227848
5.182269
5.476857
3.344145
6.304160
0.686847
1.451397
5.462738
0.618157
8.809088
1.421464
6.739199
3.912035
3.997877
7.648895
4.994621
7.256555
5.051912
5.929053
7.607146
6.073087
6.156151
7.892196
9.490869
3.767162
5.771172
0.862732
3.588039
4.120492
8.352373
5.133924
7.310664
0.190074
4.644927
9.013177
2.243139
0.315222
4.334087
7.044318
4.544635
4.599783
6.698050
2.543888
7.518898
1.531135
3.957506
6.560081
8.283690
7.915311
7.216856
3.590964
1.223043
2.168342
8.648338
8.573314
9.515609
0.759887
5.368091
6.486830
7.106574
6.438632
7.700114
3.594716
1.794328
2.045834
0.119787
3.503219
0.917441
3.214887
6.282101
8.944780
8.396054
2.526742
1.340831
1.930723
9.709867
5.494745
1.825022
8.407461
3.951912
8.992222
2.606771
3.932218
5.049478
8.926153
8.687574
5.743551
2.217755
4.033570
9.756330
6.077732
7.810977
4.498647
5.320073
4.289541
7.029210
8.514710
5.073636
4.808675
3.402865
1.770967
9.392477
3.160797
8.006915
7.153470
7.909176
9.367682
6.233707
8.979504
1.676973
6.267126
7.722756
2.716411
7.407538
7.784768
8.311879
3.128829
6.816066
3.042533
7.390404
4.629736
5.975444
4.158400
1.619829
1.780295
0.775689
6.180727
8.486384
0.208368
0.662395
4.574670
7.377207
1.577076
2.716513
2.320062
3.990512
2.249987
3.525987
7.285426
6.110093
0.811817
6.377457
4.770772
9.345655
2.893043
7.261664
7.308608
2.215008
9.032236
4.911832
6.788834
1.458556
2.578039
5.861071
3.190273
4.996929
3.740052
6.405538
4.871454
0.046099
6.496809
4.221216
3.416983
0.941468
2.203697
2.237723
9.353695
4.325130
0.420658
1.388167
0.790327
5.888694
1.866215
4.985577
3.700621
8.038764
3.204896
4.582655
7.212855
4.333512
7.932155
6.616844
4.105291
5.039819
9.672034
6.616115
9.049953
1.787585
4.832362
9.086617
3.226121
9.676642
0.970775
9.026711
4.452121
0.737442
8.795216
2.519402
0.222501
1.358071
6.591147
9.778115
1.114621
4.619481
1.806365
7.450366
1.180589
2.398417
1.964060
5.525198
8.731841
5.110902
0.582435
5.633889
7.975210
1.321562
0.727112
1.878078
7.460863
5.916804
5.405947
2.494799
3.322366
9.658850
2.406252
9.016455
5.805315
1.232965
4.673124
9.485487
4.185656
8.633865
2.564287
5.709221
8.438520
9.206884
4.858233
6.396881
0.029801
2.532233
2.787121
0.934930
2.796950
3.211220
9.687660
6.686024
4.260051
9.880545
1.532323
4.760512
6.470622
0.555806
7.169989
0.998674
1.402823
1.596895
9.288898
6.832355
6.554275
5.554935
2.928060
6.208897
4.101497
1.454162
6.895973
1.295822
1.906686
8.176993
6.601171
6.309912
4.182028
3.962805
6.902626
7.400055
5.102132
9.692693
9.556995
4.124295
8.206223
5.432678
5.117559
0.549641
5.739747
9.005779
7.801339
7.863172
1.599290
3.584494
2.332049
3.159153
5.795393
3.647838
5.606978
4.385013
2.866156
0.954034
8.918385
0.113734
0.016525
8.267978
9.968109
7.271028
0.152738
2.266902
9.718227
8.086042
5.667998
2.368607
0.143702
0.208615
6.119809
0.218319
9.936301
1.833838
7.107074
1.550597
5.400934
0.806113
7.667784
5.849211
0.861667
8.485862
5.470186
9.215923
9.166234
9.205078
0.777852
1.209578
9.877058
4.876008
2.382141
7.696645
2.642852
7.272157
8.372858
7.842634
2.740478
4.016186
4.132510
4.912729
1.673728
4.524701
5.107830
5.317090
8.199004
5.173345
2.307839
6.631288
7.973142
3.193717
6.453059
1.469380
3.419263
9.092239
9.113082
5.753246
7.023515
8.540154
9.585532
4.898864
5.615757
4.156415
0.719819
4.228034
7.906273
8.048855
8.923771
0.514667
5.271546
1.074245
2.007422
9.002165
4.967913
7.585449
0.643841
4.168265
6.742403
1.334065
3.258179
0.645478
6.513400
9.708913
8.270455
9.746231
8.456048
8.551958
5.771772
5.182523
4.062542
8.180949
1.820676
0.562249
9.478938
0.037782
9.768293
7.288534
3.284989
6.978199
8.178752
2.453621
7.708957
8.043696
2.493546
0.419264
2.041223
2.006464
0.652405
7.260074
3.799749
8.843862
2.521711
4.532321
6.390174
8.774650
5.246211
3.735246
8.670151
3.102464
0.794237
4.450421
7.850933
0.307808
5.858822
5.944641
9.285418
2.864648
2.788366
4.404837
3.569149
7.363459
6.417521
7.589211
8.200418
9.229812
4.309367
9.846973
2.156608
7.143651
5.340093
8.169006
4.767705
7.839386
9.301687
7.322943
7.760943
0.671754
2.049577
9.743037
6.931870
5.614490
3.669764
0.443890
3.691359
4.989129
2.114595
1.731368
5.084166
5.859042
2.399179
5.873895
9.003400
4.731732
8.573902
9.272715
0.923940
0.958116
4.760442
5.881024
4.258835
3.264508
6.409941
0.020815
9.680733
2.320791
9.170988
1.090147
2.380872
2.348737
9.961529
0.046005
6.396382
8.696866
6.722736
3.627338
9.583094
8.935207
4.339549
5.733285
9.675192
9.825603
4.498233
8.473500
3.019802
3.718129
1.648219
2.091846
6.568733
5.107816
2.311319
4.029096
3.731835
9.873602
8.535659
3.879663
9.139166
3.426354
6.679015
9.666500
3.902789
6.798850
2.959238
2.663123
5.741567
9.792646
4.531339
9.376369
9.143635
2.537626
4.018194
6.433025
5.180459
0.959585
9.936980
7.526540
4.376940
6.181685
0.875728
4.953017
9.308324
8.966009
3.373808
5.313679
6.973835
3.400093
0.648792
5.054417
6.016357
0.058416
0.955754
2.072906
3.480523
5.410512
2.938429
2.761838
8.693494
1.450506
4.954601
9.528247
6.250133
7.172055
4.312370
0.199322
6.461304
6.319243
1.104276
4.621597
9.153290
2.050848
4.610988
4.611032
8.107615
8.245759
7.592694
3.654541
0.720369
3.494830
6.797912
7.027466
9.650002
4.536412
6.324356
5.391909
1.506186
4.612025
5.448351
9.507496
3.665390
9.800991
5.423001
2.424692
1.916644
1.416949
4.529329
0.219264
4.450453
9.884047
6.701068
7.597861
1.190054
4.731009
2.862231
8.940975
1.812925
4.587333
5.880477
5.140411
8.302435
2.314532
3.773911
7.920843
5.280714
4.021174
0.294425
7.533854
9.721821
6.202870
8.565413
5.168757
2.316810
0.144421
6.533983
4.931088
7.820982
6.946824
9.879523
5.103126
4.271748
2.867397
4.768613
8.728715
0.424397
9.779000
9.933072
5.978214
3.315442
2.230490
2.764904
0.501054
4.751110
0.573243
7.184742
3.719295
1.993647
5.448535
9.737593
6.951311
4.917469
7.769143
7.374765
8.917355
2.046690
8.588776
3.010261
9.409989
2.810652
9.268485
9.637907
1.454914
9.744999
0.857230
2.185678
4.441688
9.935974
4.885631
5.504095
6.944250
9.682936
7.833514
2.241540
3.029909
0.976282
6.444524
1.807403
2.574049
8.881137
3.267557
5.666467
3.975660
0.740313
3.628638
4.080682
8.957011
3.244507
3.792411
7.828968
7.589567
7.982853
9.537707
7.955575
4.076082
8.215085
5.086746
2.777140
3.029171
2.238424
1.449930
1.844904
0.631781
8.884509
9.310078
5.867704
8.404896
1.835711
9.016738
5.063616
0.671650
1.413127
3.089765
0.435576
3.092934
0.599304
2.360276
2.656698
9.943689
2.355467
2.391865
6.867890
8.593575
3.870554
8.756180
3.401420
1.970159
3.296388
6.093564
3.671432
6.728938
2.369359
7.009929
3.474384
4.558684
5.577451
6.862250
2.387137
8.359455
7.218428
2.340979
9.749745
6.647970
4.524269
1.575273
5.332210
1.647759
4.294917
4.087125
7.199397
1.923832
8.218714
3.261323
4.439886
7.723410
6.253924
