201867
253101
200400
389788
217988
475593
379969
95490
203337
145127
255795
338155
332112
494484
123975
620280
224686
196771
449038
527903
248035
489453
579165
502532
22411
542224
507563
438626
498088
641876
282534
44055
302048
30430
192839
384617
202914
449180
538696
275539
589914
52323
550576
543013
211021
195765
199947
531755
545032
216086
388360
91051
307218
654568
104096
620994
540183
637150
117688
139931
11054
474940
422113
116696
518484
196080
88470
276930
59618
172519
243357
558277
519404
290163
474857
372670
223374
475709
447938
405729
404983
447599
252015
569557
106370
579263
224317
81940
393233
246406
534445
282319
438149
202019
137266
254311
397677
430536
378933
647532
452912
610480
77288
40221
203813
89514
344633
340119
376862
488392
636570
575575
77573
221848
167656
115879
356990
362587
148927
466548
480322
13749
259363
583362
340996
227821
166249
159484
65383
535577
56791
191558
29934
512089
25744
202048
375716
268410
184989
180347
522839
638306
228092
25654
23963
497558
362001
513535
457111
594743
580533
516638
311419
201933
332285
329037
399950
121960
429667
299237
406457
157027
284685
137757
573640
319790
147443
27006
442852
140669
648532
349765
189383
431015
180368
537574
202005
647658
396587
553393
47720
228261
483319
429299
127299
233441
172650
401978
225816
202541
135907
268060
128124
630829
101254
598543
280804
247638
151597
416649
449267
306427
36508
601954
642468
282488
402168
295107
210947
50671
298888
536336
11161
381490
577222
142573
120098
506119
167173
125818
247719
257230
572850
405303
266050
350216
625190
74196
136128
630802
627392
116107
95098
275962
32583
429197
50787
38030
317972
627695
279705
233623
654020
348631
245918
252877
127768
335690
287608
177468
105211
203973
333370
38229
100757
621056
355765
41582
454222
40503
484228
491495
426691
479857
57649
476302
89580
222498
617837
329564
634012
58276
312971
40895
413014
51581
114929
169627
490696
107454
554848
86444
23097
258896
641886
72313
66662
492284
204578
470077
131078
301512
173860
295913
504035
499390
338016
608417
172873
157490
402264
407173
30500
398313
245390
489843
529600
361859
1117
417048
490786
163173
304510
632898
195373
146245
138185
366215
622452
398911
198785
418493
409496
391200
104481
415869
281912
12184
353740
648325
229205
632788
63049
480018
74927
179287
374106
388484
508042
403250
389031
597919
296328
147630
106029
262140
467109
27881
84576
69542
383549
159163
108959
388478
498932
217681
378932
64306
612886
220788
653725
641327
510409
13151
356171
56909
586637
517496
637233
398709
342211
340114
253262
307160
416424
611416
390518
561719
565431
340022
227717
419151
292210
53373
247600
651475
31792
456567
551281
425149
373390
463702
281374
59874
630699
283312
436069
348199
35830
624392
519397
97712
643333
482935
309540
400667
69950
367271
48274
357076
362214
573072
475173
163546
582238
375680
397396
110743
562150
610117
507897
616531
198115
564343
320401
107424
438305
448345
188038
18018
130971
261998
109814
127159
256501
630316
500854
209550
623643
423131
298483
306905
269185
152693
253383
345962
346048
499211
235141
469760
378858
630355
252500
590621
537816
417899
428942
55476
622739
70081
369120
216315
281707
399889
595624
299871
647318
388505
105220
124524
469310
33028
314796
97136
283914
491465
300687
107119
165101
240870
45587
382951
398153
40731
263658
271319
218772
365520
226726
272898
522665
106239
405743
331346
199931
476797
361226
312843
437563
525789
637448
412451
573073
715
347495
140671
61729
348632
489440
270186
439161
320942
286448
190222
250736
229242
423485
76033
60710
432546
358021
281935
99904
269370
517558
583022
460440
39264
439359
157932
206603
128367
508399
425067
400972
437762
155171
291402
415009
417198
518948
188156
504847
288479
439204
298660
621681
117507
442371
377837
113201
43257
523727
103187
122229
641226
470064
164159
387284
350035
553434
477967
545076
138612
419574
26372
45180
467617
16003
379954
550767
248998
29386
467827
609279
470005
379091
150751
10076
455260
151405
562405
305636
347757
494099
510807
421167
615010
643759
620550
540134
462438
434717
67993
177919
3727
90052
287853
96034
590914
528023
46931
163128
536786
526284
619610
653752
639808
268788
164055
497031
196131
528482
349932
520308
180800
332940
369638
618075
174717
613868
527472
478998
515683
396771
159960
124187
567765
475227
139725
403107
293304
103976
348557
184496
63074
306025
386733
30740
263515
168861
20087
82354
91117
119848
526501
288025
96394
65730
195258
522987
238852
104790
264841
363928
19388
411331
258933
6373
441640
466870
412116
224087
347081
253727
459159
382455
53607
421457
450388
242943
573955
552477
114797
592619
288930
474316
533526
331030
261555
599950
151292
168407
236991
563259
615244
144223
566145
169215
636119
391517
4644
22367
96655
122927
503066
145991
635136
416882
453848
142748
585044
437658
566496
626839
82340
63299
526521
567624
382573
239862
427707
200320
156228
319910
141658
317000
626921
550360
617107
528435
232489
532181
604842
620649
447740
138521
26036
96469
632780
302839
560323
304771
433073
15820
163751
285913
413290
112408
501056
238816
535714
64205
445485
192235
521262
263566
436043
612306
13517
7285
504810
423620
192007
324007
27482
126121
278197
546599
314354
384278
572623
202387
459210
564702
132786
233621
642128
644362
146295
43545
177551
260657
289017
405540
589498
216496
557045
61262
27443
330331
39100
257222
587712
158258
462668
198158
29438
364832
547129
268349
404549
589839
517534
127058
480630
328920
488876
324085
83858
373495
322524
339425
575997
586440
297230
298668
337632
340518
622845
425591
181834
348347
411057
419280
383552
116481
22015
221408
280180
40504
534097
225494
598758
101194
37312
316090
123947
614334
6752
270414
607353
251932
61020
198505
326376
121341
305765
548105
571878
32283
105449
180414
389851
236581
553150
469678
65834
409310
74063
167140
116569
113417
403960
369364
115361
648919
276454
63615
79016
382660
641642
374833
621963
291066
285632
327684
457064
240920
566156
19189
288203
334883
397824
180926
280153
317546
450173
506949
483542
223859
654999
556181
170408
127864
205796
296448
557579
510107
557872
178229
388930
185630
71449
448395
93714
437582
424649
531004
91458
513461
654885
557739
492707
433956
276418
478740
474597
413858
521849
294101
79464
366390
173698
251942
11413
250865
530055
355678
6422
307916
191005
312967
265219
610781
26985
447996
557728
628646
116415
348195
28566
327144
82220
549123
74625
336388
341505
636780
429248
188639
157810
84048
495789
452694
399689
26765
499927
420667
631694
384828
199197
250033
115238
473769
463812
131498
103867
50465
597672
152744
225551
183831
271073
467959
570553
119667
449847
231055
642598
195899
4713
337929
98783
29159
457617
479893
301923
443603
352740
412746
391055
436353
130829
176099
288334
292374
507518
240775
106499
164800
140727
479500
308241
464408
272773
583097
644559
438988
566108
332879
612513
544988
649972
408350
510660
355774
169816
232492
585895
36666
387632
244111
253422
579712
559561
392457
178860
311595
267579
231747
67361
355935
197808
433067
209193
282567
34314
650469
332667
15884
354700
570395
506299
459346
91399
431054
502201
375140
585072
181528
158691
569881
409861
948
231428
562204
17904
2128
184326
598999
590792
339975
362569
217584
159735
534263
69661
319392
415758
67947
340529
378484
486602
153902
192235
373241
644301
142536
646121
468151
541381
58747
196883
37838
243497
643098
68991
368556
3978
467063
129232
84924
220868
505311
69869
150627
5547
634660
388068
471793
426890
94610
389899
86124
262954
372875
366268
78035
22567
523130
475740
53620
83503
584963
504056
652843
166453
319686
154966
408158
75637
83390
47112
454548
323795
404836
576258
485181
302594
645107
299012
73695
650546
14955
360371
202568
330007
366158
157349
364942
495492
174659
251282
175795
537762
475124
570947
111443
48221
78239
105524
349361
636296
234117
628168
25035
607434
118720
597999
36849
621425
131595
198386
321743
249509
437471
638850
397427
472832
57675
411443
297435
580506
254418
445287
149522
169982
246495
199271
166382
32550
548370
42140
581543
82225
42769
368970
329280
321935
376507
188125
434470
329254
219377
541655
476919
257956
555494
603100
351840
140871
600173
124177
31734
214621
476424
605076
417651
623796
60536
39815
395963
633154
329463
33761
144977
160427
221418
28575
593030
337880
439701
44022
35465
384347
581498
346345
575287
531491
49711
132354
431037
290653
190513
274355
291766
596739
67802
183324
352298
457629
413294
617115
521410
365085
140694
295484
454415
549166
628972
396789
345321
11594
47250
102304
35887
262709
220776
417696
351053
390575
309314
182017
624443
56629
615311
203972
335977
71330
46485
281506
486078
176530
368540
182616
254681
594048
560883
338177
156044
126605
625270
132852
529641
241808
645962
241274
230369
417768
630139
639768
463474
494538
369231
495305
563465
318567
406232
352135
368620
583301
233057
136435
299027
136370
326631
592123
404641
560616
108914
590396
394387
20814
414920
623507
51882
381718
599968
6353
413475
311231
227402
411262
34538
493527
2935
201153
330274
247085
201507
544496
612651
572596
342380
579445
603495
268198
185759
64399
313977
620165
367596
437493
73979
94057
304397
623420
236443
575067
78832
404368
393617
563527
2173
124473
143974
622569
100724
24223
350264
346396
553154
621844
352941
609481
475240
173381
608449
437415
271381
445803
263004
74831
471189
540074
477630
150152
626940
16550
218028
170454
31540
265899
408364
578389
648603
529589
307154
474286
552877
304943
514493
316311
253294
344778
442928
476369
233790
374420
596293
639836
148929
126373
443472
271767
15874
227319
528708
522601
324196
309708
379786
143783
344747
7239
311662
220234
442282
418351
249584
4766
165330
415070
47430
70544
424040
495299
210730
320912
619781
619671
201525
530833
389247
639293
313008
507711
503406
325997
521424
171075
80119
278635
618417
328168
416323
409051
86882
255784
463299
637003
110112
268987
62320
158843
246913
354315
151104
149135
509758
630876
212083
450882
169135
608142
440993
526042
32344
392236
345776
192018
171986
380125
463002
21740
371852
111712
91988
408367
203731
288935
235928
424893
308097
631412
230937
485152
168619
333416
362132
215685
309186
183028
3932
141327
458794
505258
183633
267415
24487
155361
510669
397139
134853
168717
535299
137025
218993
435394
367730
302035
589654
143989
485896
104244
403527
570571
300090
474673
537653
89146
462570
602827
377730
121977
83193
170220
67838
336457
45681
146410
288299
310584
370539
462431
30951
52835
39884
277315
27425
488951
146145
615522
318769
292504
511533
467372
398006
612857
276731
529879
249097
549418
170049
189574
444248
139403
150178
200056
444942
582869
442084
542516
356227
45169
65841
363326
214827
144551
305566
436795
252308
525954
483998
481633
645653
193481
422527
560646
379797
517408
271615
386984
36481
646032
524300
569382
455012
121929
20334
566661
259739
172926
368098
275840
427075
317058
456938
559299
128160
215897
286271
630494
239425
249757
428259
274726
623394
586199
336467
422559
38030
455953
463471
235404
143971
599705
279645
428412
21842
271363
535598
254001
395287
137531
272974
607936
371229
591089
591147
618756
586803
2150
612116
90085
26166
36299
228665
406850
263658
16747
312267
289754
496008
183247
142561
167732
199058
392668
309018
220787
245310
243088
637276
152696
536124
464133
3650
650887
495740
447250
265633
363857
165983
23254
547895
587520
106476
515805
485721
116899
276449
277058
498050
548969
62111
368947
499219
515237
96989
344395
562009
208744
278604
527144
58536
563277
203919
950
153458
58655
60545
454056
140231
612592
338457
301530
284612
453894
296394
84279
576829
280753
48499
346925
424245
180605
524511
438944
426207
275791
630400
179692
378605
202542
488115
31320
30077
531405
284601
223595
398148
459996
131859
121524
627933
386442
255666
525232
344168
158376
135486
260085
563541
40270
143213
585336
79779
412631
139926
397060
251071
66634
381730
447638
445823
417486
327827
340441
416573
452368
429180
384660
102130
138029
170540
602709
497677
362326
165188
72673
589010
585017
72545
522463
292713
212314
484379
402607
511200
48712
208789
209267
216106
329305
185475
291231
241026
481883
395510
428362
138008
213321
13870
71024
173705
42902
394941
654134
66070
538201
77867
439034
421499
591604
74675
206729
59493
266982
597421
512179
473759
349324
579001
294546
98098
548919
183263
35149
82600
399152
397857
170513
476564
507012
603260
383344
510802
493551
168957
203309
313578
12477
194902
310563
70824
82756
303586
479045
546405
358032
311131
251842
126451
96050
518977
304746
517944
461427
127071
334434
290990
277789
355579
643617
532742
592257
19424
91970
55550
172511
289598
420776
328224
591910
615944
107165
558965
315701
297094
514417
61040
578350
439657
573611
651740
339479
61120
109133
212086
67864
534342
194555
639556
460450
113659
311979
305977
322772
351070
20429
449774
319286
518367
534347
151083
31734
460871
640786
292721
170139
102676
188380
214905
277790
429527
179020
33408
244631
560745
326599
632280
330053
180813
126690
455163
351522
395836
494879
475728
28418
525973
349112
256710
352268
401376
97980
273557
219929
229644
59857
104755
106058
244596
586214
135022
272755
204216
516019
32850
128806
138046
650748
374063
91067
178388
109983
81660
522441
324896
413669
217088
362869
168800
201874
427450
98533
404502
558520
78920
588160
52065
228661
400103
366618
63170
523575
637765
118769
586633
364910
613373
115399
519059
39178
578811
441817
242650
124824
535123
395340
236202
290872
541683
222119
58741
597217
253849
228319
133955
588134
142544
417249
577218
22880
543156
269090
431210
244059
455813
166654
14372
621142
10726
540081
110846
257045
539028
134959
567350
326211
239962
434135
223733
227598
480723
203051
131578
529298
527807
326097
345149
456180
333758
273311
652013
96757
388450
580559
450373
577321
220420
178253
557889
258286
465097
96828
495346
359781
176037
324078
456748
7789
417770
354936
144366
493473
198876
181443
308817
443121
608728
92639
259829
43902
497123
293426
463293
211153
553331
350504
618402
51651
337036
502304
393316
15200
637231
195470
163366
318282
355308
502194
257735
288332
350591
258465
599358
557876
298171
127
590436
81485
160243
99851
117843
526173
379782
626586
151685
318265
640567
541618
477505
123846
504237
227780
347692
399219
399352
476134
433653
44807
299726
435173
193981
205164
81636
274343
646729
186986
348282
487087
8845
590112
253329
569583
25524
95462
211372
226401
555610
7340
420159
86056
539502
510245
327628
139386
415822
102405
124533
410707
649611
583965
388698
352935
654301
358742
275327
596086
153475
63914
415557
62816
244546
277595
358834
649894
144822
246255
86664
398205
476887
315933
161107
406905
353342
112188
265867
285210
643968
556587
481277
582468
482007
592053
35751
298887
489487
382268
114796
223144
208256
171276
224877
337414
560246
486298
547389
579078
272728
226771
37764
609807
43137
485710
247797
621792
274990
535172
185240
196010
390279
654037
339196
613619
515276
521577
285710
253324
125777
631728
628748
489598
194152
160680
647895
43609
552838
232952
274510
545244
59377
232108
623918
458139
494756
496438
39695
133174
321954
241270
269295
512129
9620
432860
72
41326
267574
551124
95024
363476
444665
150426
335760
597299
335694
103103
411444
388104
17665
59371
102748
89318
170043
297602
243608
583696
401152
574189
345400
58897
303620
538727
127207
59778
215898
254868
200709
88631
164390
447140
252922
414547
351472
359827
162889
341798
15463
282947
375274
119272
168138
143871
46240
227971
641575
231919
301817
428007
424999
622523
562013
520323
623658
151234
404392
581433
409035
640562
65767
287919
640524
248753
484675
19924
455368
612517
250810
13959
18290
584596
473508
69917
35776
527450
530750
78985
197604
511197
344334
626907
315269
443651
334091
617981
261265
150599
214062
558874
326329
232162
356686
87313
3512
183883
396496
466407
541727
607298
270081
485305
48937
37702
81787
293974
138465
188039
424594
234961
365279
270272
110735
48509
154816
37814
405413
521481
222652
253697
534899
145891
78092
328412
423487
392989
467843
37192
280626
156349
497497
571952
184376
62402
166086
68163
211302
352713
638111
261731
144205
109315
113403
126220
499559
39995
653657
342547
356694
234333
452365
308973
215653
173761
606634
190702
285994
229599
56478
121853
124192
454590
266459
512470
464618
125861
368913
486872
414871
393226
484711
37211
479344
178687
374782
158797
549727
314939
421357
520409
586753
479764
97496
560026
405391
399409
603809
163074
157016
336326
492085
293103
415427
296566
400023
538877
118277
455723
516047
293018
211834
8876
522390
214917
234166
220205
326853
460390
505848
257275
434570
472307
194587
63321
586328
443754
424745
38602
536001
370969
555669
638688
627245
561046
7174
580470
49192
557838
183614
399814
24948
505401
73207
269148
535721
455703
3960
264131
27477
441384
635010
429432
147044
232805
640057
146834
368003
262441
503523
568452
223371
432797
359823
182481
178219
352997
100927
531372
45223
61980
224281
77392
311754
261931
473045
624560
493852
117603
613103
256988
310764
276284
183859
586576
217736
379188
157308
522567
507378
194191
446663
461290
368647
393608
376474
53650
439265
307871
287347
563609
15221
164701
79563
23161
180667
647807
177097
434966
77528
394426
645189
191258
555794
653768
385714
202769
441405
553679
112296
296560
209182
185702
564147
276335
222217
395516
143787
150663
340976
268220
193319
35357
341294
535173
557958
154297
392980
560910
267862
610885
591776
136402
169715
118254
128486
594976
610230
34011
389023
369774
255949
413989
620867
111578
78912
21882
238441
221268
282342
329849
496647
256975
216670
541903
556922
152545
206223
540748
52040
213546
293830
122599
117908
278437
494483
550655
641751
48486
142004
495864
354286
214748
134735
183813
281338
116097
631915
70509
645908
551743
277316
484846
440084
139779
222212
336280
418017
355791
309977
290424
326542
284656
354766
581950
414731
473576
391566
421408
379027
17607
655096
22026
258964
68888
63523
520045
279134
525034
178773
168075
164647
403797
534118
296393
248544
638045
76515
318919
267706
64308
175767
18639
574720
398360
534130
341805
392894
459312
595074
60130
216890
464667
628064
642781
418187
126876
78124
619999
284378
127674
612035
68501
478131
409772
57497
222002
98258
396164
312680
2801
639441
229103
169216
145780
104081
654794
193402
265757
571051
420667
241627
588728
491339
149356
421880
604503
325360
480780
636422
452469
67134
160274
390002
180588
627534
265651
299650
459801
343572
250443
50225
390886
568577
449421
250016
83706
534995
617184
254458
477522
269197
329165
548193
54672
347560
140653
222695
422332
17844
389169
185756
438753
92786
482221
423126
636513
597187
185665
17902
429502
395108
17975
80397
383190
597575
594084
99277
252034
28313
307542
493540
517716
327017
62829
249930
610862
150478
209554
489440
480759
597820
254357
337247
306310
608011
504188
544893
87227
518944
283756
15295
39379
444273
243802
568928
481213
14208
450159
126060
276943
409426
571944
298908
529852
513124
271671
328322
459069
20413
583802
504506
163457
643026
117565
599055
212646
500135
299090
482651
102093
176623
65442
566980
194178
455131
537540
590753
69662
585246
129271
482936
477658
5572
144588
322377
275273
601996
235759
614061
301091
631998
483232
543512
68732
384133
93520
195048
408659
475939
25679
347959
370484
51660
328130
467823
34883
498249
377766
546063
142909
546094
61971
264653
130734
574109
461976
16621
6241
190873
93902
413076
435025
617316
623928
431814
3719
235272
336292
327142
395405
629507
580119
71373
174312
545986
540217
180466
478798
440426
310328
132025
582381
444236
110751
461899
485906
581225
146039
647989
100527
393667
430687
274564
311320
583866
422886
325714
84115
4808
81899
626645
500751
633809
23402
445789
29028
512528
249659
62760
372275
183579
432258
431341
462033
650421
253426
304949
527310
379040
24416
552519
33750
111948
66899
51070
16832
36062
289956
165709
82927
431689
148184
12418
274215
203445
208800
291812
438379
404015
614243
339290
309703
139863
495046
92258
321868
276117
431424
601372
620360
109968
171584
531913
339659
296900
465715
394477
636167
382713
305380
355740
529884
401522
424049
636642
405271
249223
453067
432183
9075
306268
486869
327051
510932
295491
644429
191949
60373
281812
355014
228782
158781
440440
247152
413773
510572
498730
245962
372177
294688
570690
575903
225274
60121
109826
240518
369786
430431
217167
437452
614557
427303
103917
379891
355136
570622
229574
277181
392337
343687
471214
26469
369305
79738
206575
433603
103162
202402
460722
426511
59663
378318
96504
165328
300948
71661
651196
108376
512041
543843
651731
280922
572846
627533
113307
314203
39328
406797
381030
133776
522913
24424
528369
17462
430459
51622
164643
473113
183766
335002
599817
32528
531549
42776
83096
78196
651494
118086
587701
649417
251517
413563
510585
257323
106046
284270
505864
511680
151085
114665
603298
28835
481518
30422
549126
593372
194916
48454
315021
195600
273374
435804
137511
233931
512860
421895
213827
435356
501555
388291
156956
160
526155
539121
457182
50188
383531
538064
255373
129761
385107
541528
32027
391217
421510
394767
426006
413778
85461
153968
405663
11595
415986
436067
156745
391992
350021
170846
303414
596131
279578
412774
23167
50987
53286
510027
229544
149167
489766
111385
161541
282415
217211
383642
221407
257524
565501
579686
542448
566775
373377
423515
365149
514843
361103
72795
530566
498457
537592
124799
178006
193823
332975
87737
252563
119379
173514
462938
560209
15011
370866
23632
55868
462083
482088
533450
310798
563483
109339
163654
88147
522674
149864
101915
408361
50516
29425
69938
157
456779
368466
137543
152702
531476
328872
457787
296717
155790
635963
370702
85840
266135
215834
140304
611739
577319
130513
230783
499591
136646
387687
458616
428587
462951
463142
632295
227081
575793
14291
188876
31887
426773
66053
554242
423750
18884
468436
564943
433272
20004
562246
480027
248021
215371
314454
568263
165189
66167
566648
17229
597031
200373
333068
86701
591301
491412
605654
447761
121040
202025
319061
397972
607164
251626
460765
629806
99859
565385
275713
479999
192373
218879
17782
636619
533104
61550
655038
396508
559499
43686
255230
438862
69752
320407
290113
141584
196784
633810
189168
139870
351410
439719
475197
494303
24138
258054
507221
593003
394657
34279
259945
48645
490561
41618
121720
273257
303201
266391
303691
467428
242004
358973
198816
231753
402259
321450
473849
367354
526630
290592
321803
439072
144994
252922
409495
18924
286373
392462
633979
574761
183987
332405
36971
157780
507809
80815
168880
618687
539922
512378
566596
491261
79027
338533
291139
203916
546596
304178
39516
180201
149829
581618
424305
367248
332037
426058
494715
363321
614914
640178
652307
438692
611202
265079
563342
595836
592537
544503
266468
104141
218861
502850
152623
313440
370540
395744
613237
433516
515308
381339
546295
172794
137545
607073
454479
440091
306246
246872
364177
79014
298000
298429
352804
415947
627388
427405
579158
364579
410863
45768
87335
379892
259334
523508
355977
578218
637227
96754
258754
435801
200205
175002
533291
642500
507119
343196
290004
353663
303326
329572
133334
592276
494492
446285
622542
186380
53188
541418
654322
379081
38541
511487
48332
353903
181883
599671
295784
588816
196005
253861
620704
131933
379126
254614
507358
84735
286533
458052
266742
38359
462102
329776
7411
401510
602853
72761
387102
477540
46382
14821
304215
518512
105329
548298
430294
217693
338051
632799
141844
327375
409263
90449
28522
8821
212790
48462
526758
653603
40176
283591
16863
87812
211630
258014
615896
259415
325240
160945
82
589387
53552
631930
85749
396413
654973
90744
277835
511458
21096
452056
52673
155005
104907
594632
118264
26498
385106
226873
265883
78028
490362
394234
238693
112443
388924
510261
204732
16947
140472
447216
648214
8766
200640
40645
207322
266020
603496
52796
509302
259217
531669
336463
25743
620105
54220
391697
575188
52277
362999
540206
646397
474695
182409
458470
462531
458729
559848
57265
71054
419834
625135
305292
629514
614783
591730
596279
588722
537322
455461
15996
86673
87970
15427
76481
602765
435030
204520
519936
320057
93144
579667
221945
458004
190443
327726
534939
102745
640451
46016
349968
600326
619769
152114
94362
474744
27507
318006
521899
367168
123216
319189
603766
404496
472836
220373
123524
167537
349423
183645
355182
463858
481293
107927
491802
440852
7867
38582
423526
251464
95750
29095
104463
627516
476817
345837
617048
405740
475558
185238
385995
94029
265082
21784
141969
49065
254134
552491
247682
545023
430242
333925
155249
604344
35521
451486
407135
289040
157496
282260
571980
548383
616943
201715
253692
12272
617971
215869
264872
594938
345111
371048
115495
326801
601757
366161
167193
20434
220398
375253
27927
399633
343024
513432
18932
511736
341361
242830
632673
104935
354762
210358
345693
361939
58620
433281
415813
504278
59413
194811
426056
89607
444070
38683
219500
554900
507439
422550
570463
464826
340377
642067
455380
394112
267957
591405
193795
6042
128935
71773
209055
541247
426986
110743
516962
330445
336012
237313
566635
208618
61695
198396
468814
430952
123218
73258
433104
443270
239959
552338
641076
134771
378187
3503
467307
271503
126660
492976
531266
72854
26866
218941
410249
519975
357867
380599
524195
346582
400526
338308
577017
154348
173010
83860
537045
269862
227995
643136
607389
637001
93257
584090
215423
8294
256441
333706
70923
352372
537043
247497
231109
222042
604959
31954
291685
173407
585765
62948
269643
266611
582218
141225
422638
88084
625197
388638
410423
284277
224318
139379
395829
625581
235792
578785
97502
613499
229694
248858
303328
470708
471632
314303
342853
19667
199423
226765
366167
365887
465239
469911
154147
504749
12847
469343
66886
478182
345452
286559
452635
23835
146453
403990
555231
249762
169581
339959
407840
275318
574561
343040
23477
146180
295336
457261
144016
639800
208770
348966
12429
579922
516970
128095
611606
206988
453631
536724
485565
601347
566411
651828
119676
199728
416957
480409
350358
48449
551547
629718
265759
147333
12657
155516
458698
597419
61284
362583
455823
181128
373487
468745
549007
296550
490115
197776
139622
122757
235190
23514
185461
427440
424620
48204
188360
373265
208766
273932
467147
6073
181137
93305
83629
628516
246782
345432
480917
31095
157956
545356
564914
244417
245669
496039
193377
76738
168778
253850
34212
313707
484971
336688
47117
288456
464587
38074
39221
242877
127771
612617
380989
188301
461882
245713
86583
155472
421230
33997
178709
136519
131815
447455
541207
469150
423184
600605
38268
109761
271585
244089
273974
135302
97978
333704
608208
256881
28411
462793
190778
160625
212505
474359
536621
385388
211339
203475
81466
611648
418211
17678
434088
293046
637375
536784
112273
471932
318220
122581
457926
358735
19905
423747
416145
94427
228712
383974
90952
558840
18013
67395
76091
346100
406397
264595
189180
530394
44751
183692
25634
9103
231591
127679
175876
538015
106810
511333
442401
213939
358191
291265
84145
594533
373304
576874
539902
52281
135836
95198
544459
565213
346011
68274
88877
533167
608954
130728
7299
216893
19988
542621
322117
420649
269670
226431
145621
504976
455834
236407
210446
814
41649
408456
337253
284952
542311
330234
251981
105680
537846
377650
60594
425262
278574
531750
602219
393521
479469
37087
367169
495019
325558
388989
589134
129826
64386
452620
539262
557377
420508
546054
459187
57263
499412
117545
155064
258638
206154
210797
110925
192591
12886
309926
503703
565082
537676
272929
478692
188672
36413
443004
425195
525355
403771
102820
559128
411076
529275
507318
195208
48859
115673
60858
159522
301159
594287
571486
470941
15802
223732
447183
84560
525000
599375
232065
462581
97127
452733
14061
98809
465227
466518
420192
312845
442307
507118
633393
582379
520705
455316
376278
79042
108499
537578
526459
402691
287598
17060
214418
275670
318384
609042
71243
340044
241121
648870
564831
287562
655160
336896
109522
364298
148246
417013
614360
515243
179020
194549
45408
187346
60702
327318
464222
492294
39013
222793
188856
68354
237549
196162
415825
578881
