70850
68191
61388
62755
65741
64748
66514
61373
66199
64785
61984
68186
60797
70966
60598
66780
66341
72375
67060
69130
67589
65989
62540
64862
64543
69333
68555
60128
68037
60523
66342
65528
62206
61617
65901
66833
65719
64446
62739
65522
63568
60573
64309
64530
70922
75462
64287
65848
67267
64747
65734
62037
65255
68078
62444
66255
63854
67138
67736
65261
65493
64000
66428
72161
66985
63034
66525
66353
62455
67955
71014
66066
67161
68862
66115
63964
65566
64545
60087
66679
64636
67248
68431
67510
67143
64378
58647
67969
66930
65743
64264
64683
61582
74584
74417
67202
62127
71102
77135
63716
64747
69314
68932
68875
65175
67654
63956
76447
68469
69446
66386
67347
63021
72253
65387
63756
59968
67153
64489
72032
74438
62880
65554
61889
70368
63875
59935
64188
64642
65507
71122
61376
67600
63923
71091
69643
61148
66694
61096
65793
72183
62737
67527
63323
65453
71015
65002
59051
63959
65725
62192
64852
64856
69319
64778
62310
68395
61178
65837
68580
62422
66489
63138
66506
65732
63957
64596
72799
69428
62625
65971
67298
70312
69275
72906
65869
67557
68864
65759
64364
59326
70895
61945
62495
68192
64876
67070
64933
60937
63609
63910
66977
70788
66226
61807
70953
69185
65124
68929
68240
66954
70338
68891
63309
70119
71226
67667
63222
66187
67094
65390
71803
63954
64303
66905
62397
69451
62037
65033
66657
65601
65889
61767
69264
68133
62307
67547
62712
60403
66879
63376
69547
63152
64888
64021
67721
71472
63927
73075
66592
62590
64913
59718
62340
67751
65446
65691
71165
68769
67426
72964
65380
66362
71518
64237
63271
64800
66615
63653
63380
64543
68354
64641
61839
67551
59314
67304
65429
67816
64812
71789
67375
69321
65095
62431
63485
74353
59464
64582
68183
65025
64963
67796
64893
67588
66888
67864
70592
65061
63672
63891
62955
64490
67329
62895
70308
68626
68855
62178
62585
63977
62202
68549
64413
65948
62873
65915
66822
63810
62785
67801
65736
69198
74889
64885
63599
64688
72614
66706
73711
61335
69299
61665
62576
68626
69470
64407
68424
65201
67157
71943
73762
64801
67429
67399
63332
61903
66441
66671
63937
70306
64812
63776
63380
72562
68129
68546
65210
63997
60973
67199
67208
61973
64578
61629
64603
69560
70216
71047
63436
61859
59988
62885
61934
67493
69557
62864
64195
65185
64290
64493
61582
61550
63799
62876
63893
67082
63147
70447
62255
69698
64612
68427
63771
65647
71214
64185
67486
62770
65531
64265
68831
67525
67074
62844
60464
68285
62187
73510
69697
68835
70289
71171
64210
66245
64315
63348
64677
63449
65764
69670
62243
67524
68752
66124
68670
66932
64427
64414
68616
67174
62195
63948
59375
61884
61989
70422
63125
65710
67392
64990
62578
63934
68546
63190
67694
64833
66545
66261
63117
69131
59726
72101
67554
64344
63675
65866
65724
64217
66302
61268
62896
62795
68862
65797
66535
69005
64376
67346
63456
69241
60348
68610
64825
63040
67460
62856
69827
61099
65489
67550
66531
62988
67508
68087
66270
69633
60068
67446
62919
64856
68929
65555
63063
66158
61846
62351
62657
67077
69276
67610
64899
63795
73518
65562
65022
66458
61561
64182
61506
66251
62601
60583
61502
69321
66377
66686
63971
63361
68405
65314
72898
61128
67259
65353
66566
61984
76371
65590
65884
67056
60328
68578
63100
64389
61647
67797
68029
62131
64171
71022
67352
64293
62901
67839
76714
63865
69794
72887
76348
62973
65117
66283
61280
63512
60635
70441
65649
71299
66296
66360
63545
65387
63554
63309
59161
66585
68771
64739
68274
61014
66477
67443
67117
63263
66057
67708
60498
68466
65419
63466
71356
63999
69185
62946
68849
63341
62102
62829
64722
66302
67480
61045
67911
69120
63425
68252
68804
70634
67157
65808
64749
62560
63853
66167
66191
63905
61615
65124
67110
68959
70640
63423
63695
63697
65960
61228
67161
62548
65663
67591
63650
64220
64386
65270
65660
58544
61872
63250
65171
62393
63881
65450
66546
65802
77881
64853
67176
60702
65472
69678
65699
69153
64020
64596
62540
68234
65424
70336
63315
63878
63950
65530
64204
60669
66483
65084
69299
68510
65217
62107
66386
66318
66896
67336
64583
70839
61591
67791
63252
69979
63415
63405
64300
68965
64728
69656
66374
62327
63025
65486
68893
63486
65472
74137
63068
65615
61819
69332
77911
64634
64594
71587
68907
57600
66552
63225
67739
73184
66098
66418
66873
65913
64681
66031
69957
63980
72613
73022
63200
63915
65724
70451
67940
66408
71218
68050
63465
61170
66939
63147
72471
63444
68280
64544
66358
61477
68532
63542
66464
66058
66144
68429
65582
65741
64754
65260
63021
62643
69169
62807
69668
63664
63566
72460
65232
67107
68120
61389
67750
68289
65288
63363
66003
61924
63841
73545
67318
67430
64001
75436
58127
63840
65051
61880
58661
62801
62567
65110
66003
67133
68359
67867
70281
65785
71564
64916
65655
65058
67292
56798
61362
69884
64781
67590
69037
70242
64149
67847
62511
62433
61323
68453
64014
63527
67127
68166
60654
64798
63516
68345
69790
67456
65944
69219
65568
71579
69423
63408
63615
66845
69049
69084
66782
63489
62629
67204
69547
64669
68350
67279
61463
62933
65022
69986
64850
62229
66790
61388
61557
60502
64550
63666
61208
64102
67220
67039
64763
70056
66008
62129
73599
60866
62053
67078
63802
65525
61739
62466
70469
63666
66216
65265
68012
60268
62296
68053
70221
66824
64142
64758
61671
63045
62505
64482
70428
66183
62237
65705
63927
66597
69093
65942
64538
67757
66317
68766
62062
66515
61097
60882
65802
69015
73166
70742
70369
61310
65158
64283
73720
69711
62752
64609
66021
63735
60581
66268
65309
64910
58534
73221
63371
65914
63729
67763
65696
63284
56709
62991
68437
66954
67056
72000
66635
63219
69995
62271
63975
68033
66003
60686
63217
65507
66324
65285
67256
73244
59464
65030
64256
65726
68036
66150
71232
58837
69847
69101
67011
61570
65488
69853
61668
63225
63817
63271
58529
59081
67866
60614
64304
63940
71593
66099
68312
62930
62204
73120
65608
62055
66153
63231
64405
64435
66437
69780
69429
63291
65472
65993
66955
66551
62276
66653
70246
63186
66214
65433
60660
65603
64601
69641
66263
63597
71062
64884
65207
65400
62304
64458
61025
68961
65093
65260
69237
62545
58711
65591
63921
65260
67960
72099
67933
70438
60390
65915
66689
62746
69430
68149
65313
62329
63932
64732
65281
64250
64881
69094
65385
69253
65271
67149
58152
65666
70484
65978
63877
60476
67526
71166
62964
70395
66997
66391
65764
63352
67855
66445
65582
65049
65216
64137
62882
64274
64082
71166
65371
64001
63231
67886
67769
67472
63824
62314
66898
62689
65133
65945
66236
63177
64486
58840
68452
63881
67317
68513
65571
65088
57191
66145
69461
64653
73120
65838
65483
63031
62493
67228
66033
68146
69453
64536
69993
66923
68967
63782
60120
70097
72227
65947
65484
64827
67031
66200
64353
62295
72636
66767
64842
68688
60315
67686
65671
63763
67532
72202
66971
62327
66658
68432
62636
66638
67251
65049
63104
58562
62932
61943
67236
69079
65332
65186
69271
66115
64253
64375
63924
64596
67240
67264
69715
60166
65491
66281
68727
57147
69252
66972
64201
63626
62540
60103
63918
69189
66388
64542
59393
70460
61818
64951
62900
65871
68417
63164
63459
62498
65579
67562
71075
62956
64175
68861
67349
67102
70784
68329
69474
66916
68049
71339
59517
61673
68192
64655
64196
61852
68332
62142
67381
70226
63246
61562
58027
69718
63323
66906
63065
70736
69952
68180
65278
67706
63445
62335
63628
60628
64201
69781
61353
67580
62682
60755
64072
70835
68689
61470
66094
65276
63140
63331
64634
66226
66576
62840
63770
66390
62172
65961
68450
68121
68908
66440
61728
68284
64924
67760
66400
70888
66266
66176
63812
64812
69713
62165
64854
64892
65566
67277
64829
64013
71808
67350
66382
64707
61845
68166
67209
67259
68272
66693
63103
69181
64163
71631
67428
66633
60471
66449
73641
72813
65424
63584
64328
64991
61936
67353
62729
71358
68641
72045
66449
65687
65164
65333
68723
66165
70839
61354
66546
67178
60712
69876
69444
69336
65759
64151
63198
58068
73841
63600
67413
67515
67631
68655
60444
62887
65460
61389
70897
70207
73544
67910
65010
65200
65050
70510
63005
64760
63218
72386
64530
69673
66864
63830
65238
68450
65515
70970
61971
66215
62064
67307
67297
68139
62785
67946
63489
66813
72720
67459
69641
65425
69683
62636
65835
66123
63455
62522
65601
68164
71914
67863
67622
65187
66686
63356
67608
65723
61873
64434
65733
67569
67678
68447
67358
63149
66271
70279
60212
64504
70495
67016
65174
60389
69380
62486
61250
67662
66458
69117
66209
65656
63443
62148
68082
72685
65605
64588
64728
66624
65129
60919
64308
66782
67217
66097
60578
66142
65600
67155
62122
59687
64091
65265
65415
74406
63181
65099
64161
67953
66820
66911
62351
66801
59355
64153
70000
65959
67743
73612
60682
63310
63834
64998
70400
67159
62889
69171
75034
66288
66003
65094
63232
63511
64698
61839
70922
63923
63545
69866
70860
68075
67777
63156
67613
68467
67603
62064
65493
66128
65898
61559
68086
61491
64853
66065
58251
69187
66715
69839
62556
60431
60485
61756
66190
66755
71511
59481
64034
67188
61455
68886
64230
66106
63507
65744
70662
65289
62270
65631
63090
69150
65622
67648
63176
65432
63350
62155
63345
64653
68978
65545
67330
66683
66786
68912
72645
67801
64908
70273
65484
59849
62346
60559
64278
61921
67997
67717
75935
61866
60849
67400
66378
68103
64305
62046
71791
64221
66455
65166
64065
66158
65877
66244
62503
64191
64821
69983
66800
62717
65412
63443
60217
62300
65232
67254
75128
66092
66621
64281
66044
66602
71936
68767
64010
60357
65857
64479
62556
68305
64355
68055
62819
65043
64572
68204
63298
59349
69014
66668
64785
63056
67422
76351
61365
63135
71792
67589
60771
61112
62598
66118
65265
65967
62036
68537
68287
62384
65681
61310
67812
65715
68704
65511
70767
67173
70606
63338
63269
71742
61438
58260
65385
67706
57426
70163
65470
64952
61405
64378
67211
68808
66675
69010
65379
67438
70826
61666
67208
69972
66092
65312
71806
64466
69156
60371
63862
66873
68072
65881
63587
65619
66255
65345
67576
66680
73166
62493
64571
68172
59853
65252
69116
62843
64257
64268
66961
64092
66405
63763
72435
66989
60340
68149
67576
67037
69774
73670
66300
65093
65708
66014
65395
62347
66166
67472
66470
63691
61214
67661
65213
64445
68958
65469
70718
71895
64355
66818
64879
65594
68899
65684
69842
61274
70302
66183
69139
63718
66640
67280
62854
65439
63885
68917
70487
65186
66597
63545
65798
64870
71325
59881
66078
63327
68395
64542
70102
64087
66723
65440
63326
69840
67858
64070
59313
65991
63654
65888
59734
71809
65227
71333
74926
64575
65082
66482
65885
56745
66393
63905
67735
64582
66326
66909
60072
61893
65090
74069
66740
57733
66300
62109
61128
64826
68415
74622
63368
68319
64963
69904
66416
65425
64667
69404
61835
67552
71524
65895
65423
65013
61357
66320
65930
69361
62953
64937
66941
72434
61121
69821
67532
64382
69706
70824
73322
63255
67372
57168
68964
68701
67442
64748
67113
63589
68907
70399
72010
73733
67278
66537
67672
61700
61744
66651
71993
67447
67562
67762
67904
67749
66827
67686
64860
64376
68662
61619
68912
71303
64311
68328
64499
74488
61270
63404
70851
70768
60479
68044
68388
73910
66705
66290
63272
70465
70927
64090
62395
71123
62173
65413
62143
65766
74993
66037
62236
68601
66832
66118
76648
60481
68629
63919
65821
61658
64231
66314
68600
63021
72309
63485
69346
61674
65011
63491
65268
71829
68483
63404
64994
61881
64240
68864
68252
65200
74110
60475
64119
61747
71159
61696
58957
70170
63102
65532
71020
63959
62913
67566
61925
71494
70829
65091
65452
67971
62986
63841
62839
65941
63619
67029
59432
68311
59294
65421
70376
61340
65126
62860
61756
64446
67535
62487
65533
63363
73445
64103
67697
60532
63555
64759
63980
68979
60616
59601
64273
60708
67455
68256
65402
64141
66852
63819
64547
68979
63878
62823
64978
61964
69783
64037
69609
69401
67670
68775
67382
66245
62903
66605
71179
62001
68398
65728
64104
64888
62136
64003
68485
59098
64905
66022
62522
64728
64253
58274
66450
66594
65156
62203
70874
72678
67518
71366
66958
63929
68590
70570
65309
62826
71604
62954
62963
62552
61772
59036
66723
65178
66929
65529
60870
70261
68484
61313
62355
66747
62851
64436
60962
65292
62339
57888
63633
65374
63251
66755
58545
64951
66442
68393
62127
62812
67207
63700
70882
64935
64085
60381
68163
70010
68607
70229
61430
60826
64503
61764
65099
65849
66645
66569
71033
64681
65668
63181
65230
66073
68520
65300
63203
69509
65250
64781
67976
67520
64788
69473
64409
68607
62228
58677
68483
63831
68007
62293
69962
63998
68527
66221
69098
62947
68398
63775
66683
65913
65055
68131
64853
60877
68188
61908
60969
68324
70678
64561
67380
59936
65422
68274
69523
62149
67462
65392
62546
67162
65686
65590
63370
63655
66265
65328
66777
70764
64702
59871
68565
68170
68519
63244
64098
66059
68688
65234
71098
65069
62799
69909
70974
60739
67603
62013
66044
66071
64130
68566
65104
66810
70168
64448
66410
66054
69756
60705
62783
62521
66552
71738
59705
65736
68085
64198
61922
65611
61598
62169
69263
67820
62541
75819
66029
70585
67135
66530
66731
67397
69339
58798
59939
69578
60731
66871
65115
65743
67771
62463
65126
67135
70109
68601
71395
65495
69706
66417
61334
61828
65641
65822
59905
63872
66628
70567
64270
62926
67673
64595
66749
66144
74846
66270
62506
67672
65364
68110
64375
66253
68765
61442
62627
67579
63944
63821
63496
71601
62395
67457
66729
57899
64561
66826
73657
61277
70261
68997
66640
61201
63096
66057
64541
67564
65081
65296
62508
62512
63956
66745
63192
65838
69283
66884
65260
62683
66142
69753
65350
65166
64932
62654
62359
67542
67619
69131
63323
61109
66584
66336
61058
63920
64137
69685
63384
68728
69475
66692
67513
66270
70624
62537
62038
72605
62479
68304
62843
65761
65441
66148
61791
69866
63602
62115
63269
58711
67316
62542
65885
61729
65561
66832
61518
67187
70517
67274
63568
61271
65173
61483
70310
67021
66495
65913
65261
63347
67026
65083
65684
68717
65910
66010
66081
65432
65288
66983
61615
69606
67986
57538
69123
70294
63214
73131
66316
59185
71022
72744
70846
62718
62046
67259
63371
61276
60159
66353
74058
68340
66965
66395
66157
62063
61610
66103
62123
64384
65325
62694
65300
59422
70614
67268
65953
64126
61628
65616
70553
62886
63152
72583
65548
71196
67788
68634
62987
65155
70038
62773
70597
64471
68316
66756
63924
63870
61429
65806
64546
67002
64945
64126
65859
72032
64467
64362
67843
70033
61032
63964
66295
69486
68344
61528
65087
67391
63907
68317
60961
61383
67101
67662
75407
70779
70240
65095
66622
70262
66470
63920
63850
72414
65959
70405
62708
63063
68617
68146
67083
73855
64453
66442
62504
69344
67629
70874
69000
69652
62427
67906
65131
66807
69977
66092
63629
69747
62987
68443
67157
63842
67784
65413
66583
65114
74391
72135
63577
62304
68661
66345
64584
63340
72929
68573
66644
63310
58258
66291
70495
64243
61475
65183
68647
62540
63431
69080
64309
62423
61879
65754
66730
61746
69756
64129
70355
62221
66392
61627
63964
69805
61178
60818
62767
68130
66554
65062
67926
60423
65066
75778
64442
66697
65782
66766
62994
62061
64621
66667
65671
65471
68275
63692
64062
60849
61665
67862
62953
68807
63332
67273
69069
64631
75652
71824
66122
65266
66768
71155
68330
64278
63683
65589
61952
64259
68080
66468
70479
65892
62083
63364
61242
66543
61403
66175
61044
65607
63297
61034
66176
64828
61568
65974
70170
59193
67112
65019
61954
67592
69013
64714
71990
66493
64742
66432
71016
60697
65198
61159
66399
68552
64665
66250
69636
61049
67640
72177
61454
67231
67590
71880
60288
70052
65345
62676
64182
65732
71630
68301
64926
68221
64876
63375
62526
69816
59050
63114
65541
62150
58604
70615
66282
74381
64910
64360
65664
67753
73018
64334
61090
67531
64125
71111
64071
66850
68133
68126
66851
64306
70137
66863
65672
69346
60133
68457
67805
68906
60128
63772
68755
62101
64884
64703
66684
68087
64447
67372
60078
69977
60861
65902
64570
62915
67668
62821
75797
67983
68710
69918
66248
64295
63311
64756
67792
64348
65131
62605
63085
65436
68614
67747
67388
66585
64669
63273
65703
65483
65069
67271
68715
71841
67895
64021
67923
66324
64042
63873
69275
62423
62039
69459
68351
61852
66020
73717
70467
66363
69582
66919
65430
61070
66501
62200
61166
61150
64616
72669
64059
62271
65802
60277
62834
63725
62159
64461
74867
67213
61834
68293
66276
69148
60169
60453
68566
65056
67844
63581
63907
62979
64466
57148
69086
71665
66849
71111
70820
68990
68703
68820
63880
67237
66129
62731
68147
66414
64359
72582
74408
64421
63962
59404
65022
62955
66182
64576
60493
73322
64208
59213
64624
60539
67664
65641
65426
73708
69601
69338
62948
62797
64491
62942
66078
61820
65507
65346
66418
63367
66945
62485
69468
69346
63358
65827
67057
62743
67588
66198
61250
60852
60759
66473
61737
68800
68648
74263
60477
68494
65953
68661
63334
66790
70110
64120
70596
68399
73252
70559
64956
72674
70777
65543
67367
59599
60031
68509
63759
63169
67554
70832
65576
66107
66995
64117
68091
69541
65180
64295
69632
62629
71900
67486
66392
67689
67441
59929
68448
58406
64134
65235
64011
58176
68962
69425
68106
65430
71725
65462
60419
65043
66509
67626
62718
68358
59997
59759
64705
65573
62324
62134
68287
67308
70175
64222
63422
70279
67062
70269
68619
63778
68030
66536
71340
64928
65681
68015
66161
64950
68319
70758
60109
67678
65854
62383
55706
69884
64094
67939
67350
67984
69444
65671
70752
62573
65356
64180
67100
66761
64607
69586
66730
68479
68590
73264
61422
67865
61933
62211
70039
69307
58097
60260
65639
64703
67670
64149
67973
72948
70172
65466
69464
65757
69257
68203
62854
64734
65567
62777
63998
61115
67078
66974
70096
66972
62520
61536
62533
71994
62169
72170
62719
66763
63312
70213
61910
70715
67802
68978
71837
65227
60107
57825
65219
62070
64784
63941
66676
64902
63820
67487
65790
65728
62935
69225
65705
59817
61931
61394
65456
64500
62408
60793
72622
70149
61508
66456
67813
69920
67406
70477
59332
65609
65726
63664
62527
62576
62197
67670
66526
63109
67310
65552
64254
63060
71929
63274
66310
63297
63085
60659
61382
61401
61123
64594
65430
62795
63221
66564
64235
65651
68458
61563
65355
59446
71333
67412
65429
62009
64252
64534
69450
69559
64495
70333
67326
63934
68921
60666
61756
71124
68740
73992
68204
63117
66920
64060
70935
63021
67406
65496
65841
69985
69545
62511
64254
62266
64489
65070
71725
66434
65625
59705
63359
60861
63634
67952
65154
64770
68765
66820
66217
60665
73145
61809
68756
70363
61884
63222
61667
63013
59416
63754
66052
64431
61699
68193
67744
66564
73243
65086
72360
65362
62818
67136
60465
70698
61851
63395
71686
57713
65745
68543
70495
66264
65956
65201
66526
63524
66831
72555
66029
74335
64396
68910
65005
61495
68799
62233
66987
60254
66754
68410
63358
66995
68414
67140
65682
61414
72552
65460
63550
64908
61507
65780
66146
63650
65212
66840
63887
67746
67601
67313
61383
78116
64264
65423
71549
64536
64013
63659
75553
61344
68046
63360
63194
68540
63440
66824
73107
61920
68178
68460
66883
64655
65724
63787
70240
68062
65918
59856
65911
62162
65409
67160
66354
66092
63615
61321
64378
61864
68857
66923
67998
64521
66733
63228
68735
65395
63360
73082
59250
66477
72919
65022
65426
65805
62441
63175
64574
64093
65879
60192
70770
65081
65323
62975
68422
71795
65026
64627
60993
69981
61958
58599
66797
70058
66897
65490
63739
67532
60807
69403
71777
62099
73945
66211
56697
65575
69426
65724
65702
65013
63435
69127
60436
64742
63237
67661
61575
66389
64638
68743
68974
63355
67022
68458
67713
63323
67664
65923
65486
72484
70739
64452
68043
62247
62514
63261
60070
65809
63476
67508
58377
59622
65497
64293
61365
66021
67760
62792
65279
64941
68388
71693
64771
62698
66284
61144
67926
69184
65757
65807
63106
68177
61340
59667
65664
61681
69191
62192
62275
62823
65587
76894
67708
67653
68906
65137
66938
68354
69199
67967
62056
67776
67267
67067
64443
64074
77304
62351
61144
69167
68884
67045
68110
64810
72602
69416
60852
68725
61700
64391
72054
63518
65923
67063
64743
64016
63296
61889
64225
70376
67125
57129
63244
58594
61261
64753
64563
65656
71772
65476
61795
67561
64213
62859
68658
67048
69050
68345
70045
68625
61192
68679
65124
67226
61888
61503
62821
64547
66301
69689
59731
68123
63431
62238
67407
62302
63123
60324
67110
70039
67235
64858
65345
66851
72452
64029
59653
64049
63598
63712
64260
62619
64265
66576
68252
66362
64522
66588
64521
64127
62915
61585
65281
70121
66686
65391
72159
61281
65072
64309
61347
67668
63707
65897
66144
68167
60497
66789
63321
72315
61884
62260
65218
66288
64250
58806
71872
63069
68665
65601
66358
66970
65570
69475
62328
71994
63813
66623
69611
64879
71068
65406
70555
64058
68711
67047
64586
68169
65726
70902
63531
60221
57507
65238
63051
71941
60955
63087
67161
61718
66380
67072
64014
69216
62351
69189
69167
68658
63138
67621
70272
67582
65641
69648
69540
59278
68482
66611
66761
66946
63561
62569
66554
69854
61610
65849
60317
73825
64901
59799
66714
66283
64581
67419
66574
66661
67658
61742
64059
64724
62989
66413
68175
67572
65530
69200
67217
67272
59242
76088
66129
60330
65139
63156
65210
67798
73809
64869
68180
68267
67212
60277
58501
64831
67095
69634
64035
60171
66356
74383
63411
62458
71180
64962
64090
65776
68233
62367
66885
70793
73018
61649
63575
65248
67011
67316
69261
66980
73306
68040
66570
63596
65667
63030
61394
62242
64029
65497
68915
63197
60458
64433
59803
70947
69549
62848
64681
61496
65586
68509
66243
70975
69455
62497
62795
64367
71706
66731
69811
61894
67506
69298
65438
67703
61009
68035
70465
73441
65637
67430
70578
61857
63420
65628
61350
63434
68348
69127
62960
64262
64984
68432
63602
68108
65871
61114
67775
71130
69176
62432
64711
65961
67247
63983
68441
64549
68023
68615
67693
66789
65696
64773
80354
68293
66844
60949
69276
65006
60977
70140
64269
68274
67232
68277
68025
57685
62880
62114
63962
71259
64266
62199
68457
62518
63306
59981
66934
69341
66742
61146
72130
73095
65244
67019
65510
62578
67398
72307
59457
68975
69200
62108
66820
65744
63991
62167
66647
60907
73371
63137
68407
61328
65073
67817
63433
62734
63498
69093
67161
65549
65671
63168
72878
64458
66500
68403
68062
66246
79927
67917
68537
63835
68286
66248
60844
62432
62707
67215
63803
66311
66184
64220
67552
60983
66064
63570
61089
62321
70502
64109
62862
62738
69399
67762
62431
68130
66532
60749
65693
68007
68543
64463
70216
66356
64461
61538
63419
67962
61889
66532
69851
66104
61139
64998
65494
60577
70587
70038
71296
64337
64994
60842
64747
66887
65530
65152
71513
57714
63875
64854
63580
63291
65999
67671
63628
64296
68301
61194
64588
63228
61271
65464
64513
62985
68000
65359
65127
68826
58730
70496
70084
61495
63279
69079
63604
61055
65635
57999
71718
63338
61924
62739
66212
66501
64112
62967
63619
62296
69053
66290
68768
66826
62370
65184
57978
64908
65340
65189
67694
65726
62037
65164
68243
68714
67045
65294
61845
70244
66601
65066
72151
68386
67842
68252
64913
66066
67407
64163
60337
60571
72506
63698
66124
65031
66867
65152
65043
67489
68611
67040
64777
63630
62854
67196
64618
62526
61926
65729
66268
64915
69533
66176
63183
63497
66433
64830
68354
63309
65792
66452
66743
65742
67037
63448
66857
60701
61062
68593
65308
67739
66624
59571
66559
64376
63808
68987
68463
69741
68573
76426
63798
59431
65055
70530
67712
67074
69049
62833
62984
69554
63243
60887
59843
57323
68631
57426
66717
67536
64481
67500
64253
70167
66327
61577
65723
65075
64014
61912
71449
63675
66426
64994
62237
69697
69031
72557
67386
61448
65933
70242
67167
70803
69442
64286
69622
62082
65769
65256
66461
63097
63066
64456
63736
66238
63806
66662
65528
66448
67069
67874
64038
61505
61910
69929
61567
66595
63624
68646
65074
64523
70790
63601
61403
66113
61362
66163
62865
73712
58465
60976
66482
72705
64605
70635
64110
64214
68773
62057
62998
62487
65506
70527
62481
66434
70430
61386
59310
65671
59150
65238
66806
67669
60577
68196
63212
67420
67079
62325
66805
66889
62023
60688
63489
67754
67252
65275
64500
68941
63249
65256
71685
68728
67230
65775
59879
64764
68411
64820
66710
64488
63687
61799
65615
60572
62689
67939
59015
64481
68391
60533
59368
65644
67228
66105
63274
61600
63718
65204
60969
66577
62323
66493
64153
65910
65719
66796
61406
68029
68054
59252
62481
74409
67442
72065
68806
77734
65987
69504
65340
71332
65265
66924
60958
61216
63059
66624
59617
71053
70482
65811
58898
66205
66142
70627
62576
62554
63048
67664
67936
70066
65262
69278
69635
66954
67179
67347
64042
65277
66494
64941
68954
65192
65046
70861
62428
68557
65241
61930
62636
65423
66745
62571
63397
67626
68248
73111
65035
65808
62013
64380
61437
67903
62007
67316
63083
70692
64774
72755
66423
64124
67288
69168
62875
65876
67180
65399
57902
61962
61935
64139
64994
74456
67839
67149
72315
69561
72740
65661
62958
62099
64204
68852
72543
71847
69975
68584
66063
69036
64443
66306
65501
62001
69645
64192
65581
66647
62758
62776
68791
66138
64627
66442
63673
64627
60035
70965
65939
68654
63614
71301
64420
67667
68033
70645
67096
62165
65618
63541
60500
64682
67419
64039
67369
67231
70925
62635
66825
64944
69116
64137
68131
66003
62780
63043
65608
71891
57005
60274
63250
68100
65910
67366
61640
64686
68210
67115
62057
60681
60883
63145
66374
78212
64576
65541
65080
65359
70190
63759
63527
63373
62574
63614
66907
65768
65238
65184
62420
63492
59369
59024
65276
