63947
65992
63480
60898
66312
66312
60739
63114
67111
63805
67090
67098
64752
72468
71721
67431
69031
64522
68652
70515
61061
66284
65315
70562
67369
65174
69537
64327
67565
66505
67568
59980
65580
69195
62947
69796
64858
72654
70197
64897
63202
64979
65917
66537
70767
67982
67081
62245
64429
71871
64490
66822
67831
63591
62323
62620
68406
66565
64468
62488
67144
66150
69373
69705
62977
61374
65772
62404
64372
67720
64372
60856
65653
60780
75414
62949
65252
66530
65236
72767
66263
64386
61026
67279
68296
67222
62667
64476
67319
63896
65219
62508
67920
66627
66846
70710
64579
64691
65519
66313
70527
66943
66678
68274
66068
64238
59888
64968
64702
65780
72490
65622
65339
58349
66172
64562
65649
69603
61993
63161
63042
68657
61240
70475
63667
59066
68950
67445
65211
67228
71044
65312
69212
64020
68693
60822
68207
66608
62974
69833
64799
61515
71263
64936
64695
63070
69856
70168
63869
64577
64725
64420
67842
64783
64589
67963
59943
64019
69686
63452
68893
63054
61947
68340
62524
64210
62948
59858
66350
68102
68586
68322
65789
64436
64641
62933
65493
61095
66414
57689
63548
68470
69243
63992
66276
63277
64021
65775
68433
70906
67032
62844
64841
69889
64973
64297
68566
65036
65345
69508
64384
63748
62169
62255
70384
68760
63890
63894
63890
54950
63717
62014
62552
63468
66585
63139
68170
66321
67165
65268
58738
72284
63361
71284
67119
62151
65326
69268
67966
63382
68019
64834
65387
67743
59190
63522
72919
64930
67778
62856
68240
65914
63922
62816
69720
66650
67130
67749
60220
64235
69945
62660
59249
62318
70923
67162
61631
67939
64113
63092
68720
65731
78211
69073
66374
69896
60590
70583
67010
65110
61130
70604
61934
65502
68918
64055
64890
67563
65308
66823
65166
63435
60720
69859
59220
72624
66037
63663
64628
67642
66225
67192
67525
62865
64386
67888
62715
64544
62976
63535
68369
67424
63175
63595
65604
65153
61600
67533
63791
66205
66257
62123
62938
62974
61520
65467
63375
66568
64490
65965
65219
63642
68331
59329
69007
69771
61948
63040
63552
63539
65576
68614
65288
67832
62489
66021
68357
66606
64210
67436
68345
64747
64743
67240
67116
64784
70651
70497
67977
66242
64532
61033
62841
66064
65598
68994
65596
66495
64495
68363
63877
60871
65894
64245
63349
66877
64809
65494
65217
68170
65455
63943
61102
62536
59166
68150
62797
64940
59068
68296
68408
67560
73322
67305
68121
65046
64434
59915
62562
67482
68618
63962
70167
60038
61886
67110
71675
61380
65913
61716
71213
67560
65518
65382
67044
63556
69231
66005
65144
63892
63284
69440
70980
61600
64464
68084
60819
65159
61886
65315
59414
60248
66362
62499
63487
61338
68858
63362
62242
71854
69657
72976
66430
63266
60957
65294
60601
70393
71637
65718
64301
65643
73091
65829
70108
63412
64356
68767
67264
69200
65742
62548
68933
63924
67320
68241
65888
69113
67401
69711
59673
65420
67911
64842
65906
66268
63583
63144
67321
67478
66449
74060
70907
61343
60555
66362
63699
64531
56793
62061
65957
68824
71259
64876
68111
70553
67725
69282
60437
62769
65562
61020
65283
68485
60898
63816
69120
66165
68536
70403
62635
59824
70463
63741
67739
67172
67536
68494
65377
68376
64661
65701
66328
68651
67482
63150
63934
68903
65212
63163
71504
63802
67781
63718
68136
72036
71341
65378
64695
68639
63508
71473
65753
69760
67743
65381
68482
66820
62396
67482
62907
69459
63844
61129
74777
68255
63698
66208
64341
67576
65253
66050
61920
64712
64448
66914
67173
66984
64268
66945
64600
59374
62800
66622
61822
66901
72972
69014
72298
66708
65475
60467
64481
66261
62926
73682
64772
63103
70767
61990
64445
66925
63526
58854
64945
64732
67076
68444
62923
68466
65302
67139
64003
64460
62303
67250
66432
68908
67024
64322
63145
68703
62805
61375
64208
59913
68173
69885
71933
60974
63459
65718
64631
69443
58395
65115
65179
63241
63996
64810
68232
64026
59899
61405
60700
67255
68947
65950
65353
62136
71594
60880
66057
66965
69029
71447
62945
65296
70054
70073
66655
60488
66397
70861
66351
66442
75750
65714
66301
63331
59990
62041
66429
69374
58064
65342
65490
65615
64893
66012
67471
67378
65643
67366
67958
65189
66382
60952
75550
62144
61692
73115
66678
66776
70497
68187
69389
60256
62607
61618
63253
69457
67301
63970
69801
63280
66333
66787
63286
64111
66740
61945
69280
63578
63648
66566
64484
69909
62641
66147
67294
62269
67928
70500
71067
63608
70018
60249
73150
60411
64851
65854
67371
64253
65659
62109
65163
65047
66749
65723
64542
71663
70273
63187
64980
66144
65475
64416
67353
68189
64900
68906
64224
71634
62328
64023
64707
62466
60498
62372
72179
70015
67649
65450
63882
68003
64929
68108
67603
70494
68707
70286
68897
62256
68802
57913
63958
64935
68474
63318
67478
65138
58099
65852
61974
67924
65650
60205
67656
60090
63296
67432
63527
62496
63559
71119
68008
66357
65780
63563
64958
70224
64313
63594
63751
62176
62912
64065
65766
71471
64157
64862
64658
70004
69280
62257
65665
63376
65443
65438
62599
67271
65222
67086
66991
66565
64816
67143
61664
68604
66154
67009
61114
64898
62320
70794
64672
62745
65267
62221
67276
61221
58779
66746
67029
61096
60738
67295
66942
66472
70258
68691
69000
68152
65649
64777
60820
68979
62461
66244
65698
63396
69433
64306
64995
63961
64601
58370
67694
67323
67643
67408
67693
61858
61189
67461
68381
64026
67396
63525
64877
70910
60829
60136
67607
66831
64612
64458
63446
59550
66120
68260
70390
68021
65644
60139
67277
64810
65589
61860
58184
67322
67180
62284
63375
59996
63676
66734
63656
62093
62953
63914
62217
61916
61299
63477
66088
65058
61807
68326
64349
66850
65441
61598
64915
65384
70317
63178
63487
59139
66560
64825
64728
60744
65849
64634
63602
64930
67032
64906
62197
69081
65103
67913
61840
70938
67420
64322
60778
65752
67407
59901
70651
73631
64125
67223
69062
63294
64746
67438
70018
62796
63472
65862
59996
69240
70947
67884
65685
64748
66336
64402
69910
61123
65806
62068
64431
64072
63720
64101
63495
61452
64898
63292
65831
61133
67829
60122
65667
70585
65118
67846
62892
67746
67031
72373
67052
74573
71172
63135
63058
64170
68865
65692
65547
69565
60954
62781
66268
65448
64860
72987
66356
67849
68991
66470
60131
63501
67462
63711
61250
62640
65341
67726
63325
64271
62728
63518
62268
67338
61485
64894
59375
67874
60301
64893
67742
67160
66602
64174
63866
67471
65615
59195
60325
64136
65411
65145
63585
69068
66390
71501
64253
63481
67158
60754
69814
70713
64808
62275
60446
67074
62182
65662
66106
62762
63465
71143
61030
61305
67652
64264
63956
64692
67390
67813
65619
61906
63801
66773
63101
76420
61976
71779
66745
69422
70072
61940
67105
64419
65690
64009
65285
70028
62426
67194
71067
66969
60961
62863
66698
66700
66607
59371
64307
64156
62325
64762
66395
66185
65771
65658
63235
65366
63220
65801
65279
72810
62664
64419
62421
76633
59339
65996
62095
69130
63587
69179
67645
59811
66166
64831
62803
63951
65046
64361
58505
65725
64883
62265
62103
61864
63507
69508
60587
69520
64559
68104
65746
64476
64499
64182
60642
64082
66345
62522
61857
69821
63635
63316
66525
61318
66031
65127
66108
65484
69336
70620
60696
68434
68954
73443
67698
70178
60563
62386
67871
58902
62469
66617
74895
58800
70429
71410
62348
58410
61293
63738
63643
62853
63140
64627
65196
65741
68103
66468
71596
65859
68943
69363
64951
61271
62658
71120
68947
62591
68921
66280
63781
68870
65192
70219
67567
64504
71207
64123
65600
63774
64810
61351
65128
66973
65137
63802
65376
65403
67919
67782
70478
60264
69882
67888
67977
62729
66516
61687
67819
64634
68392
59187
69673
64536
63523
64207
66148
65964
65392
66021
62522
59013
67415
70354
65826
58048
68279
60571
60463
67401
63723
60601
66802
66209
67499
69038
67734
69808
65424
68160
64778
71064
64469
62913
72792
64332
61745
69754
60478
64191
67930
65719
63756
65287
63816
68698
64985
70520
65902
68638
68038
61721
62145
63598
69322
66589
61788
65074
58725
64272
64912
66564
65101
66039
63295
62544
68216
70209
72161
63912
69362
73441
64286
58272
65555
62898
65268
65861
62656
66501
64671
64498
67800
62438
66114
68109
63823
68618
65443
65565
62160
64016
65618
62961
61276
63757
65502
70136
69222
66551
67596
66154
65350
63845
65767
63979
65325
72718
68765
66011
69755
63627
60876
61771
66242
60990
65052
66659
67609
66542
66833
64982
65014
65526
64134
61853
62565
70791
75129
62611
70343
66280
69608
72025
63808
63139
67481
75289
67376
64276
70769
64940
65586
63691
65146
68887
61836
66059
65625
68743
67021
68569
66107
60369
70362
71287
61045
66229
67804
62296
67582
60053
63387
67174
59155
67582
63191
64569
61531
60789
65431
68101
64062
67834
59541
65091
66755
64936
70269
68882
61825
67761
69156
63823
61868
63261
62426
68113
70551
60959
66610
66368
61454
63762
64075
59134
67714
62630
65349
64667
60883
63913
63818
62200
66754
68406
69148
72681
59426
69362
66269
66455
64543
62967
62832
67504
66088
64622
66361
60660
63965
63213
63433
61903
64948
70080
64251
67742
67315
63669
61714
65466
64539
60395
64756
57992
63733
71862
63157
64310
61565
63401
65992
69809
66228
68446
67495
63662
60485
64267
69703
64110
61836
67596
65978
65487
68213
63478
65934
64189
68579
67001
63251
66780
60326
66872
64807
62616
70538
71862
70948
61644
67395
58103
67438
64936
60844
59561
59412
61802
62343
63650
63081
67393
68331
65547
66098
67055
63330
62548
65247
61027
69503
66176
67972
72281
65808
65937
60925
63532
69073
59975
61765
63682
66286
68838
66778
62152
59892
60841
67178
69422
65077
71892
64493
66023
67099
71214
63895
67329
69607
76526
65626
60201
60509
67068
67570
64035
68979
64561
63118
61747
65865
66210
68545
68362
66286
64353
62673
68277
60984
66436
65606
68079
74575
62761
63207
66471
65317
63887
71090
67316
63032
69921
64587
70304
64042
65653
71293
61929
68034
68303
64885
61976
69042
65334
64160
63340
64962
66761
68364
65254
69248
76746
64136
62702
74316
69020
63568
59422
65467
68011
66140
61320
67723
68263
67156
68816
65136
60612
64494
66373
66506
71092
62764
65792
66132
56513
64571
68095
66963
61977
65166
70614
62656
67801
59923
62178
67035
61591
65314
62855
63985
68431
67714
62326
66651
66885
68822
64176
59409
69231
65456
61213
65798
64086
69212
64161
66155
62457
61863
58023
63690
64485
64905
66714
64445
66518
64988
61485
69009
62002
61486
65925
73314
67590
61544
65611
68982
67232
62892
63792
66328
66760
66845
68704
60638
66609
61776
60903
62420
66981
64239
65615
68637
64490
69641
61862
67094
64883
64620
66395
63668
67130
62800
70264
65124
59744
68986
67834
63894
64952
64406
63971
63520
62090
64220
66336
63403
59850
65973
68892
62098
65932
73523
62872
67338
65834
64465
64917
63290
66994
63896
66397
63201
63579
68751
62160
67340
62990
64354
60019
66276
66700
65599
66544
63015
71297
69180
69232
62563
60372
65880
66093
65307
61937
68722
64764
62489
63934
64920
62412
75778
63387
67751
72139
63902
61324
65989
62555
60647
61493
60569
63191
65289
71242
66352
68420
59118
66117
65134
63777
65393
60415
67641
64904
68062
70167
67603
65657
66973
67886
70492
65809
70867
63136
65266
70687
66565
68096
64506
61419
72316
65161
66064
63407
64844
68096
66598
68252
62190
65466
59846
65735
67942
70902
72030
71173
64672
63910
71162
62728
67158
65058
60647
62723
66427
68592
73437
67980
66235
68938
65968
65285
66281
67737
64987
64119
69315
61217
65860
65474
63294
64780
62554
64608
67606
64372
69511
65182
65645
66225
65959
72342
67384
65233
65016
69085
61635
68502
62506
64165
67724
60192
69695
62656
62413
67809
61270
66365
64603
64693
65979
62982
63035
71814
61523
71477
62318
62040
69317
66910
69371
66247
66561
63077
61506
61260
67431
66228
71559
68287
62519
60637
69846
67536
65622
64630
68300
64175
67126
65583
63793
65514
66997
65897
65826
66771
66395
60685
63748
66518
63329
66648
61904
64346
65889
64101
71122
69448
69696
65070
60311
58958
63509
63934
72021
67363
68223
67635
66091
67120
72734
63173
69250
64761
59378
68693
75028
66486
62116
59691
69828
63947
67097
65885
57882
70861
64714
64038
62161
65216
64541
66844
64665
66680
63560
66769
64323
65632
62042
65704
71911
61646
68644
67750
67547
61321
73370
56648
62249
64812
65716
64613
63871
63487
63764
65243
66189
66035
66180
62020
63647
76831
63454
64904
65597
66834
62048
62571
68170
64228
68882
70391
67656
62826
62554
63896
63243
63887
67707
64150
63014
63154
61858
63294
64404
62207
65623
68559
66074
68071
67825
66013
68239
66560
72389
64844
65532
68327
63444
62601
71264
68134
68157
68767
62926
66177
66414
72833
63517
69865
65340
64639
61361
70125
77189
64939
60123
61713
64856
67187
62993
68889
64011
63920
62236
57589
64274
67247
65619
71895
67894
66905
67299
65040
68346
62057
65535
65566
66628
65031
62939
68506
67765
66546
70264
68335
67134
62790
64686
64907
62861
65989
64281
65875
64677
67502
74637
65978
61183
62635
62518
61721
65246
64895
67624
66588
63578
61815
65996
67045
65534
63623
70635
74036
67391
69796
67244
66023
67055
61098
64482
64565
63558
69493
62299
65785
63410
69247
71056
62961
64325
68631
68515
62044
69679
60561
68626
63508
66630
63617
67368
66073
65402
68993
63195
67261
66293
68964
75166
66168
58481
63062
65599
66408
65462
63790
69648
62077
63272
63264
64130
65471
63402
63652
66717
67471
65203
60825
69864
70725
65000
65369
64972
64746
66275
60992
71238
68368
65876
71402
66117
60509
65467
64788
69942
67619
66788
66593
61589
63758
69392
64738
63943
62001
60736
69040
68305
69933
66311
64042
62452
65785
66601
65042
68391
59336
71264
64936
59514
65513
66164
66728
66132
61326
73685
60869
70559
66421
66973
63662
71227
64055
59512
70329
64920
67779
64169
65473
67707
63975
60112
66167
63259
70066
68827
64023
61008
64391
66578
65538
69906
63613
62766
67051
67113
64676
66998
65753
59309
66355
66731
67728
63184
66135
67735
61474
61192
67564
72281
62392
67858
63043
72697
62736
69760
63225
65489
68818
66897
63361
65190
63675
59642
71096
60633
65195
68619
70205
66161
62648
65956
60932
70663
65575
69913
64365
62753
66944
75346
64890
64135
64237
61722
69244
63380
61848
71932
64505
67230
65804
64416
67172
67827
65424
69303
69298
63382
69529
63423
64054
71725
67834
61843
68916
67093
64056
63065
66370
67554
61184
60293
62478
65257
68296
68375
63867
64193
61244
63471
70861
62261
68978
66818
64726
59589
56716
63606
66141
63830
62750
66603
60137
64790
63944
63424
64183
62897
67623
67417
69350
64126
63079
64069
60472
65554
63415
69319
66829
63333
62866
66513
65771
70918
66727
62742
63703
63935
65373
65512
67773
63323
64184
63962
67306
73443
62127
67143
68490
63339
66846
62237
63574
63370
70340
61791
64690
66768
65069
71923
64223
69092
70289
70935
62082
67664
60868
67340
71652
69410
61722
66050
67383
65015
63932
62068
61110
66736
70189
66919
64694
68853
68830
64428
65695
65428
68119
66299
68711
62743
62310
72200
68730
70836
67737
65810
70657
68702
68999
64863
65309
67989
64961
67377
66438
60475
61419
70090
62925
62980
69527
62958
60856
69433
68687
62362
64658
63777
64438
64280
70191
62274
61915
66296
65678
70969
63893
63713
65740
62047
66649
63736
69056
65613
66112
64805
66769
65969
62936
66999
71260
60264
61301
70062
63351
67226
64683
64585
66313
68208
67879
68682
68380
65756
67968
63374
60999
67493
64760
63938
64025
65288
63189
63992
69859
62806
62752
68136
65411
63370
66229
62199
58608
68216
70397
64555
63253
66301
61096
70236
63341
67583
60347
59598
68148
67387
62835
66829
65685
65452
72494
65581
67876
67192
61123
69929
62975
66463
66465
63044
64440
63718
62509
66639
67605
69295
68357
57114
61696
70283
70176
63994
63790
63785
66382
65949
64478
65255
73715
66297
68449
64966
57024
64353
66579
62648
63991
64187
63606
59425
69463
64019
68719
63764
68691
66932
66517
62487
62658
69889
65356
67946
69936
66254
66562
58444
64147
70384
67440
62351
59339
71180
72335
59929
64283
68510
63829
75483
65524
64479
62641
69035
65256
68715
64709
68607
66901
68970
63469
62838
66313
65410
70653
66532
65700
57943
69394
61065
62424
64629
60239
64338
64285
65710
61757
62129
67652
70164
66207
68266
65744
61717
67069
65676
65346
62868
73830
67586
64850
61826
67188
72321
63566
67686
69680
67647
66146
67579
73658
62722
61608
63468
69488
66202
65557
63630
63416
68033
65268
64071
61089
63306
63048
65262
61218
64220
68484
61238
63326
67020
67145
64578
64052
64895
64531
60401
62203
64917
62590
69103
64257
60099
66258
68436
67744
69312
68212
66773
70489
65484
62707
68651
60909
63903
62324
67764
62850
69320
62743
64977
63771
69628
68606
63635
68798
64052
70344
62869
69839
63774
63548
67901
63682
64693
67350
69016
72666
64409
71098
65225
66410
63383
66540
66633
63222
64456
64516
64033
70986
63146
63588
69045
66345
65665
65979
64459
61158
62173
70137
63559
61452
64292
62146
59544
62344
64729
62281
65064
65457
66708
60784
68332
60872
63937
70466
64353
73224
63548
62758
67536
65133
59702
67236
69199
61015
59679
65523
62381
61416
68062
67165
61736
60443
63742
68551
59613
67323
66652
64433
60810
62852
64204
64052
65393
63756
75025
66522
64754
69537
64294
66212
60247
60757
67098
66034
65779
67050
64903
68118
69462
63557
63536
68282
62727
67673
64716
62953
65646
64079
67273
66186
66217
68077
66120
71036
67185
66482
66386
66337
65739
64001
62790
67736
69731
69138
67172
66709
68160
70077
67065
64946
63642
67414
66917
68720
65639
68439
63710
71961
66736
64563
64939
57758
64409
68999
65850
71923
65801
68384
62667
67387
65920
67686
60293
66605
60035
62972
63993
64349
64270
72526
66462
62878
65696
70488
65708
60390
61689
65739
62559
66759
71639
68712
60785
66446
66343
66533
59838
60608
58991
66061
64581
70913
61029
69599
64833
69340
67524
68399
67590
67351
67383
62914
69368
64821
61774
67261
67976
66300
61885
64906
67324
63987
69358
63376
64223
66560
68404
68576
63829
61742
67693
64067
73171
67509
65637
68658
68755
67799
64592
66155
73794
73309
67586
64069
75972
67215
67307
61281
66822
64304
65076
73349
63111
64837
63911
54781
73159
60333
66491
64607
65685
66956
67457
64473
70915
63165
66928
69460
67044
61660
67338
64382
68022
63143
63364
59991
66116
63415
65216
61548
67979
63182
66180
65747
65236
64719
65919
64839
60743
62458
62806
67063
68585
62548
62785
61041
67576
66296
71387
66847
62425
67101
63502
66166
64491
69525
65257
77061
66154
71352
61808
63083
64041
60904
68800
60270
62617
66320
62014
69373
68353
67592
67316
69191
61759
66395
64400
67459
72099
64662
72464
65761
70348
59612
62679
65191
61641
68431
63802
64887
64682
61616
63220
64603
71447
68840
65940
65231
69461
58483
60917
63620
65300
66238
68811
65283
64702
69874
64458
66048
72446
68482
66919
59883
63761
70225
63981
71031
62170
67117
65844
61461
70043
70457
67505
62301
70923
76347
67048
63776
61825
67089
66912
61961
72294
66834
64917
64096
67250
65423
74848
67766
64082
68921
65343
64103
66678
64982
68850
66220
63595
65025
67516
64809
63275
73020
61946
66656
64170
61834
70361
67946
66495
68208
60304
68469
67408
64873
69727
66858
64512
66645
65843
67317
70905
64498
60249
65475
64806
63342
69977
60394
64879
60592
68029
60075
63090
63772
64778
66360
61824
65079
72684
69413
66150
64535
65721
61771
72620
65068
72088
63137
65846
64189
68494
61595
62291
63678
65963
63689
67937
62847
60542
62206
68017
64372
70066
63712
64091
72294
69577
66477
66536
69754
64285
64722
66178
68109
62270
60526
67159
67605
63965
66730
65995
63198
72452
61483
65298
66912
65829
65659
71746
60978
65400
64115
62559
69062
64020
66424
62874
73336
65862
67572
64149
64031
67939
67955
65900
68612
62888
66768
76681
66787
69125
71356
69858
65179
61453
64525
67585
64075
67075
67893
69550
71827
66839
65022
65854
66927
68788
63601
70156
63088
68993
68097
70722
67221
62488
63888
62479
63868
69363
66638
68196
61447
69707
62732
62735
60043
66906
63282
58825
67624
70984
72335
63280
72348
66779
64133
64934
64170
64815
61597
68812
67832
68169
62924
62712
64090
61874
69637
60493
60897
63211
60175
71454
67300
68037
63254
69167
63144
61333
63334
64619
68941
68433
61682
63078
65664
66934
72922
69243
59819
70018
64920
62393
69923
64936
62600
65495
57315
71501
62241
66107
63100
64121
68029
64794
72247
63617
64573
63508
62242
64353
65054
68556
67955
61865
61144
66325
65385
68640
61905
63425
59737
68546
66798
64786
63483
66250
68527
62769
63255
68682
61376
61913
65098
65276
63769
68486
65437
73439
62784
71086
60954
66635
66237
67659
66493
61195
74846
61602
64446
69745
69259
60467
68787
69546
62009
64445
68760
64833
69078
62117
62233
63837
64371
60232
65537
69651
64095
59346
69038
66742
64199
65713
68921
62055
58723
64899
68638
71037
64701
62108
64015
65543
67525
69321
62910
62672
71025
60710
63707
61249
70250
70339
66027
63928
60134
63301
66340
69081
61739
68857
60601
66481
60707
63384
65988
67283
66672
64161
65284
67541
66083
65279
73342
64068
68911
69546
71574
71993
70300
67944
59705
67305
64958
64249
65109
65790
69701
61103
60104
71556
69072
66465
68856
63918
68012
59134
61853
64846
62335
62102
67437
68324
65280
62829
65083
71145
68276
65779
65784
59652
70415
63920
60994
58852
66888
63964
63720
64901
65861
64137
75036
63374
65125
66273
59451
67824
66883
59601
68380
67389
66021
62892
64862
70064
67327
67588
65790
64169
64193
71922
62225
64718
61292
64112
62115
64042
61402
63868
65858
58849
62746
63708
70003
70048
64590
65062
67612
65077
60713
63333
69501
65903
68284
66831
66919
67139
69924
65956
67425
76782
59435
62152
66792
65474
69614
60413
59857
65026
62345
64966
70229
66913
65106
67060
66260
65836
65802
65365
69206
67972
70034
62481
73247
61962
61287
66541
75342
66741
65747
69023
67268
60878
63427
68712
71225
66625
66243
63949
67338
63901
59754
62968
65693
66141
66725
61882
67658
65388
65368
67222
70364
64494
65736
63936
67332
61765
68540
60368
71810
64141
64014
68250
64174
61595
73705
63929
74869
68860
60599
67499
69622
66191
59394
72143
69172
60971
59966
65876
69864
59319
60697
63384
68310
65697
66065
64469
61102
62775
69267
61315
64525
63359
61058
69392
65653
67325
71110
64419
58224
72176
65641
63502
65135
65908
70089
64781
68113
73594
61842
62539
65367
64793
62195
64809
62701
66525
61501
64501
64906
69979
64609
68380
67696
68321
69226
59242
61445
59794
69804
65303
70067
67897
68689
61711
66860
62212
63614
58767
70771
61654
61983
68888
62394
64452
66289
68351
67980
59443
65533
63069
68234
68195
62172
70278
66925
65424
65173
66128
64264
63341
63214
68933
66480
61841
62729
70366
64404
72729
65382
59856
68796
68388
63124
71014
67677
63638
67682
66318
63184
64183
64673
66666
64345
65943
64069
67205
66139
68948
65650
68305
69401
64699
64846
63067
66979
64225
63779
64110
68358
65050
64364
65512
73169
65014
59008
66737
68011
64335
64528
61847
69934
63223
63656
66005
64444
62327
62797
69508
62954
65748
65298
65297
66032
61850
65811
69422
66851
64955
61741
63617
68446
58292
64679
61607
66036
63833
62896
61773
62245
62797
66585
67464
64463
62614
66274
62222
61098
68682
68398
65999
64543
67301
61385
64175
65406
70605
70151
64627
73358
62377
66058
56391
58755
66136
65886
62428
60393
71382
71963
67639
63680
63947
62208
69718
74119
62840
68367
72892
65064
63036
65938
67071
66062
66773
70272
67964
63871
64498
64989
68967
66136
73541
64956
61166
70750
67513
64475
61672
67038
67885
72692
65198
59464
64639
65609
64497
65572
68312
62944
64804
65478
68895
61526
63427
67399
62409
67208
68202
68123
71903
64026
72141
69824
73124
65819
66032
66624
69140
69616
64048
67391
64515
68571
64948
61526
63669
66915
64703
66334
65510
66620
66078
64848
68961
69042
70425
71235
69783
65017
68598
63895
65422
72690
63457
62982
68962
64187
68468
65217
69959
71990
66814
65943
66865
69659
66873
64665
65683
64943
67807
61909
69630
63976
61879
63997
66206
67314
62308
70555
68876
66865
61716
64314
68869
66568
67612
67947
62478
70361
60656
62929
62146
67088
66031
70594
67301
63957
61547
69376
66755
66035
70452
63653
67997
66182
67051
68228
65559
66250
66777
68013
64505
60531
65080
62426
70431
65023
69340
70761
68051
61850
62564
64749
70975
66185
64562
64965
72191
68589
65746
63824
73619
66071
65070
62865
63341
63681
68266
72447
66849
62410
61267
63287
64158
64315
67410
65964
60488
68777
60639
66608
61462
70494
63670
68042
70526
64827
62387
68426
70845
65838
65823
63787
62565
65731
59972
64809
66691
71279
66408
66657
62533
64054
69642
64976
63407
60884
62751
63134
65339
64287
61682
70215
66701
68169
64316
61738
67552
74431
66915
62673
63820
64162
66466
70013
63889
68388
59083
63718
67495
67602
65841
66330
62069
64930
68024
59876
65374
63109
67591
64367
64532
72374
59536
61563
66863
69358
64416
65253
64390
64914
63918
61113
63725
69166
61355
60567
56613
69436
64749
73151
63772
67382
59786
68176
71581
67117
72718
63163
73082
65442
73133
66602
60559
64375
68493
65638
65477
64023
70343
63650
75783
67667
67176
63524
65461
70489
68930
64891
65796
67490
67150
63331
67277
65825
59121
70558
72223
63065
67837
66595
68199
66398
60685
63008
62827
70530
69538
76378
68300
62544
63884
66269
65609
67873
64871
63118
71296
64568
62616
66925
63317
57450
65879
64272
68047
64947
64061
64903
69056
64866
61071
64098
62528
66321
63167
64633
68807
64508
68955
67677
64921
64576
69679
62255
63713
67929
70993
66014
67030
65167
66747
72847
66833
66552
63523
67906
60461
72462
61503
66279
62835
65275
62003
66830
69345
61189
65909
64817
61725
69101
63641
67527
65971
65300
