223680
633480
389388
525045
173402
137660
513747
449493
446285
362174
369346
482146
176948
231190
571235
202417
358029
460481
655310
285272
280554
552198
527894
479117
303582
212296
398937
574241
579192
71105
280723
304560
640690
444332
266893
17077
370530
62964
546865
493170
301799
281287
588080
189044
163197
615512
530347
537805
127922
93910
17058
155347
507373
157311
477825
165090
259058
644325
160439
246658
197320
71843
321057
248178
455401
535818
356679
21100
405616
36300
403935
448941
129608
536966
597088
532864
199956
384462
599533
210150
537413
6209
2389
497884
499022
517064
609502
77271
152033
592265
116153
447105
347644
54521
186950
341031
558596
463692
407557
325080
195745
78148
268092
18689
138317
283432
274337
29029
386046
360241
51186
618111
65131
560224
202
578211
12923
496639
237037
483797
263287
46470
502993
46696
604320
33406
314130
473847
257718
142366
497477
513995
604697
246523
331777
237979
168481
492196
222594
280592
264551
467049
601486
436965
309056
510659
420066
39721
62694
24849
299379
541231
205182
251763
596034
548473
435845
174852
76704
10524
70130
191756
361621
41943
89278
118673
414175
403564
360949
164168
243217
63366
148413
588320
642050
424450
600849
421227
21755
653238
64849
447376
165698
256888
423319
286056
164197
219182
223836
628702
523379
300514
130954
531507
103011
137928
239870
576945
86367
80107
323731
181148
372721
295984
285054
73382
92438
538102
580572
153802
74357
35007
398653
468813
244324
445432
467244
612985
42515
126020
44909
568848
519429
376597
54829
179117
195113
367488
169111
47814
478912
196005
296467
83667
525958
370626
590863
324712
616972
584494
377788
612036
211739
239627
29804
386138
473120
506933
98183
291084
115909
433931
103511
592552
151148
190973
557649
300461
15725
324132
55406
645755
385424
168121
369438
50375
524216
606423
573075
223974
213495
22995
426901
350555
301037
594825
110021
6334
48048
146388
21814
329543
205842
118281
491575
133989
450628
228894
335431
612019
24478
327853
559954
385334
181449
260624
445818
583802
26913
46883
213025
152554
173625
145011
128335
85605
612076
94496
133958
161392
611460
495264
517537
68654
548084
267513
172243
377323
538825
510297
583268
608260
156055
277779
9586
576272
101300
564576
215867
241260
25645
214223
582198
16742
266290
20578
243088
113141
165293
575142
285769
179436
386228
93131
169994
357989
155663
445073
322103
505930
621441
75893
219326
209419
99079
531040
497994
317473
352433
39022
364057
518613
376063
173871
437484
236905
357088
319530
249806
471123
579257
3416
611854
335226
459231
560742
306121
547208
116404
104312
430880
570256
584860
421881
344384
217181
642253
209515
487709
348639
398794
257871
632306
374657
614588
4975
375305
470015
488295
593085
2884
216
309502
19197
638669
145532
309765
40067
342129
249008
29268
219627
256531
648754
136240
357026
647047
519057
651013
634584
320824
456376
72380
289111
530198
331176
460520
488735
166113
573898
301349
137746
567158
273821
491724
359158
250263
530760
383038
255958
71826
586839
23245
565698
235904
418997
604372
99422
371556
500978
496490
344478
409429
496452
551175
499261
232000
653214
284755
16033
237644
83743
79588
184506
34980
451223
48489
133227
60882
41397
175473
374799
632216
573804
574052
115387
173609
50065
510177
45754
364836
162447
159544
649281
495963
548496
374854
570827
423028
620084
184378
390148
452284
257515
576525
642123
323596
256010
309289
558849
423014
29342
355316
11337
510220
215162
309334
523421
30440
103901
260807
150683
221447
654163
540943
579273
614108
223435
194692
153395
544025
445351
154777
247066
332078
346121
582436
249407
595410
289254
489142
609651
594788
37324
134810
312544
282823
420014
619124
73665
296130
126098
585962
632147
313721
68164
514650
456878
232437
581571
639521
365595
370755
194978
383061
288124
198043
44030
165614
129666
355232
394310
398833
254398
276057
546726
312103
647347
288107
425709
33005
428172
557990
617649
653604
184928
377074
295382
369503
103188
561086
596095
294690
183782
92296
448112
204624
596075
439754
423156
366609
29999
610744
411525
651468
352161
465378
36837
414014
501120
510207
504700
148296
639237
652202
49542
613709
189693
451729
221584
634227
66521
326203
280525
213662
423057
85888
469671
642640
527275
563620
235691
212917
338852
29967
619549
94231
591798
54776
539115
99590
24989
471524
183674
468252
363780
71308
610880
296428
481327
328348
396074
198425
131308
355578
288501
255664
440773
452530
30094
221999
269854
63499
154599
33843
652897
482710
57311
13270
471392
287828
515635
605209
392757
122623
512618
626400
380260
446953
221167
250037
481463
608024
412213
517634
112482
138909
348674
115706
416150
191137
518738
529603
303947
118496
423870
650632
408021
23445
11333
209952
128308
532841
553651
169488
213414
154826
595317
329416
430005
272290
413541
252874
222611
415812
387358
192366
97877
241550
272103
412014
599345
23714
159685
126953
329183
281608
477782
158869
389610
579244
596821
628349
506764
593748
153702
129486
4252
463237
614378
122509
417427
489199
607921
423926
635891
225884
229329
355868
251331
934
479574
492645
489537
226112
342287
235912
10509
368606
81107
52455
495123
6229
628495
337677
644229
38009
382421
228934
552784
236730
170713
562006
245532
11031
255779
428947
166697
283107
37168
385412
495645
270868
275403
57856
132343
101368
315678
346852
621897
47993
393129
345046
338318
572233
134701
26721
440579
226202
11527
164740
202720
404251
113105
270699
316195
300965
638281
29821
623226
381378
521488
282062
297427
576275
587159
156427
130575
325212
590005
211258
427304
464094
510312
369573
263753
633743
400641
477472
226087
439057
168950
160626
468400
341701
447792
176579
392379
290936
391223
190630
468877
528173
170338
197014
433294
455858
461438
447413
257430
258771
166997
102782
453887
61072
614591
541777
561974
594194
267783
554893
103587
14183
514386
49018
647839
442234
493780
161090
441624
28324
549077
111164
457020
147115
44861
315551
110943
478048
155691
224442
371877
186756
247718
534525
117446
53871
215192
278119
355637
244071
517676
25768
282963
250515
424397
633258
334479
646759
198082
20229
108569
258949
207312
63605
283548
221587
80359
194063
580934
197950
467897
401111
279957
156647
241837
388043
229869
140834
76325
576564
288563
409736
321395
571845
358439
315084
605946
471655
73105
116460
515848
547783
357296
363367
414143
287778
445775
71094
629983
491621
413646
207304
105483
268267
433570
415308
250767
401923
533298
17225
295319
497126
357921
426951
338609
650034
35796
321811
59910
104717
251028
101934
631562
620488
220272
419265
349800
534503
411202
165
500153
489454
334051
591737
595359
343350
398451
653080
195834
212741
119782
587115
487907
69234
643411
479043
557398
31556
330931
457833
355825
436894
536001
245325
556183
106768
177527
28406
238830
248977
527742
428035
286210
427369
34592
118142
410876
420326
507336
264109
473533
448253
631369
140987
361548
394372
654473
131848
342896
226876
344649
152127
31203
375236
220105
119237
212294
32296
622881
380861
533966
277294
591996
316747
376140
322302
480561
371363
177995
95380
397229
320588
62898
259271
337363
541912
49873
228389
539135
424951
190027
553998
323284
326599
640016
620702
234967
92129
213428
19977
13610
259209
616706
571052
335179
370426
3888
141230
16235
494495
95450
569538
421609
150351
103363
411320
590372
470784
228423
384947
203660
654802
490759
402641
277387
405112
223881
18916
258925
609799
410452
55021
579989
176209
159756
194701
378275
356966
322052
470244
207446
512533
114898
512898
435034
447747
315590
437126
52295
558072
36403
97479
378004
484580
49972
603432
638063
397115
315387
485880
215192
323265
600408
626298
607564
171997
152350
195077
289217
205892
245244
406740
499728
482055
533740
21092
31282
517330
349358
378890
34463
167322
418351
563073
600954
327954
357482
545947
352337
338728
593155
517690
595769
143030
343654
552122
72841
520789
119913
529608
401080
126639
310217
446893
415401
280000
589408
340304
331525
40796
604320
116075
346255
526626
141199
345619
157735
497873
369846
560972
586257
425153
475392
359936
251939
424750
595256
273075
206051
254566
285342
48208
326658
323953
385642
237777
401806
575547
626177
382476
27912
635198
462593
220177
96441
93990
109932
29866
591235
354397
458725
542709
518744
578424
633900
287749
622811
474015
46313
446813
450046
593664
244404
383327
7987
217628
40792
342014
535722
135294
345663
133699
79094
334886
51870
384928
20537
69936
360446
387584
18996
375768
549521
473377
85973
388284
440567
24399
560560
593931
557352
540430
488220
415126
444745
528479
434175
214779
246389
587895
11221
457979
625723
462833
651370
450589
22520
541989
186535
292328
204532
175999
282726
248218
415064
532906
194700
140064
437056
439300
590565
10450
559048
341443
407176
59881
283518
148964
166608
330363
532451
487444
387317
353513
280039
637475
367127
166439
150792
400656
342640
5044
543991
461453
433736
45076
237276
613012
565306
187133
102930
294314
233197
447103
633362
237896
40779
588260
24870
624404
435538
617145
130848
26673
319953
295320
217246
627609
539088
433574
106730
481246
476454
278572
606067
109430
175202
41434
521306
407476
206399
107356
26311
109278
297064
161989
169726
573817
337600
477922
23403
239313
314028
122170
78768
570362
615665
51646
228732
628022
54500
421816
637155
641088
308820
106659
132437
583009
597480
398380
502121
484921
433731
542164
449188
349963
155291
487514
310272
193194
525563
456598
614294
108423
425452
160064
592172
65207
430022
518445
232598
625303
557534
193081
4942
194417
184359
583247
633812
46163
308867
359354
60890
247396
207803
351309
433318
461036
89623
532773
444689
582664
294476
585819
567393
287315
249786
611327
468690
608334
522305
399309
75925
191024
634940
209336
61115
463702
481037
187077
195082
307293
14279
517290
207807
559522
526011
433456
212910
338373
291523
222089
555834
316871
545733
68955
92422
640496
385199
334082
342855
141078
471009
55561
375733
374059
599122
344839
89825
375359
59852
133558
20387
336392
55399
307622
611414
471702
50732
146938
441491
586351
21573
532448
368190
357886
627712
489976
557133
231994
363308
403312
210753
373717
155094
93962
245085
484500
600432
299967
421280
67526
592749
372640
511402
520645
168087
346799
629460
58742
447643
630629
196986
564558
611881
489610
151603
218890
23467
544901
556801
414653
231032
50338
493523
476136
598083
478761
543093
488868
413327
279816
591211
426618
261066
54702
190516
356336
180640
144988
345632
111293
524556
317435
376086
96589
212714
268756
529670
504731
146130
403819
159551
647657
623983
369141
458032
525225
472513
458639
628197
390893
417007
556576
439019
480334
153464
243313
96535
331458
298665
653500
400561
515404
218899
544961
403102
456780
192958
359555
415522
386069
599781
588692
636344
437405
636953
545572
177492
280124
156232
2750
123239
2661
471753
278878
204848
499201
545578
639172
420750
302467
200058
145698
139543
268166
649977
559
129240
123465
469971
231004
299670
97402
265418
67633
349335
64184
518067
371328
474459
274278
250014
64362
343314
337184
306775
485306
545590
492037
94283
407672
52640
455227
250242
86834
564953
402396
232472
20137
352131
605045
390843
636780
89424
372444
523059
344418
59681
382000
400908
477566
498867
505133
434794
141434
264919
508644
624837
51738
350969
204814
147714
331488
397206
6404
511316
537317
632757
118386
389645
279593
219432
370693
512742
15107
635306
530764
492276
498327
254974
492582
253473
588976
116144
191592
361324
209198
278028
322714
561219
342879
237541
162356
267829
337992
488973
79330
145233
248810
236190
256736
520042
212437
328924
408883
152160
471004
358554
292802
530700
159577
578798
367688
399228
573478
535811
394239
493609
283980
358729
40678
58889
543572
39106
111017
521556
751
185076
382755
390234
509314
331563
333841
475339
326778
398780
588365
263094
252395
2325
402015
19511
330398
527062
360396
176708
515223
176761
480399
399938
111408
593188
131493
648535
4791
172676
130980
9170
479964
454443
519275
168229
291199
431956
288206
456999
415480
75135
511864
472302
429807
101642
175634
257672
183454
149297
527799
418271
370587
148080
601670
125293
520979
633518
476507
650679
426672
142514
133575
212706
4672
446757
176074
534238
235387
314544
632873
158709
472681
494874
144833
328333
229508
505876
407950
311940
510763
154111
493893
567131
575813
513588
267396
643437
248770
418529
105561
642547
461364
493733
43107
500313
507722
440252
191305
320923
72374
309059
159792
228784
106561
150768
50180
602866
347609
260008
350636
411758
604162
117108
193693
639493
243265
14786
96759
17261
648756
182760
605253
652664
393111
21755
53471
315614
266188
397264
287603
612156
350447
454640
587520
96253
150558
70332
91513
335927
210488
277330
643884
102697
354426
64796
208729
345719
620384
256395
42537
254385
95512
150726
405071
44186
304561
399416
276469
12534
645869
240592
510248
213415
311306
254583
224486
14320
235943
582936
452456
95304
387419
584732
458774
97441
568742
197619
297583
344812
557388
610538
609257
5212
604168
35643
174177
337502
314524
396302
314209
612352
157646
179584
603414
50292
399481
446782
331311
454971
113216
558781
91767
262676
49320
357309
438924
616839
484531
354617
611199
313548
367791
390659
268684
549508
121356
363621
473322
592429
579284
333408
421502
258367
306824
593930
609946
586818
90682
557111
621519
236748
339900
510587
368363
651089
298656
467889
519432
323813
561632
357927
269779
70663
257827
480992
603774
164940
232807
100899
452672
629269
420054
404407
362735
57970
478087
394559
433505
589044
513776
511780
607639
648763
380949
71356
300895
516162
18170
37281
44012
479091
328444
241760
69217
479880
210383
173882
427503
366353
237509
420405
177747
520899
150286
104095
512779
463924
119694
76182
549453
508951
214471
431356
81369
332298
12275
256640
49048
311392
276353
291232
29708
236988
495769
241771
468695
242141
277374
369552
623038
71342
21570
398430
622000
648624
317301
306761
422683
364140
415555
572784
489099
325633
302687
419169
298651
300010
10686
114074
320152
539134
182666
342519
226074
68684
628030
560119
51440
471719
227789
651984
198179
156459
372172
547308
126169
464914
40243
602233
53133
599150
321655
293661
637866
649058
426100
83308
331723
346792
337147
373222
12271
466109
466874
75674
373712
372481
447250
55966
410585
183993
332269
506805
462452
77924
387438
635120
102740
558961
460421
507250
184784
188670
593768
235819
41297
393607
81800
522057
420574
573260
514350
73474
249738
507615
273508
637249
482174
10158
576707
66063
92093
481356
566865
351502
189431
230238
224715
214091
159193
399027
590089
201249
122351
549570
486135
610033
108475
94536
354831
402675
314686
392538
118213
314319
431287
283578
445282
295692
218627
198970
269288
15132
438124
553848
232408
30168
646693
172817
82982
242321
484020
192621
376637
272341
77177
216456
475051
401082
78497
107034
419911
533079
229031
390142
111832
204063
13284
503497
262805
534856
464239
543125
187209
121312
636948
470107
546597
8607
232299
486812
51106
371811
281197
11545
154648
186641
73308
413884
158857
181940
588669
306133
256985
474396
596124
16407
293757
400281
208773
506205
636667
618284
174314
148333
627501
300566
136510
463337
186397
175142
576224
106482
42200
176414
397767
80666
309064
411131
556228
150647
535656
153948
443525
282246
75157
468099
142712
115751
234830
428140
153351
120364
6523
309096
280917
153267
35161
281317
516558
468767
564130
6280
633352
223747
649067
165556
309026
231950
233151
551998
489173
650216
402072
303599
59030
653106
361451
459064
266562
358950
617727
109064
191609
99653
519186
40661
53498
195621
336978
266256
29370
627501
624472
183078
479412
379175
155632
171816
321882
274751
190860
529210
315531
429161
124042
349639
208388
344990
511722
503914
232142
455001
616883
410038
97262
445453
68750
571546
338598
252405
37359
249550
591925
13751
311065
610243
258763
280609
379165
303390
110494
12160
399646
603459
69706
138249
242633
530017
176462
578063
36017
616665
367491
431736
240969
512487
109160
32054
259205
559478
494748
338923
374956
85126
550949
515741
430224
305522
632068
576082
422333
243663
405027
377120
258370
200981
266738
376118
280582
172736
498704
348302
44351
241379
579936
494951
211843
614847
50202
629954
161025
5959
284300
235254
353297
522173
552095
262950
281703
97109
31160
420226
42229
480922
353298
130143
353581
119929
287530
523999
302723
97451
474368
122400
484016
314148
297364
557996
464390
21568
194100
570766
12010
357337
476987
407539
498422
475589
453529
538404
423159
263729
309270
469712
574295
178401
224183
609969
379133
117284
434959
649305
539658
488728
136345
574187
344580
582805
216155
40665
311935
176840
468732
627249
452836
581261
296893
505702
552496
465879
332776
410167
459084
165861
530565
622804
304899
459451
483017
434010
358557
577796
294208
40044
553488
441700
556570
90798
20154
612351
96815
530613
539498
464457
86024
437386
582671
278876
271002
290231
53917
584597
569627
653989
383505
492300
132823
437471
425808
590616
544468
615033
569398
569307
41761
554409
398117
249328
37037
444120
215090
306561
446777
597540
540958
295303
254137
157142
244073
72775
636423
376122
83758
231214
358507
349231
23267
623143
180470
10606
50098
380236
90299
27344
248792
408132
73295
205342
273783
104503
331660
55845
30486
340679
162461
62504
277815
599746
474606
534522
571417
637421
500201
398726
239485
119041
450009
652050
306288
474270
324463
283071
268897
330710
240448
490716
572962
578607
149224
587143
223839
202707
476286
199685
34712
244854
472819
214275
412587
432615
480861
587943
283485
109072
209011
283225
467855
8599
206953
511077
439653
479553
532028
513301
447075
288136
644611
372947
132886
191897
454533
606037
117126
53966
577720
599836
181127
247257
432660
216222
574854
70502
24892
136633
187490
74007
43050
495195
107660
598948
241172
439488
147719
157497
376641
367422
503794
496640
439541
294342
583690
408013
648936
536982
29038
210104
374784
472822
360668
515198
185241
120528
35334
375726
451280
213745
402118
34181
65072
459902
241218
439965
545076
558774
112831
318692
480986
507235
514245
149531
126179
386670
485678
209151
68619
469726
196409
109027
96812
206379
388417
234882
13540
63509
190384
432343
64562
367432
78568
138684
112845
44058
439962
303696
544639
64809
94852
200840
501917
200382
267661
197658
52575
615667
359490
516314
431460
337021
58771
421221
101823
271570
412295
512641
448951
440096
97676
226838
28122
471516
624286
173087
57472
311669
561445
361741
30655
638499
543064
86241
604109
295363
243727
302155
546945
432196
38829
627575
96851
488615
416898
122898
111890
570377
275051
428983
330347
476678
314076
188337
238146
563005
306731
139886
612503
522060
36481
654667
455427
105032
155430
453801
511024
156654
168407
201274
391917
112601
68316
444900
510589
328289
238441
283143
254546
629135
503375
136372
251782
356523
401726
306829
530924
503058
331060
559958
492234
510251
626786
174631
175405
582583
506086
607220
41372
411406
94783
330234
102070
83937
7974
413033
235289
68936
211574
110719
617149
209718
218859
550409
424513
465418
416810
620099
135660
648176
544575
385989
434091
425214
38270
142879
630109
350201
247957
499409
343748
8626
482500
479866
108231
626956
146740
299990
75193
395367
246055
231455
541967
6266
522942
374504
646249
386297
36293
33190
578783
551298
226682
405033
320858
633840
622566
644768
567835
596083
142395
544608
464556
630971
374382
55815
391511
449957
144389
258286
392235
245173
245725
87219
616527
491844
814
501752
484832
6377
242223
397638
296714
509860
278828
100835
639903
158623
470346
93818
215621
289687
125981
294885
102998
366350
434971
40916
570905
121333
147693
433422
307200
327283
83987
528047
404392
88723
245104
531110
372477
71204
244303
159052
339126
552705
285912
283995
593330
377608
371059
171645
398277
377428
260080
649262
577956
491248
352154
302815
121174
200368
507222
297368
578204
96935
333150
423995
338721
582763
648520
75913
85167
85409
446416
244237
480585
265729
411308
504534
359278
353569
57825
269209
357680
302763
590336
594103
538651
245955
470089
259056
152432
224724
46507
217433
301952
626183
205396
591431
149984
125153
340128
440737
29053
144877
298636
216927
467023
334994
105092
586196
191958
479154
511125
631215
326701
403593
219464
444451
303683
286819
560639
32878
578002
558412
331852
321259
237114
651541
72855
386803
446746
612322
511314
421951
76554
244930
90991
577511
491271
496459
427462
332296
98285
216068
89729
475079
105007
460137
453676
301009
88623
206307
209776
459004
74542
543338
498733
122098
471311
438116
490288
123816
103278
154982
239777
520136
483605
606503
38423
7573
458187
183033
218941
358352
67117
421196
213088
414656
546574
112139
610057
347791
604849
136137
396206
264691
507394
397088
324085
598334
247147
144166
398525
408963
287765
318904
628852
480172
72483
139021
639353
476096
599684
199138
486189
467928
193128
360983
411182
315314
542099
545829
557449
526531
319870
249979
544850
321258
161461
332492
92962
453266
220149
170825
626857
509136
515813
408762
549960
497524
392412
629882
125563
618253
263086
346291
80438
353964
400560
653853
639102
633338
228319
649636
298502
558259
141767
331502
633085
620646
448092
522855
115623
472946
405045
59999
74159
71069
474714
92874
306533
233951
360778
462996
448739
337851
304306
260712
564861
216827
169977
487139
235774
555089
214885
460026
29562
252682
224939
535218
633769
302043
540564
458551
633986
531568
50776
467456
350945
10771
164700
604081
606903
523534
643419
528577
6687
188635
20069
61674
143419
330012
555438
564898
403834
608289
327720
582638
297576
181682
600580
254237
329910
215522
434397
652103
16720
589724
2572
238700
110498
496331
33168
362731
193282
87602
505818
142486
146587
180274
384543
432318
11535
158511
282441
217564
579450
516232
410183
221539
459192
552886
389828
514104
490933
374693
204592
488755
135526
510845
527267
538800
309930
126144
65354
487169
580820
426533
94476
612693
648217
284019
389824
509364
482600
634249
75289
380583
453464
583334
572856
640941
335595
544447
280023
276767
166034
536240
646063
167996
36786
534473
406473
628948
165307
46548
322726
56011
171566
82560
146887
69562
625151
182558
290912
588914
443889
405037
462397
543176
575189
421160
583275
350878
181725
576767
354859
593846
26324
260515
621153
163610
617045
625149
578120
369405
423978
569912
508491
412938
643733
449365
639291
37610
91069
295868
252234
512973
105260
639693
206481
281099
180056
379691
38422
98092
488765
122225
154346
519688
61145
286702
15114
227283
458084
59050
582179
596049
68806
649286
194988
55116
3320
267729
412752
217697
548351
469635
229481
481237
616358
61011
200608
303645
326362
355333
197018
437295
422762
378681
74554
312585
233456
321806
604154
314921
9162
287596
537820
511220
336455
163688
304800
369427
655275
422168
454993
322079
232318
532776
324358
651880
299578
44564
447334
30566
164168
231825
484627
323902
18773
404258
269638
604133
327393
464633
143437
498711
472485
592499
22165
293274
445091
62366
269093
617445
285694
645794
37250
470436
380774
328033
636254
84967
587201
453011
169735
590917
281342
533612
254827
557666
417221
92436
425763
125399
269957
111604
14428
138861
351516
315595
328661
162324
449027
461546
234597
577483
422067
467297
181757
400
567132
538984
80735
245173
433415
427367
563839
91926
281765
63716
255325
9900
588692
345403
556926
39259
149066
169987
253422
526166
253334
134121
42592
52095
498104
291506
475910
447143
88711
93643
495020
472690
247746
50739
7928
188846
6043
150780
274924
79571
68339
587489
383693
612404
226640
443773
134146
405235
84925
1363
610488
363655
607479
218779
214817
262573
462711
370808
606440
16672
464123
216483
118117
334492
330998
89791
132314
267494
267918
208114
97350
2866
635853
618331
316965
652117
441486
45126
77147
600382
412911
552588
588690
293563
31801
123391
43628
123692
269046
77461
109270
292173
222934
306484
281262
422365
614196
70689
65051
558895
331872
502271
141178
543203
605452
416470
69388
586740
519364
492095
24070
523608
90407
145743
378231
173657
433421
398505
70876
429925
605523
105584
391290
224044
301211
188088
232083
18947
643269
409468
328142
251471
353484
249106
235869
304052
180868
117997
364777
552314
100157
21452
161750
642069
543134
390506
608992
291818
644402
194184
157486
418151
247826
410494
199881
404958
180713
33405
597777
578817
636222
469583
447428
366348
82537
124017
189706
583372
113357
604814
342612
468955
72249
176313
628174
174424
194328
129497
84589
152867
420955
298429
362909
80193
525675
513864
14149
251340
45069
519114
483177
591126
154929
299038
120905
243292
342257
34950
468497
356052
543266
178114
592000
654504
602471
509799
532394
376009
124619
443705
467109
645782
354747
177844
448051
641843
116138
213646
355127
111551
14562
220845
567129
28487
281102
499515
624677
645841
276541
622843
23212
488844
421230
163526
332476
84904
571209
234552
410284
104055
135112
650088
493542
630437
193889
107847
329690
324185
114652
480522
237094
122136
217568
369399
476100
315812
344453
91059
599451
608648
447890
11554
351976
412364
651856
652782
562044
41832
624739
401513
524869
266857
209498
303591
96255
234006
562048
24871
98879
81996
264159
653385
113611
95343
599690
578060
21129
492638
429566
503146
324077
649710
28735
153597
259880
294766
603827
367004
29563
267297
272951
632744
392689
416580
467437
504652
416187
155447
572814
479802
486192
653103
525943
543392
623513
99047
326190
380480
215794
550111
499659
472437
653491
169988
481989
361368
205120
105242
587126
390237
540628
357397
144164
221215
250045
637622
3691
645966
642555
652837
312336
631641
259259
17232
147028
619509
9020
357822
49546
187692
57732
563300
387364
591204
451119
636373
334153
418585
377689
317364
554407
422396
525148
515351
125203
426091
130841
382284
443963
653548
20015
59796
50480
261070
538436
553160
482986
587778
211589
57773
38111
558453
478698
457844
222610
248974
627909
41815
507072
202921
25594
486650
216866
473266
463768
350477
509459
380789
187850
481109
386098
8340
590901
357593
569263
578510
291613
332700
272468
294542
586643
516518
82919
399971
652677
390300
515028
504012
229584
243695
474530
327669
373929
467209
509591
177941
96202
191230
332620
224225
372482
35039
334070
241162
350399
276911
186270
592516
121087
446539
605975
353022
574363
81822
323609
299516
5320
290493
241847
438959
614943
56224
214614
291022
298310
507779
290583
17800
465373
579882
336792
380835
106782
144602
154121
282291
608269
341956
125893
174383
251668
408459
288380
257192
370100
158488
51710
16000
164665
60025
220424
506549
469430
400377
558694
184855
580028
261645
262729
265651
64287
639297
90771
223402
209256
48941
99785
29398
191630
567972
222456
81062
423161
653132
152255
183219
636909
117162
335029
157058
611026
643249
533920
206296
264429
158797
583767
599364
274511
430265
108496
285039
413859
252577
234356
654
527101
582836
635347
471381
359656
176478
654900
386500
446401
447221
553944
6338
144341
436164
586642
449143
270985
236949
483621
485777
397841
191015
606309
361680
518057
140449
225470
573164
32838
335750
315690
492326
184741
143567
606950
374675
68609
126508
654590
128194
400081
275335
580386
494907
391218
7037
576582
291417
610518
324756
454966
45411
488342
221509
230266
77762
96244
121739
215093
584561
241343
474718
54229
387382
315812
640914
554570
298077
507997
126509
368532
48902
228123
148021
471144
321185
492221
337704
56678
481930
546065
592138
374860
493869
492859
102072
107623
46455
209658
310318
653982
282455
475950
454424
134009
38343
357831
458952
654214
235019
587441
250303
451812
392071
34720
51372
13607
243029
488768
113216
397051
189286
522317
523236
508175
343954
186493
530477
121962
189896
120551
441850
449731
427628
272368
65648
597144
332746
266713
385892
126347
86867
265765
148911
160098
584916
347838
316846
451857
623606
73530
546265
382742
95790
194739
316120
452969
158994
350538
448706
294086
565592
569808
308472
637616
49535
2203
249474
393934
412352
312243
81843
111737
558463
568794
441646
435301
391696
132989
280658
456061
352093
12176
624923
553658
170750
404002
605054
62921
329665
299003
268831
547611
249460
41722
43147
28013
268137
470814
133511
423669
450290
167249
393581
