81092
61719
67355
68271
66868
67032
63589
71078
69268
64430
63556
63499
68220
68906
67239
64759
61004
73010
66267
70214
71437
62513
63798
64095
62650
67146
66985
59079
66354
63212
65515
72209
72998
67489
62248
63050
62671
68938
60636
68858
64845
65569
66110
61424
67930
70278
65470
66872
56067
63391
66905
69189
72336
69076
65161
61170
62055
64793
66612
64666
67280
60350
66161
65820
73701
66182
62905
69232
68091
63037
70760
62243
67327
66834
69437
64320
58358
63071
68496
62014
66590
61321
62995
76844
69000
62580
65042
69071
67680
72440
65826
59013
63000
59066
62766
62333
59648
64322
66155
62318
61094
67147
67988
65084
62920
63021
70560
59818
67706
66416
68633
57745
64752
68448
62822
63109
66156
62892
68356
67192
72859
70181
60103
60565
65321
60505
66064
66343
65351
65947
66248
61991
65047
63281
62322
64288
68877
70290
65052
66102
65250
65588
58038
70205
72777
64464
66793
64516
63677
61582
70877
67412
64160
63104
59058
62547
65722
68589
67438
67537
63457
64704
70180
66996
62781
64403
63724
64304
60607
64771
66825
68680
64728
74645
66145
66217
70334
68725
62986
64788
65204
64547
65233
61701
65134
70690
60596
64344
67525
69917
64263
65922
60754
66689
68399
62726
62638
64987
63392
65659
64778
61928
63549
66095
61385
74324
59437
71647
67657
65670
66019
62396
69195
64692
67487
64582
65748
65232
67388
67251
64607
62582
67556
68512
63585
65642
62923
68644
71936
67330
68147
65795
67691
63194
66494
65046
65023
64903
65615
63904
68251
61250
66320
70135
64925
68449
63426
59015
68218
64464
71841
64081
68572
67649
69354
63221
62393
65459
68496
60710
68090
73479
64067
69367
62449
66809
63615
61244
69752
67444
65784
60857
67766
67543
64005
67483
65039
71047
59003
70271
66607
65642
59815
70185
59622
63145
64197
68929
63716
67995
61632
68880
65908
67407
68939
63193
63827
61800
71938
62225
58240
67050
59863
66409
70364
66553
62272
68402
67564
63647
65525
63674
64765
64001
66983
64785
68722
61569
67682
62034
66310
64880
67199
69043
71799
69186
66614
64848
62384
67029
68559
70631
63999
61296
61633
63289
63508
60408
64465
63485
66604
70325
67856
65566
65337
59778
65270
61888
66993
66573
70200
68062
63853
65511
62585
64947
66711
59179
65845
61934
66877
63290
62629
64859
74280
65476
61737
63851
64106
71711
67985
64215
64218
61783
66014
64232
65482
68937
73867
64153
64970
67626
71309
63535
66419
63760
59948
73394
67911
66229
61092
71375
59752
65093
65852
66191
66997
62272
69234
64423
66819
68132
58032
64191
63586
62008
70549
60256
74936
68155
67075
63683
64827
66087
65575
68905
70839
63238
63339
60725
68231
63341
66479
61854
62350
64851
66667
62531
63482
67858
70196
66495
60920
61982
69395
69599
61609
69481
63908
67618
60633
68161
61992
64935
64719
72697
73648
66266
64736
69442
69308
63746
63742
65990
63075
69623
66723
60547
65312
65124
58761
70466
63026
60502
66618
62835
68920
67866
64298
63019
62057
60766
65757
61845
66677
62707
64863
64107
64177
71253
69438
65201
71574
62920
62799
64481
69427
61305
59477
65057
63904
64881
63842
65930
65649
62696
58656
70469
65877
69646
60703
67520
70632
63509
60278
63431
64871
64222
61206
68531
65904
67053
69600
66629
62096
63730
63490
65059
63864
68268
66566
64912
64639
64503
65992
66796
56599
62693
64209
66309
67048
65967
64590
72337
71116
67691
64864
66329
61025
70782
68094
60906
65109
62759
59439
67891
65863
66441
72634
66569
62770
63811
63568
66790
67758
61625
67207
64586
65005
61072
62500
70074
69673
63692
65747
67062
62368
64927
65364
63076
66788
60770
68224
63451
61151
70382
66680
61995
61951
66102
68035
62546
61874
69588
69733
64806
63536
66530
63383
67948
73284
66955
65329
66452
69565
72079
67265
62720
61662
61862
68323
69547
63948
63518
64250
72874
68505
65633
63977
63114
65066
64469
65259
63363
64526
65321
66427
65270
63985
64671
64311
61412
64678
67733
62763
70340
69282
64453
63886
69886
66814
67584
67170
62583
63299
65598
67375
70278
61190
63651
67936
63259
65766
66490
64140
68059
66682
65140
67214
63414
59934
68104
71487
72824
66032
67783
64861
65104
71247
72076
64580
65095
66961
71456
64026
61617
64637
68435
65390
70340
62243
65268
71891
66536
64052
66645
66452
69809
63730
67732
73456
66775
62471
66828
60296
64159
64444
65959
65760
66410
66541
63841
68753
69261
69435
59454
63843
64553
69194
63555
65920
64841
68900
65015
66954
68144
63215
70994
63736
63367
68551
68339
66275
64624
66040
64145
60227
67243
71683
62936
60448
64273
69305
65944
69418
63495
70284
66534
69001
65123
66758
64961
65462
68936
63544
65696
68943
58932
64011
66042
61205
60009
66015
64417
68941
66021
66194
64935
64463
63751
64766
69759
68762
67376
66474
62264
69581
66728
62555
66533
64061
65996
64705
66293
63420
71022
66748
64578
63832
60983
66842
61021
67769
61453
62962
68672
64545
65704
63548
66275
66558
61337
65861
62935
66282
60494
67836
67612
60894
67027
60678
62738
66046
72070
65599
65204
61922
60713
67860
63011
63120
62197
63941
72585
66049
69555
66206
62474
64551
61978
64434
70085
74987
65051
66244
68901
71626
68035
66179
63424
64923
60658
69114
62770
65381
63336
66998
62202
64582
67840
65575
66330
63971
69644
65632
64265
65427
61400
63094
65560
64833
64581
64240
72119
66539
70790
61598
65736
66175
62723
64180
69455
65769
66652
71798
67878
66143
65914
70781
61967
65872
65413
64248
68224
64073
66761
68611
63709
60987
63243
62645
67287
71225
60991
59430
60842
66655
69551
69224
71560
65889
60665
66003
64560
61318
66887
59482
59599
65968
67484
63328
66694
69558
61590
61778
65030
69953
69828
65186
67215
66673
62350
63218
61311
68951
66680
63139
64099
60872
64186
59992
63812
62231
66613
65489
62681
60645
63230
65809
61313
73602
70553
63376
65489
63610
65325
63717
68317
63718
62431
61766
59541
64745
64650
70938
67324
66174
62266
67601
63026
65541
66121
64730
66843
66972
71642
66358
67147
67271
64197
63446
64783
62428
63702
66517
67088
64526
63708
61254
61852
67359
65871
63408
62213
62597
65745
69920
68981
64654
64433
69345
65390
63530
69538
62104
66796
61658
67331
69082
67072
65849
66834
66251
64459
66101
65753
71660
64277
65829
60652
68766
72050
63571
64419
69015
70963
60857
61208
74844
67072
60501
67134
67184
66475
69427
71642
62259
72187
64735
62754
70663
68711
61788
63835
67623
61819
61807
64666
68624
66919
64610
66159
62597
70963
70827
64948
67187
67657
71891
65472
65709
63462
65310
65973
61893
70138
63824
71511
68403
69766
63070
65751
65580
69374
66532
68137
64303
68952
61450
71528
68289
60465
66993
70147
64825
67131
68394
69335
57567
66370
72517
60981
63593
68147
68743
63401
66355
72519
60159
66989
60976
61598
68988
62316
67742
72282
66957
64258
67088
66557
61991
65188
68420
63313
64894
74990
64161
64276
65470
62738
67815
64451
71107
64228
59705
68966
68124
67948
65112
69214
64184
62873
63830
71892
62429
62601
62924
64336
64822
62319
59786
68815
62183
65819
65963
70989
66482
68975
67092
69343
67040
66894
65220
71291
70641
64371
68257
62194
64806
63606
61218
66566
67474
62798
63907
66155
61273
66238
65428
65466
68748
65282
61257
64109
65434
66070
64469
63167
63598
66641
64488
64000
69011
64989
73476
63992
63441
63174
66856
64538
61180
61209
65631
65082
62087
70852
66612
61433
62489
64347
70872
65699
67527
64468
68299
69078
73081
61762
66872
65025
65543
69230
69938
69004
67994
64356
68251
60272
62334
62990
65930
60923
66258
65638
64983
63314
63513
67130
67330
63504
63273
66850
71185
66222
63554
60109
69711
66964
66837
61375
65650
68650
63755
66889
69809
68598
60307
64300
65184
66365
64592
64630
64592
65161
62807
65460
68905
67606
72733
59505
62825
68373
66472
67691
60843
70544
65163
65893
62934
65878
71852
66369
68884
65276
61150
71778
68267
67398
66810
63197
66109
64201
67652
64791
63082
68026
63071
65364
62280
66202
64310
65669
65852
64698
63822
69903
61152
72254
67859
65846
64212
60748
72248
67242
73334
65432
64657
60707
65143
62284
63677
66993
70502
64647
70819
61550
66071
61840
67148
64666
64857
65683
66985
64274
68718
69754
61701
63236
65320
60499
66425
61470
64965
69075
59992
62442
65934
63236
66886
62927
74434
69057
62476
66364
64862
70267
59993
61854
66200
66889
62327
59625
62552
59116
68704
68335
69678
64119
64965
66037
62987
61732
70948
67552
62954
67105
68260
62360
70052
66539
64476
67471
63066
67454
61223
65950
63407
63179
67658
73034
64374
65299
63763
66286
66977
59555
70744
63216
67474
66655
66591
68278
63716
61275
64031
65198
68936
63885
59157
66807
66791
67427
67179
75963
64235
68429
71274
63157
69284
66664
61059
70503
70974
64665
61974
71135
64226
63685
73057
63019
62784
66573
61674
62012
65199
67049
68886
65659
63720
66615
73625
61626
64918
66804
62842
60893
76213
64143
70569
63940
65119
63517
67213
72308
67045
64229
62369
69614
62334
67730
64369
67250
64944
62738
69819
67842
64935
58510
68492
59469
59566
65856
66527
67885
65760
70494
65786
60972
67601
66334
71628
64332
64680
65327
66254
66509
63931
65630
64519
64839
62050
63390
64910
60911
64187
61521
63605
72183
61522
65096
65706
64626
66686
64800
67534
61610
65910
66814
68713
64666
64928
64287
69084
71239
63548
61007
69081
60711
64618
65559
66865
70410
62451
68180
68194
62439
72347
70940
65595
64588
63985
66540
58175
66291
66301
68255
65132
63581
61815
70808
66352
64104
63667
65514
63805
68298
60799
62437
70260
69259
69156
63387
70034
66638
64079
65753
64698
69225
63643
67608
66617
64766
65199
65457
68091
66532
65528
70374
67087
64289
70007
61953
61624
69886
61370
66009
64192
67204
62644
64231
68317
69590
70698
64925
63712
63470
65924
69560
67849
61965
67163
65069
69261
64451
67070
62276
63095
67201
65953
67393
70542
68471
64892
64487
65052
66539
62614
65328
63309
71913
81524
64619
70562
66239
66541
60716
64250
64996
62903
64350
67070
62203
69386
64493
71032
64874
64909
60467
71099
67565
62946
64455
64950
68826
67530
61695
65705
64328
65915
69656
62612
63927
58761
69041
62947
70135
65024
62485
73110
66214
67435
67919
64297
62058
65975
64869
65163
65530
69311
62094
64582
64267
68289
67076
66118
70980
71577
67565
63867
67748
69053
68318
67062
66716
59133
62253
62341
61918
68980
69802
69375
61436
67379
69910
66979
66327
64668
64723
68367
63363
67699
66052
63360
67708
67456
63652
68472
66821
63764
59432
63610
64023
63841
69252
65159
65633
64498
65156
64314
66572
65344
69822
66601
61274
64507
65604
59860
70320
69384
60366
65385
66340
69716
64101
63799
69330
65998
66654
64707
69420
61675
62666
66748
66252
65986
68189
67021
66433
60645
62574
62610
64345
69413
65672
62503
69935
63514
58717
62232
61208
64828
62510
67975
63027
63459
64599
61489
67350
66154
65224
69092
64800
71698
62275
65383
67288
68389
66313
63355
63789
67932
68430
63451
67991
65340
65132
64529
62839
69953
72460
67449
60120
59518
60038
66174
71946
74232
67611
66191
61534
62810
64799
68587
68843
64713
63328
64276
69111
63471
64169
69242
68210
63355
66313
60711
63934
67170
65569
65328
68013
68669
63315
62878
63615
60920
67360
60473
68627
69031
71859
67030
67229
63856
64746
69693
66848
66776
71922
68916
68163
61152
64914
63435
70844
61843
61532
72811
67931
63950
63490
67837
66552
67553
65176
61834
68163
62412
68201
68436
62959
62648
62860
70151
67099
62945
65400
69253
64067
67965
60139
60836
63614
61360
65324
63120
61026
64741
66383
71642
65809
62944
62577
63923
67359
72724
67199
66548
66577
63569
59616
65133
66253
66396
65130
68367
65144
64091
64856
64070
64144
71906
63513
67811
69335
69366
64145
66273
71553
64006
70619
65081
64763
62757
60175
70335
65708
66454
64144
64836
66711
67013
69410
62451
64065
62660
66569
67761
69270
64380
69130
59990
70120
64651
60774
63630
64965
68871
70399
63106
60946
67006
69493
74719
68915
65910
60683
63402
64551
66873
67504
61232
64884
73235
67819
68474
67376
63741
65889
65788
61497
67900
59948
67812
65245
66470
65134
64110
64144
68100
69434
58246
67161
63322
71264
66465
65955
64022
75862
64996
69533
64490
69117
68464
66445
69175
67132
69694
72149
62361
70077
66126
63158
67614
68356
64802
62066
69605
66031
71751
66850
65424
68461
67068
70500
65284
62250
69339
67641
63929
61791
70823
66093
64621
65872
74799
63934
60908
65155
69098
67261
60207
62683
63503
64388
67776
66199
65792
63783
60938
62065
70542
64810
63207
63568
67664
57201
70006
69288
64779
59263
68395
66418
62186
65594
66651
63733
64655
62324
61560
64545
64593
64841
63971
65355
65537
61836
60918
70878
65503
67873
66571
64243
63413
65905
72468
68858
62724
75941
61863
63871
61489
66193
73067
64155
61609
62639
67781
65252
67329
68335
62548
69710
68601
69365
70812
65059
61938
66147
70871
62894
60441
67724
67142
63888
60620
67284
70213
63530
63018
65515
67417
62431
63850
68154
65375
70286
63363
66406
66995
65643
65404
62729
63654
66052
63125
64248
66964
65947
66025
63921
66761
66840
59662
62594
68126
63717
65150
64277
65089
61856
64422
65740
62290
64780
65140
64522
65844
65505
67516
68093
68980
70438
68551
66112
65199
66437
74285
60752
62159
64107
59829
68903
59884
68859
64762
69994
65487
64294
66046
63277
65213
67293
67447
62982
67750
62667
61760
71501
62022
59415
64720
63630
62305
66451
64944
70145
65084
63943
63887
62221
68177
67328
59862
66032
64887
65756
68343
60615
67312
69450
67047
72824
67741
68869
63573
67819
62750
61252
63072
66249
65076
70945
65977
68482
63337
58066
63938
72781
66741
65137
65250
68021
64741
69877
68785
63486
69042
63818
70353
60221
68175
66277
64470
67442
65069
63703
62532
63041
66103
66020
58647
62564
68702
65209
66652
65982
69828
66914
60092
63691
74860
61777
62149
66734
63267
68478
67114
60967
66438
72294
65744
65794
61831
65489
66947
62281
65142
68089
61957
64907
65526
64958
69242
67311
65524
66180
61615
64831
62849
65505
62248
64258
65492
65579
68820
63915
65668
67223
62100
69905
66950
62332
64518
65693
64723
64953
70913
66700
60635
67770
66595
67360
65822
67504
63978
64895
63095
69170
66670
66284
64076
68242
62666
61866
68944
67184
67326
57913
66975
60464
69967
68947
67865
68429
66425
67943
68335
61947
61757
62566
63862
65233
67206
68815
64367
69621
68963
61964
59848
64272
62100
66351
70233
63589
63722
65301
66339
62527
68933
68173
69014
65258
69305
67857
67933
66401
70801
65251
61688
65095
60846
61438
63082
65292
65462
63125
66845
72345
63962
69464
68848
65535
65849
70514
64998
62516
69454
61615
71080
59262
66911
65062
72383
65740
64795
65819
67434
68791
62029
65435
60848
67307
66992
62968
71323
69769
62126
69615
72093
59936
70445
64938
65310
76251
66423
64098
64395
62703
66830
63281
67875
70508
70083
70704
62386
70905
64650
66419
65874
61352
67004
63591
65413
66037
58776
70625
61567
63453
67145
60599
72208
67291
69750
64212
69398
64147
66152
67145
64286
66428
69308
57484
67172
73708
68416
69969
62936
64498
64255
66771
66464
66774
65803
62908
64452
63937
63938
62760
64605
64380
61859
67790
68465
69666
64942
72230
64055
65895
62017
67814
66209
62054
61296
67843
64945
64585
64334
66407
61589
72374
66945
64100
64071
61384
61831
66485
61536
67962
62621
60095
61782
65191
66641
70959
64533
69406
68242
69684
67080
65627
64651
67564
62209
66225
68223
64802
59677
64455
66746
70955
66262
64775
66831
71488
68446
61092
61151
68576
63403
69639
61236
64742
62565
71683
63388
65561
62858
62669
65321
67565
63076
65733
68526
68696
70762
67251
62111
64958
67319
63000
68382
65225
66129
63078
71146
68445
71383
66397
61793
67235
67253
62798
62212
65827
63366
69265
61311
59178
63871
73160
67417
63587
66946
61616
63663
67935
65430
68601
66139
67405
61900
59265
70587
72508
66349
70920
65384
63170
60980
64882
66175
72730
65450
65303
63507
67942
66993
70765
74015
69381
71120
64450
67278
67348
68928
78170
60940
68986
66915
70677
62498
65069
68360
66846
60462
65775
66136
68773
72393
66064
64486
62120
73837
69442
67495
65547
66014
65937
64225
68635
62611
64145
66601
60678
60804
62615
77185
60740
63031
59560
61717
60742
62777
61395
59594
64833
71127
66559
64282
65291
69892
71355
68058
62991
60736
62664
62245
65801
71789
67062
66395
67206
65357
64120
62855
66460
72430
67157
65393
61759
67450
63898
64599
65392
62622
67775
67476
65575
67702
63912
67959
64802
65865
64839
67077
66666
65222
64880
65549
60386
68951
65747
71132
64339
69406
66460
66778
64628
67398
67546
61146
64616
67427
66368
60554
66315
67875
67860
67386
67543
70015
69439
68371
63653
66809
66221
61622
61550
66473
67670
68496
63341
66213
66827
68315
68158
64503
70149
62430
67333
66030
70230
65576
66629
65700
61044
64958
68247
67952
63642
61539
64625
63354
63597
61194
72614
63420
62463
70237
68572
68447
68014
67153
64750
62817
62174
68401
68425
61490
63483
65265
64020
65633
63860
66656
64666
70890
67869
67832
66786
68719
67332
70904
63786
65807
71644
68390
64451
67365
67902
65781
64429
70606
63781
68267
65594
65652
67309
69071
66485
60610
70323
60423
66398
65420
69301
68164
67226
69151
66227
66897
59985
69593
65201
64733
69241
63360
66867
74865
63442
69412
69159
63356
66693
62660
61796
67719
63035
68108
58953
67888
62337
62883
64516
67809
66035
73444
64808
64410
65101
76980
69963
68082
64594
64601
66098
63518
69080
63595
64016
64321
66137
60040
63958
68870
64732
63159
67521
62151
64307
74230
64568
66894
63821
62581
64902
60498
66126
63550
63000
65856
63079
67544
66950
70138
64754
64487
61886
63042
66482
69638
64147
62087
63151
62165
66237
67101
68043
65719
65794
64865
65962
65976
68183
62589
65286
66112
68080
70211
61513
63767
71327
63127
62646
65130
60686
64833
70532
64360
64743
67574
63708
71497
62443
68545
68930
65911
64147
65003
68063
67237
69471
66280
62193
65549
62835
61090
67521
66153
59118
61121
71516
64291
65534
62935
68071
68407
67828
67465
62968
69649
67641
71974
62394
61619
66625
66527
64083
61036
64223
67904
71307
69405
65296
67756
64903
67399
69197
69634
60787
62746
60317
63813
66975
61468
65644
64820
65676
76861
60668
63965
64472
65739
65004
67553
63576
70118
64931
63746
66193
64342
68953
68861
64769
63385
72315
63868
67365
66173
70240
68450
62516
65428
66814
65919
63971
64123
65782
62140
62503
64208
65357
63450
64522
62235
62715
69051
69298
67917
62486
71143
64267
64369
61935
64950
70254
68838
69652
67347
66140
69591
61047
70186
61403
61869
62718
67891
64432
70007
62681
65779
66905
69807
74802
69125
62081
66883
66095
63456
60109
61463
68884
72586
58619
58858
64924
69981
62524
65891
65908
62730
64458
69666
66617
63438
63905
64688
62613
66743
64955
78843
67043
63124
66840
67100
69136
62405
63786
62938
71726
66066
66466
66468
67618
66690
62865
72466
60187
63987
65675
62693
70665
67788
65935
61347
65688
64093
67526
63978
60465
62428
65804
63394
63696
63917
62084
62106
65955
63498
66815
68707
66431
65786
71473
62833
76060
57703
60958
66402
65505
64558
67525
64910
66011
65846
64946
70142
65406
65004
65116
66250
62008
66715
64799
61543
65797
64840
65853
61717
66391
61584
65877
68478
63382
66549
63563
75893
65518
67077
69215
67400
67471
65693
70345
64515
61345
64628
62988
62135
61720
59931
67213
67978
63065
63294
63089
59879
65498
64168
68914
59213
66657
66561
66692
67719
68016
67298
70339
68214
59716
63210
62636
61892
60030
71904
69830
68279
67112
66535
67034
64825
65420
67993
73534
68959
67386
66355
69459
67184
69464
65950
69251
68440
70124
66042
68503
62693
64232
65765
68257
64312
63348
65071
60671
64063
62673
65101
63394
68255
67073
64410
64433
63913
62118
70563
68892
64792
67998
56066
63888
65793
67269
67148
65437
65171
67067
66443
61408
61292
64720
70246
63817
60810
61335
63214
61184
65361
63540
67845
64592
61450
67526
68485
65218
66287
63475
67055
60350
70053
61670
68141
72001
64765
66381
69385
71551
65563
62487
63673
65350
64003
65625
70581
70548
66208
66066
62861
63145
63611
66467
70395
64212
63859
74424
68388
67881
65150
68278
65661
66233
66061
67970
67698
69277
64313
63716
68162
60905
66583
60878
67709
72925
64244
64731
65423
67710
65649
67255
66541
62889
64937
63596
66304
66676
69547
66771
78585
67528
65805
63739
66428
64416
73552
65722
71543
69749
66155
61604
64341
65476
65600
67960
67368
64164
70413
63648
66834
62938
62531
71518
67498
68464
72067
69103
58406
63597
59803
62927
68060
66811
63662
64133
67484
70888
56283
66001
66621
65166
66341
65136
61573
65946
69581
66069
67093
61180
61910
65185
70012
69815
65486
64452
66786
67148
67537
65612
74399
69355
67657
61804
68315
64949
64801
61542
61644
65724
67132
67785
66335
66989
63770
64187
63652
61654
59951
65130
62121
66708
61870
62232
62390
65229
67801
70448
65667
60870
66567
63060
62882
66478
61488
76689
69803
68680
68336
64452
64599
64269
63639
68804
69786
64262
67668
71120
62500
61262
60802
64928
63547
61334
67707
62088
64645
62672
64931
61546
64811
70788
61100
68795
61672
65833
61896
62017
64156
63910
64179
72873
65150
69409
64979
69508
69663
60667
62209
65549
64936
66358
63720
67828
62433
66375
66941
65464
67532
64476
67345
64035
61779
67981
65966
64058
66996
64049
63765
62168
67583
68778
66559
68868
63737
69577
58689
61547
65494
62811
71377
58193
67528
65933
72239
63980
69373
65204
67369
69268
68282
64804
70022
68085
63432
57990
64007
68686
66761
65432
66701
62704
64831
62690
66582
61462
66086
68880
59101
72116
68049
67657
58232
60105
60980
66637
58445
64350
62482
64952
65698
66371
66230
63600
64354
65639
60936
76950
63906
63265
61981
65749
64861
62457
60988
66535
64672
60461
73323
67877
61060
62141
63867
67039
68558
67532
60827
67662
65205
68102
62886
67350
65857
71559
71286
65510
70186
59294
73067
68267
65481
66754
69365
68832
68951
66489
59708
65281
61876
63915
62078
76204
66549
61515
67464
60228
61009
67110
67227
69034
67666
69840
64160
70681
63615
63540
71472
60822
63895
63168
68120
63558
62041
65860
59572
65391
61999
64589
63671
71512
64342
68036
68432
60279
66244
68997
66734
70093
61151
67897
63846
61374
67216
63837
69094
58394
62604
66173
68170
65911
66669
59705
69813
65097
65596
65923
65893
65918
62794
63599
64191
77255
64568
71450
63484
61036
68718
66405
67560
61723
65226
60323
64207
64751
65313
62960
71771
65257
65766
63242
66156
69126
65511
69287
72516
63236
63691
64040
61527
67790
70586
65766
66694
68417
65798
67603
72160
67014
69484
64785
67758
62085
60670
63382
71045
60948
60749
65474
61469
67395
72280
68125
60320
70815
65537
65424
67261
67022
65300
67431
70552
64838
62197
62805
68301
69909
66480
60772
63486
63307
62744
64185
65143
63435
67375
70523
63249
61716
69417
62949
60455
65543
68330
65135
67391
67621
64146
71249
70635
65472
65609
64429
59918
65195
63632
68896
63112
67307
65302
65894
62317
70129
73981
66242
64035
65040
61732
64133
67437
74158
66322
62332
66846
65443
64183
69040
63555
60577
66107
69457
65754
73736
64450
64086
60469
66177
64224
68485
66725
70946
66180
66551
64570
67645
65264
66646
66640
65273
65403
63133
65933
66702
66133
67964
66736
59493
68669
66462
66830
66356
66639
64633
71663
62304
63526
69878
73922
68902
66340
58047
63802
72047
67876
65710
64715
70147
65981
67975
69364
64696
63094
62891
63706
67207
63275
64538
65100
67603
67205
65294
58410
64563
67601
68382
67188
59101
66870
62693
66791
64691
63040
67465
67706
60516
62461
63043
63053
64063
59530
65392
63697
70662
68355
69722
61611
75123
66881
77072
68378
67185
61291
64261
68384
62219
65477
65413
69729
68949
68356
65384
65281
60838
64298
75797
64686
70658
68861
68309
67784
70374
64875
70509
64387
58943
70202
66481
74998
66537
63495
63256
65283
62746
58135
60367
67294
70662
66894
68793
64089
69649
65775
62900
65867
68790
61899
72331
66628
65672
65483
64949
63594
65652
66764
66899
67603
63053
67725
62874
65473
67289
63570
68009
63509
64846
67550
63848
63792
61950
62516
63964
69451
58387
70482
62566
64152
69623
65945
65795
61520
67959
66405
74203
60305
69242
64482
65869
65858
62985
60481
64722
63457
64475
62363
67088
62191
62088
62170
67773
66092
64760
70358
60695
65576
64618
67482
70192
67576
64825
63401
65010
64419
66659
63949
61012
63305
62986
64586
70861
69147
64078
65571
64125
60467
63240
61655
65227
68292
65726
68283
60798
63044
63873
61721
72899
63663
70131
65559
66573
63437
64796
61406
67569
63291
65008
71371
68691
66030
62083
64050
69598
65999
59530
65173
66626
63963
63126
67065
63929
66631
63260
64984
63993
68121
68342
62577
65797
64615
66555
62717
67590
65983
63057
61905
67298
59687
64525
69141
64348
66815
64143
65676
65293
68665
62444
69556
69382
64353
60673
66712
63316
62198
62970
66571
69317
73667
66408
61890
69439
63319
68804
65190
63295
67770
64982
66925
63304
64773
65351
60798
63435
67879
65818
65785
65273
58190
64342
72963
67364
72545
66634
72766
68522
70929
64300
65534
64558
65880
70447
63895
59789
64221
66962
70575
68653
64084
62198
64692
63015
63296
63917
67767
64971
68439
65478
64469
60460
70128
63995
61016
63140
62915
63665
61540
69304
70415
65556
73475
61737
61766
66987
66773
65773
65365
65121
63756
66106
62584
64106
67587
61434
70311
65839
62513
67994
64537
63802
68482
65774
66052
67395
58772
68135
62400
66848
69301
65200
63475
62652
60787
57123
64725
67783
64084
66420
62636
70081
58597
62846
71561
67944
62966
61895
69988
63279
72605
65830
62083
67394
70876
65060
67579
63536
68571
68169
72902
64983
66067
69676
64907
62334
66250
64668
64652
69735
59425
67116
63454
63108
65996
63606
64740
70535
66643
67606
67084
70106
62041
60675
62480
61621
66685
67689
68190
63491
