52964
69588
63765
62909
64230
64072
67542
60426
62004
66660
67577
67638
62957
62330
63875
66322
70403
58826
64812
61169
60121
68704
67320
67008
68554
63964
64118
72698
64728
67944
65556
59479
58836
63638
68996
68119
68531
62301
70830
62374
66233
65502
64966
69922
63225
61113
65601
64225
76603
67752
64194
62075
59374
62176
65912
70213
69211
66286
64477
66416
63836
71166
64916
65253
58275
64895
68276
62037
63076
68133
60697
69002
63792
64262
61853
66774
73596
68096
62703
69257
64498
70039
68179
55891
62245
68630
66032
62181
63459
59289
65246
72779
68173
72713
68427
68902
72004
66772
64922
68919
70299
63963
63171
65991
68260
68151
60869
71799
63435
64667
62578
74377
66329
62747
68366
68056
64920
68290
62831
63920
58948
61197
71459
70914
65751
70985
65011
64738
65721
65126
64830
69282
66027
67870
68915
66808
62356
61102
66023
64974
65822
65483
74001
61177
59015
66625
64302
66571
67449
69743
60597
63711
66940
68060
72723
68667
65349
62618
63686
63593
67683
66378
61198
64107
68411
66688
67399
66790
70865
66309
64271
62535
66353
57538
64932
64861
61064
62494
68189
66292
65869
66539
65839
69608
65940
60757
70877
66749
63605
61428
66833
65152
70694
64402
62792
68471
68567
66088
67752
65412
66302
69353
67585
64981
69967
57786
72260
59945
63481
65401
65056
68833
62069
66390
63641
66503
65323
65840
63734
63864
66477
68628
63575
62689
67546
65429
68257
62567
59705
63789
63024
65277
63449
67964
64591
66029
66052
66174
65456
67209
62928
70121
64760
61238
66152
62746
67716
72776
62958
66625
59783
67023
62633
63488
61927
67935
68836
65612
62703
70744
63077
58451
67038
61915
68775
64287
67514
70128
61574
63681
65288
70574
63378
63587
67102
63644
66035
60451
72791
61119
64481
65429
71803
61194
72036
68017
66902
62309
67407
63165
69686
62354
65165
63716
62300
67965
67290
69497
59703
69023
73745
64056
71746
64673
61038
64534
68970
62789
63568
67480
65546
67451
66315
67107
64119
66295
62497
69757
63457
69235
64770
66197
63914
62206
59818
62077
64474
66230
68846
64075
62645
60808
67109
70068
69685
67862
67628
71098
66624
67653
64484
61072
63295
65505
65735
71848
65802
69398
64110
64514
61181
63103
67262
65560
68625
66129
64381
72575
65228
69346
64221
67861
68576
66219
57820
65595
69567
67264
66996
59892
63175
66883
66880
69516
65061
66865
65589
62301
58144
66948
66105
63510
60230
67599
64664
67360
71644
58518
63243
64849
70303
60173
71879
65981
65221
64886
64106
68970
62034
66667
64277
63038
74009
66909
67545
69264
60878
71277
57314
63016
64031
67442
66252
64989
65496
62331
60629
67916
67809
70728
62947
67806
64606
69436
68884
66228
64423
68684
67655
63293
61185
64590
70501
69292
61891
61709
69712
61814
67204
63517
70834
63011
69282
66141
66362
59079
58317
64813
66345
61848
61968
67375
67380
65084
68092
61688
64369
70935
65759
65949
73092
60950
68145
70988
64471
68352
62318
63285
66797
68152
69209
70679
65314
69447
64414
68491
66215
66996
66923
60277
61852
65872
60007
68259
68391
66608
61862
70058
72211
66017
67208
66197
67273
65144
65422
68503
73222
60948
65195
61667
70752
63610
60806
67627
71251
67710
66207
66876
70172
62671
65169
64052
61709
64459
69165
67392
67647
66015
67250
62912
64521
66165
66445
66585
65082
64299
75883
68507
66889
64771
64057
65107
66495
59374
60393
63449
66214
64751
70379
60678
63073
70517
65965
68435
72257
63262
65210
64643
59131
64518
68423
67307
67564
64305
63386
69695
63906
66499
66071
70325
68719
61291
61644
67432
65325
64044
68864
66150
65707
68091
64306
70675
62953
67688
70234
61022
64410
69278
69328
64974
63128
68668
69414
61719
61591
66274
67598
64556
67761
63209
58606
64146
65743
64632
61739
59586
63851
68477
69652
69427
62862
61755
67163
67617
66847
58936
62695
65438
67132
68050
66008
66619
65814
67782
66561
65751
64656
65802
67123
66412
66783
69935
66404
63409
68431
61059
61992
66636
67228
61456
64281
63549
63941
68627
67851
65473
63746
61113
70189
67476
63220
67893
65305
64595
66962
63106
64409
65934
63899
67728
71660
63064
60079
58976
65042
63362
66217
65970
60282
59588
66505
65979
64140
60105
67080
69703
66446
62758
65681
61059
69002
65804
59742
64550
67054
64444
64631
61523
67392
63411
58469
64319
68751
64268
71231
66941
66646
65115
65312
64672
64545
67275
62469
62010
61855
72239
67273
66533
62070
67578
65154
66237
62335
66061
64147
63027
67941
60497
67386
67778
62653
62847
64805
66460
65035
66956
71312
63872
59915
68242
71051
66823
61971
65130
61870
67642
61108
64552
62244
65951
64335
66115
65609
62302
67590
65376
62296
72879
67097
65033
70173
71571
65059
66674
62298
65053
64883
66141
66626
67370
66314
61568
62460
63745
64611
68979
61725
64364
68658
64553
67044
65078
66377
64787
67721
60473
64345
66507
67284
70428
64254
70383
63376
69889
68214
62542
66542
65368
67585
64804
64529
70022
65212
68244
64797
70997
63313
63523
70531
64078
70782
68458
65029
59594
65472
65869
69360
70741
63291
68161
68044
69053
67170
59170
65026
61748
64872
68747
66535
69298
66655
61281
57275
66023
64835
62334
59963
63128
64898
67717
66154
70805
62142
68423
65690
67812
64105
69047
66503
63309
65496
64751
67138
61670
65439
66831
65644
69949
68072
65511
66246
66504
66857
59553
64547
60671
69724
65336
64902
68474
66919
61837
65303
64437
59819
63274
64934
65159
60679
69309
65201
65659
66848
62953
67031
64333
62598
67415
70423
67911
68560
63829
60300
70418
72268
70591
64435
61752
62043
60018
65184
70797
65071
66526
70043
64211
72206
72063
65106
63643
67820
64397
61746
69734
69522
66045
61397
61507
65887
63898
64418
68884
67938
70051
62289
64411
68023
67004
70557
66914
71591
67305
69016
64475
65582
68520
70821
67925
65263
70049
58353
60875
67769
65582
67520
65747
67406
62867
67405
68794
69535
72134
66335
66433
60544
63794
64903
68977
63533
68145
65530
64955
66351
64254
64130
59949
64723
63963
63845
66902
67694
66296
68797
67422
64569
64019
66561
67416
70116
69439
63761
65201
67734
69035
68612
65326
61426
62262
66429
66657
61935
65682
67604
61763
69156
64298
69656
63787
62171
64034
65224
64263
64828
66630
64975
65319
59935
66819
65243
70812
62457
59610
67561
66671
62231
60523
70573
70169
57385
64034
70989
63976
63928
64609
61863
59949
68984
59497
66346
68441
60780
62507
69511
67282
63513
69475
69489
66417
62586
64181
66474
64918
68612
60523
60639
66128
63925
63481
59742
65600
65363
67677
65761
65101
69392
61235
67293
60059
62788
61562
68098
65321
65491
61909
64553
63034
66792
62288
69893
60045
62893
71031
64110
61227
66253
63978
62797
61945
74607
64711
59226
70430
67538
63024
62478
67742
64726
59224
71392
64113
70436
69725
62255
68921
63401
59419
64144
66838
64019
64529
69283
65884
62772
67836
66183
57273
66939
66819
65601
68457
63332
66638
60401
66869
71935
62276
63046
63209
65961
62052
66916
68310
67286
59741
68796
68607
68256
66757
66257
68918
71838
62413
69068
65253
65111
60501
64602
62268
64016
61937
64065
64205
65853
60244
60799
66721
62922
69057
66274
67524
70158
64521
63653
68392
67205
64922
70095
64840
65643
65605
62473
65790
70112
66994
65637
65005
66620
67992
67532
64448
66600
67108
62235
66087
58453
67117
67699
67985
64241
66548
70202
70168
65440
65992
69176
60618
64477
69912
68731
66746
60601
65372
63602
66620
62883
62174
58769
69539
64226
66050
65528
62038
61410
62241
63166
66737
62928
71258
68901
68184
65143
70497
64821
65433
66092
67835
67623
63979
63789
67632
67879
64247
60335
64856
67579
71451
61610
64138
64260
69978
65421
62562
67366
64210
61523
62610
71218
66794
65889
64717
66493
66454
66493
65912
68382
65611
62331
63529
59051
72177
68363
62816
64612
63449
70590
60883
65911
65180
68245
65195
59774
64713
62350
65796
70235
59836
62913
63724
64285
67961
64967
66898
63485
66289
68084
63136
68096
65707
68961
64875
66785
65402
65220
66384
67295
61441
70233
59442
63292
65227
66887
70700
59446
63872
58566
65639
66426
70748
65931
68957
67449
64109
60919
66437
60646
69780
65004
69452
63962
66416
66221
65388
64118
66822
62501
61572
69608
67918
65751
70992
64658
69870
66111
62178
71591
68782
65139
67918
64213
68252
57700
62194
68744
64717
66216
61122
71591
69437
64878
64209
68909
72032
68661
72652
62513
62851
61640
66983
66111
65038
68187
69574
60536
63579
68223
64003
62920
68873
61310
64547
66612
63655
68102
63671
70151
65123
67735
67980
63479
58807
66718
65772
67357
64793
64125
72117
60711
67941
63653
64435
64496
62903
67407
70092
67076
65874
62303
67229
72601
64288
64303
63697
63932
56540
66863
62765
60259
68004
61990
64426
70341
60918
60513
66418
69302
60377
66871
67439
58788
68152
68408
64514
69639
69259
65873
64056
62348
65412
67402
64473
58335
69693
66159
64292
68344
70531
56354
66958
60861
67171
65955
67619
63900
59397
64060
66869
68863
61696
68901
63413
66723
63865
66132
68458
61515
63308
66142
73405
62707
72221
72104
65217
64559
63268
65312
60926
65286
70440
63533
64747
59961
66761
66402
65744
64825
64576
67180
65441
66568
66240
69217
67754
66167
70511
66913
69812
67524
59500
69811
65978
65365
66457
64405
66279
63596
69711
65163
64282
62505
66416
66149
66808
62169
60289
67585
70400
62172
70744
66466
65512
64233
60999
68772
62994
62980
68786
59365
60543
65476
66497
67124
64547
73827
64789
64779
62924
65942
67551
69479
60655
64729
66999
67459
65557
67313
62885
70640
68788
61128
62013
62105
67757
61326
64451
67025
65319
66384
62043
67485
63526
64472
66315
65873
65614
63076
64554
65543
61030
64020
66806
61350
69325
69696
61455
69984
65065
66907
63908
68560
66866
62868
61717
60750
66151
67411
67669
65149
61744
63300
69312
63947
66005
62011
66638
64036
68965
68070
63911
65120
63730
60884
62726
66185
66601
66022
64547
68593
65744
67840
59723
52683
66465
60867
64839
64546
70737
66846
66079
68278
66743
64036
69047
61899
66595
60464
66204
66168
71029
60407
63567
68231
66634
66126
62402
63600
69615
65367
66765
65158
61659
68595
67184
73091
62208
68231
61238
66051
68735
58746
64864
63690
63235
66798
69208
65099
66209
65910
65541
61966
69168
66503
66829
62893
64031
64958
60508
60004
63567
67248
63395
62197
62866
64043
64376
72631
68991
68893
69365
62263
61530
61909
69908
63742
61435
64123
64754
66415
66358
62822
67782
63441
65023
67786
63432
63670
67474
62725
64275
67357
72266
67519
67084
67275
62019
65914
65438
66589
65917
66780
64515
65728
61512
64487
70093
66580
65467
71749
61076
61900
71148
65686
64741
61606
67003
67320
61949
65076
64436
66374
61868
69638
68536
64345
64826
65088
62985
64082
64650
70821
68637
68598
66748
61874
65400
68716
61412
67621
73146
69015
70169
66251
68707
63183
68143
67680
66485
69848
63770
64923
65848
62162
66279
59903
68966
65688
63829
62801
64767
67791
67330
63224
62763
67688
63169
65732
65941
66558
68348
61397
59273
63676
71439
72162
71536
64903
59696
57858
63523
64886
69797
68379
66281
62620
62387
66368
67820
66820
62145
67668
66931
62027
62965
67792
64767
70743
67178
63941
65502
65743
63149
62545
67834
68305
67514
70501
63760
71022
62583
62217
59768
64075
63885
67259
66335
61626
64249
64318
59716
62321
63010
70233
66163
67705
60625
69449
69799
58987
63224
67160
67647
63312
64534
63578
65897
69458
63009
68815
62974
62758
68218
68557
68325
61224
64009
68232
65672
62017
67037
63193
71416
70598
67515
69995
65748
68044
70378
66340
64699
59950
65263
68234
68634
67188
63762
59058
63913
64538
64510
67562
72042
65940
64825
64686
65943
62821
65929
67013
66223
67035
66957
59729
67622
63337
61945
61916
66956
64806
60024
67102
60818
65994
66317
68437
71374
61064
65364
64630
66957
66242
64380
64091
61877
68773
67040
68543
64518
63383
62002
66712
62128
71593
61251
66432
70670
67499
66111
62362
61008
68059
70471
64097
61803
57481
62322
65163
70776
67741
66535
64224
63625
70142
66193
58646
63328
62723
63746
67380
65183
65284
69839
63253
71644
63336
65828
64614
65940
66992
66957
63068
61856
73738
63950
67827
60268
64619
65119
67085
56615
66080
61768
66598
62140
62732
64639
62087
63977
61625
59529
68871
61289
64950
68003
63520
62832
66277
69199
61704
65043
59858
64247
65648
62735
64038
60921
65788
68995
61940
63495
67182
69507
60643
64982
66463
65201
57420
67177
70514
65918
62157
63854
71335
68517
67633
66703
63369
64878
65280
67336
70480
69200
60884
66269
67950
67563
63474
75084
61351
61986
66301
72472
62795
64664
69066
65477
64439
67389
66428
68912
69767
66541
66491
66237
67138
65716
65534
69457
70504
60596
65568
63279
64517
66854
67729
65168
59266
62373
68473
56556
69426
67243
69848
64885
58781
66946
69712
68566
63364
65820
63790
62851
68666
61611
62607
61918
60652
66015
69342
64930
60601
68288
71059
63418
63967
67225
70850
63832
61169
67605
68154
65556
63707
68794
67266
63017
65696
61106
67783
64676
64108
65428
65668
68468
67472
65023
68038
66849
64138
65127
65050
67191
64333
64256
71987
68615
63043
67406
65923
66819
65986
69434
66668
65332
68951
66300
65934
66564
65229
65566
63613
63074
62263
60974
62653
64964
65873
64647
57816
70695
69096
66996
71786
62333
71721
62373
66318
61361
65584
66801
65029
67875
65860
63824
63678
68193
63393
68535
69542
60067
69248
72287
66361
67499
68934
64633
66133
61229
65990
67168
67227
69027
62997
63790
71747
65043
66191
65316
62843
70855
63806
61842
64059
58976
63401
62363
67559
63329
68445
70118
68095
64830
65998
60538
65097
62716
67811
73966
67173
59011
64352
65937
65822
63141
66339
61464
62439
67652
62207
67299
61048
71318
62998
64803
66619
63683
66005
67421
68683
68129
64973
65055
73233
68648
62515
65863
64437
65092
61507
64186
71472
67433
57372
69522
69106
64358
67886
62719
63995
70446
64645
59409
65328
65278
69462
65582
64154
68960
65931
63078
69320
66170
65545
66118
62027
63806
65547
64898
69705
66248
68337
65566
68997
66838
65579
65492
62408
67197
65404
63891
69161
61439
64151
68903
66569
65379
66358
66123
60566
64391
70833
63375
64492
63761
65250
63625
67130
66182
68070
62092
64420
64796
67029
62936
68536
69423
62295
63927
63792
74161
64127
71033
61385
62293
63286
62764
64658
63213
62851
69332
69546
68646
67253
65839
63907
62412
66725
61690
62279
69313
71764
66824
69161
64730
61152
67541
67401
65770
64741
68688
62305
63000
62232
65814
61971
63293
63223
64682
60662
65821
69623
65979
70586
69907
68084
65780
65609
68038
64252
59367
67148
61829
62383
65536
65224
60908
66078
68701
61838
69705
60423
72474
64188
66013
59336
65332
66284
65253
63690
62434
69240
65636
70584
63810
64111
68208
60217
61559
69132
61695
59575
71658
60968
66139
65762
56326
64660
67005
66697
68496
64266
67870
63277
60914
61283
60744
68844
60573
66433
64664
65199
70004
64099
67540
65659
65037
73072
60813
69760
67686
63964
70874
59480
63826
61576
66886
61888
66955
64925
63965
66809
64655
61968
74715
63939
58269
62776
61383
68243
66589
66842
64323
64620
64320
65269
68273
66637
67174
67172
68434
66480
66711
69431
63356
62731
61649
66135
59461
67050
65178
69253
63334
64869
69213
70068
63307
66131
66500
66760
64675
69734
59343
64156
67003
67034
69968
69462
64600
69795
63196
68586
71468
69517
65882
64448
60527
66553
61881
62937
61634
64027
65444
66432
63568
69039
64853
62954
66277
71970
66634
64346
60530
64817
66305
64265
60078
62748
70302
70234
62630
67740
61674
70137
66339
68647
59915
67756
65510
68327
68533
65751
63567
68090
65338
62676
62520
60695
63863
69149
66118
63800
68173
62808
65848
64947
68089
60367
62750
60167
64685
69505
63879
63862
68392
69037
65245
67779
62007
70051
72576
67243
58706
63706
67544
64154
69704
67463
63221
65641
62607
64937
63718
69385
72469
60846
59234
64732
60560
65687
67990
70432
66195
64903
59053
65621
65769
67629
63214
64110
60692
58027
61903
60390
66639
63838
63772
62310
54943
70478
62258
64184
60768
68720
66005
62828
64250
71035
65296
64940
62451
59327
65011
66602
69139
58168
61849
63633
65524
65060
65137
66873
62576
68596
66956
64487
70781
70636
68592
55644
70709
68140
72110
69590
70707
68415
69955
72070
66245
60384
64528
66813
65781
61451
60191
63107
68182
70714
68539
69000
65271
59827
64044
64688
63907
65715
66982
68331
64624
59297
63953
65679
69542
63675
67215
66486
65679
68585
63370
63651
65497
63438
67200
63199
66277
65207
66240
64029
64424
65850
66198
65522
71124
62289
65325
60379
66755
61881
64624
64316
66456
63724
63585
70241
66468
63697
64714
70927
64765
63277
63291
63736
63587
61342
61852
62818
67474
64286
64857
69697
69779
64611
63468
62703
67806
64865
64269
62869
63013
66584
61225
68795
63786
65045
61154
65495
64460
65371
70358
66118
62932
63205
67486
69791
66459
67792
67533
70185
59147
67722
68759
61149
62633
62748
63147
63957
66330
68372
69079
62790
62768
69847
67655
65807
67087
65438
67254
64434
66416
60586
63282
63317
64309
62500
63787
60573
67333
65265
59948
62800
66638
63756
63252
65291
66661
60829
67338
62913
65477
65419
63808
62181
64599
70861
61074
71081
64684
65651
61975
63008
63888
62109
64851
64202
71600
61715
65872
66348
62028
67786
64230
57368
67698
61876
62102
67790
64398
68543
69501
63422
68135
63060
72853
63265
68898
68300
66571
63338
65039
58479
66271
66681
65973
55793
61388
63084
66491
66484
64978
67617
62173
67535
67091
66773
64939
71534
67152
62362
66349
68001
63608
69105
66787
57860
66517
64205
67296
68630
66175
70992
64950
67583
68173
65217
68087
63587
64151
61235
66327
66601
69400
68128
64602
61675
66954
69175
68010
69089
64841
64006
63121
65352
65278
66213
65112
65098
62990
68621
65786
64964
63086
61171
69821
67353
60214
68036
68558
65943
70772
66246
60893
66732
66338
63559
67415
60071
68781
62658
62308
65163
66954
66073
63102
63877
61823
64799
69058
65522
68352
70305
63609
64924
72650
70268
60055
66804
65537
68244
63094
62784
63320
63661
68207
61665
63495
59673
68836
69700
64464
64559
67021
70367
66874
63250
60231
61881
65775
63388
66174
63724
62068
61679
70655
68449
71206
67305
64127
69872
65427
66259
65395
55879
70794
67144
66616
65333
66071
63578
67556
61252
66145
67376
64885
66751
62287
62371
66311
67759
59392
67246
63756
64904
61146
62745
68701
65643
64281
65154
67139
66979
65290
69117
68716
66890
65714
67689
66565
69012
68483
62199
61977
63238
68734
60370
66829
66723
69345
66126
61134
62392
61662
63773
64936
61717
70355
61193
69946
69419
68479
63262
66658
61350
68520
65293
64194
61526
57417
62132
69182
64215
64981
67684
71452
69877
62349
59170
73267
72971
66153
61372
68692
65182
65165
68466
66631
61650
64471
67702
67207
66394
68594
64350
66121
54474
64062
68039
64256
64008
62123
68823
67333
68240
59879
65010
64618
64616
63517
64401
68320
59267
71359
67121
65397
68507
60778
63357
65139
70010
65383
67010
63604
67131
71031
68798
65269
67749
67428
67195
69179
69155
65119
67639
64280
62511
64652
65286
60091
68355
56468
74431
70457
64680
65566
66528
63605
66167
65064
65227
66130
61231
65665
66071
65958
64828
69264
64377
66280
69786
65275
66238
65220
69590
64691
69741
65196
62719
67762
64537
67569
56592
65553
64029
62051
63723
63656
65378
61055
66572
70012
66456
68186
69122
69587
71664
63900
63181
68103
67856
68077
71726
65573
66932
62323
72533
64433
64526
64399
63422
63145
63819
61060
62962
71922
67946
68570
69393
71546
59731
61505
62902
63996
64551
64071
66254
65651
63167
58407
62282
63736
64726
61834
63927
61829
65123
62019
62754
61247
65033
62696
68507
66865
65307
62922
66782
67799
66003
70791
67042
68529
65973
67750
62925
64033
66680
66656
67199
69141
60866
62342
66288
63162
76604
67225
65279
63846
63962
65634
65902
64039
64640
69940
70072
66361
61140
67300
70629
70024
67942
70196
65710
67594
63305
66493
69892
63604
62713
65855
64793
67663
64050
71166
61309
69644
63029
59650
66315
64701
61900
60026
65508
68733
67452
65721
67105
65446
60851
60880
64870
65009
68324
68017
67518
64617
61011
66886
67256
57709
62802
63271
65923
62903
65411
64846
65014
63188
63442
61996
66781
67407
63010
70518
64505
70550
63431
58895
66853
66350
65648
63431
65422
63860
64545
68293
66139
67534
64776
64415
61756
64323
54653
63601
65267
67383
64655
66675
58393
65349
60032
61576
64922
69718
66752
65595
65472
63197
63753
66936
60996
67479
64262
68241
68685
60053
63630
62732
59596
62152
73535
67533
71818
68252
63105
64285
67464
66969
63644
60588
76309
65073
64468
65907
64740
65938
69753
65127
61726
65006
64014
70201
69373
65888
61345
61518
65585
66638
64308
63962
63593
65459
57728
61927
63481
69492
62869
66127
66278
69789
69673
65347
63977
63360
64746
64113
67350
66913
67475
69662
71640
65944
69138
64383
69419
69014
68840
65844
63345
60966
65404
70559
64520
68108
68301
64606
69849
56004
61529
62535
62849
66637
66486
66827
67489
62422
61544
66834
63470
60389
68718
70107
70638
66148
67587
70024
63434
69175
66438
68530
66145
69783
66268
60673
70293
62431
69642
65240
69389
69254
66945
67202
66920
58937
65923
61878
66096
61790
61653
70795
69040
65522
66141
64723
67403
63320
68792
64706
64160
65607
63598
66613
63775
67071
69520
63178
65108
67047
64107
67057
67355
69085
63550
62446
64528
62364
67385
61729
73180
69782
65577
68378
60172
73804
63601
65141
59454
67129
61910
65869
63752
62004
62900
66275
61336
63082
67709
74063
67100
62530
64333
65639
64391
68495
66248
68510
64505
69879
64990
62353
72670
59555
63115
63481
73755
71456
70431
64452
73486
66743
68738
66124
65373
64710
64849
67529
66739
65432
70482
55814
67206
67887
69294
65323
66217
68766
70422
64551
66410
71036
58575
63274
70339
69116
67247
64066
62646
63598
70608
63476
65868
63066
68297
63770
65216
60019
60249
65561
61193
72433
58780
62913
65590
64339
61917
62397
62289
64596
71932
65791
69412
67197
69185
56361
64538
69819
63662
71311
70398
63998
63887
62214
63472
61497
66941
60764
67514
67594
60092
70614
67218
67992
63050
67575
69226
65212
72095
65680
69274
66496
67454
60059
66751
63127
62762
71251
64835
62248
64359
61274
70234
63256
67270
69979
63897
67279
62160
73550
68604
64904
63003
65162
64421
71935
61520
65977
65475
65151
65180
65155
68396
67531
66908
55594
66518
60110
67653
70367
62500
64678
63572
69584
65847
71199
66891
66330
65759
68216
59841
65815
65306
67913
64920
62132
65560
61987
59227
67918
67433
67066
69805
63356
60846
65306
64397
62775
65274
63531
59519
64090
61812
66295
63386
69178
70791
67762
60453
70468
70699
65597
69870
63728
59420
63044
71202
60650
65534
65647
63855
64082
65772
63693
60876
66240
69053
68385
62882
61435
64604
70673
67651
67842
68451
66914
65931
67706
63746
60901
67905
69591
61871
68229
71043
65528
62855
65939
63732
63515
66955
60280
60804
65599
65462
66661
71680
65878
67496
62339
68052
63811
65770
65179
68920
61243
58054
64836
67071
66034
69573
66969
63688
57916
64758
68904
64251
65628
66916
62209
67578
70900
64969
61836
65317
58247
66639
67018
71026
64900
66874
62713
64368
60538
64897
64535
66516
63492
65809
64443
64449
65799
65668
68030
65140
64389
64943
63194
64356
72191
62545
64622
64266
64726
64450
66451
59932
68934
67608
61463
58100
62334
64740
73991
67316
59612
63276
65361
66367
61227
65093
63184
61919
66386
68071
68291
67418
63906
67877
66548
65974
63531
63907
65778
73530
66523
63533
62808
63924
72670
64227
68507
64304
66391
68130
63661
63435
70971
68762
68126
68115
67041
72147
65679
67427
60781
62832
61601
69710
57171
64217
55726
62812
63927
70073
66835
62805
69028
65594
65659
61595
62291
62832
65688
65791
70595
66797
56663
66396
60784
62370
62874
63362
61029
66202
60913
66704
72866
61179
64603
57267
64549
67642
67897
65789
68449
73878
71146
63823
60781
64205
62432
67014
61665
65297
68282
65206
62435
69385
59378
64461
65399
65588
66127
67536
65419
64329
64200
63532
68116
63417
68310
65598
63827
67562
63152
67627
66233
63581
67268
67327
69328
68701
67145
61841
73559
60936
68646
66949
61688
65128
65277
69814
63198
64677
57881
71220
62028
66607
65203
65214
68189
71012
66360
67682
66613
68870
64019
69059
69174
69083
63372
64984
66320
61044
70762
65495
66466
63645
61188
63556
66254
67742
66066
66672
64431
67162
70394
67845
68188
66499
60610
62112
67026
65500
66977
71029
67915
69661
65846
62890
65346
62898
70642
68125
67241
69585
58916
67463
61241
65512
64514
67704
66283
69943
63563
67859
66067
60177
62525
65044
69180
67055
61710
65076
72147
65900
64463
67147
68037
64041
67182
64458
67893
66092
67115
63048
62844
68634
65275
66470
64532
68480
63544
65091
68111
69379
63819
71957
66562
62118
66745
64280
66958
65395
65779
62548
68780
61747
61902
66739
70788
64380
67832
69053
68205
64516
61960
58302
64674
69396
61852
67830
62422
65883
67855
63374
66094
64175
67846
66307
65721
70642
67706
63273
65254
65287
65799
73808
66751
58864
63757
59204
64455
59023
62679
60552
66794
65537
66528
65193
60967
67218
71834
66876
64140
60856
62560
67020
69052
66390
68157
67854
67195
63378
66105
62756
65593
66620
71037
61244
67113
70389
68022
68265
67461
69790
61972
60994
65515
58454
69568
69536
64115
64321
65298
65706
65952
67365
64970
68626
66997
63547
69910
61085
65233
68704
63166
66550
67316
62716
65298
65023
63728
73078
63035
68828
64248
61975
65872
67662
68552
70655
75186
66356
63363
67019
64663
68570
61285
73296
68341
60017
63212
68210
69390
61367
67872
59154
65243
69179
63728
60598
66015
63554
67598
62634
63004
58913
66092
65008
61641
66171
68901
64829
66414
66431
61589
72275
63993
67685
68056
65078
67524
66341
60890
64447
63528
64022
61263
69227
70785
68740
69699
64406
63451
62984
67646
