448835
305799
220670
405767
640841
279734
256727
304261
49950
362521
215415
79575
305566
2217
263313
69294
15920
540327
600472
136101
353434
182162
323470
286150
176325
459009
82897
34781
503103
436423
326714
306570
325983
286408
257485
327477
346367
453445
466096
247483
271017
244906
351624
297109
583005
456367
588943
464740
636349
416636
631472
103658
34391
379535
644542
273681
138964
341797
425196
206555
468431
639051
587833
191093
214121
243493
258574
65745
499359
239428
576598
607479
16011
647825
465320
341044
255280
339816
212746
408084
60935
407058
180450
11557
362221
379091
279556
47373
585461
400707
75833
334843
325880
39584
397711
529744
490869
133018
565112
224488
620303
47020
318641
391331
162299
505531
410842
11868
398700
322095
128469
652573
587964
191697
354596
207422
508228
609702
235161
527947
326636
259901
615004
334498
306322
440686
171202
212856
610825
444681
541744
177675
356378
636614
208865
105169
334814
254162
104580
582321
649280
372626
507692
562979
459395
28938
103307
46523
6474
200537
257134
157961
42339
347251
179122
521690
5277
552158
625707
469326
480800
611819
137016
651798
506908
476165
236644
357680
428551
406547
462018
53989
233077
284426
170806
113133
91047
240113
323381
41272
620270
501509
478971
113285
395706
347160
643870
489994
377331
557588
101642
9972
452351
64429
75650
488033
177297
411979
601231
207404
142307
69837
85499
40778
57437
283118
210282
463051
570321
514308
347758
67136
465153
237783
56131
552118
221653
143031
571114
591222
222147
232522
379865
480668
41385
388853
624440
171765
595609
622702
176392
494273
156483
483400
522597
162008
469152
532220
234998
109905
60269
377082
641006
539328
285631
351679
183191
106866
315936
303760
342052
624430
395768
396998
83902
653058
506491
574884
271515
329074
342152
127201
451863
591774
107286
56569
483799
179045
408854
455972
210967
534213
360440
569507
500232
569229
13212
159584
58987
289723
583244
306407
556867
214419
222540
586915
279063
517580
155086
621806
376555
497630
58665
322872
590504
574776
30679
199031
290534
112895
478411
120921
227173
434687
315942
484029
629937
76380
465022
150958
271631
21536
89068
209569
224123
589552
486154
637129
392607
158409
214732
209607
213971
441033
347870
252591
97707
14509
143415
70432
514749
73726
474630
252745
48089
532630
379866
154508
586338
29660
132264
492861
464897
189577
40648
562350
205584
128262
338206
596526
28538
501877
375176
278822
487640
632962
150212
94140
598266
438405
287038
375691
488645
506614
602861
279735
192289
419210
272451
389676
275241
100267
307643
452799
523818
323306
108290
271769
515305
270571
456478
332407
158087
521765
55190
343992
136898
43952
329602
327393
463274
488079
476965
268408
413984
378106
276274
391389
620788
126414
593606
35032
202105
188838
410494
85999
578255
542999
427337
300426
611422
544438
327231
459979
371543
385313
216908
302831
51197
234192
456018
624699
631153
364198
397555
121714
455677
46306
186571
438018
203364
32667
545174
203377
41356
49013
164992
116664
507445
210818
527365
113931
323013
450912
427288
393956
606091
149766
323563
579333
51048
36626
152896
414856
170314
124675
300680
402127
162894
197060
402102
619799
442198
513084
240392
178424
297708
528962
299040
554909
648001
47203
29760
98035
251900
85879
570598
15169
206957
121041
610493
438751
597708
637225
325778
153563
126962
146092
464383
26506
33659
398552
420778
435986
243715
528184
349716
69117
522387
624602
39345
256476
319498
95991
568661
186220
513152
439742
391935
125922
144640
31030
157753
226389
546010
240119
494548
287992
514371
639809
157182
565144
407518
535621
427023
277839
149471
45898
350957
649020
483683
214529
542116
503961
184572
9376
77439
574951
548249
193468
186905
519612
614555
510615
396872
159037
344554
153034
529538
253598
546371
250091
540114
218443
288445
403366
46063
621417
375918
332804
550105
567386
342268
607690
42426
74203
391111
232040
304234
215010
265240
539129
388940
653619
515689
179349
173241
220134
552638
17883
150851
593047
419362
148666
143618
565325
585732
167858
275585
546960
505287
533408
339737
597392
213615
102676
464474
353471
560061
53188
552922
192213
429166
26298
399495
470071
241664
141171
352341
546039
212040
165458
182803
622023
235455
2362
512282
458276
84258
645466
398499
328190
250491
588954
159883
187281
80223
497496
390299
399157
143176
426749
501650
234545
525170
228583
496853
22105
361211
635388
643068
184649
289275
41273
572352
372619
252379
73905
620473
347484
185419
229516
177404
394402
609460
561442
301715
541654
277286
165352
644490
199155
212155
648605
87770
498423
613294
335409
1652
245798
73117
272752
517751
287514
283066
364897
381216
561182
202083
538490
370890
196955
193413
236675
408088
151264
603149
376774
602941
30411
224533
14947
178422
564924
23992
285833
77048
273180
549749
408335
482840
228788
618920
464822
276430
279487
602068
377752
462932
273308
146599
474191
398343
328560
408958
136502
520315
621388
583993
210656
266079
529794
390015
359081
607284
351289
337470
27537
45493
4862
598503
267640
307076
554032
399275
399442
194336
546510
108678
34832
125569
175464
185015
439427
142753
443454
59724
96470
333461
604173
563326
634882
426297
442902
409615
408170
96416
356344
253013
290021
343146
84145
235593
41582
642035
77678
169426
584117
316348
88891
251809
75935
131213
34098
287196
528637
384020
397374
131454
225374
553937
57577
562253
316991
548632
208408
222064
492571
514455
150499
637580
55371
44894
390269
473655
629726
265385
16574
395114
189855
283736
320123
42278
318493
279392
466973
423143
121382
135095
164499
117276
430711
651709
427365
397594
268650
204852
597081
635045
325567
190185
504707
86806
501735
536706
81857
640195
645865
613888
325081
161267
381425
275207
134970
277660
435086
46473
218508
11662
491189
419883
41072
632250
14825
386636
508800
516355
22469
594028
601916
367912
315938
29404
368282
268290
506466
264689
447991
66458
87131
91560
29835
354765
520334
400039
376802
446053
222589
237210
205960
466687
105932
8536
390723
617599
399381
513095
440920
326000
470805
540084
147280
220286
146620
296336
580035
226234
245410
563850
337755
350911
564134
321471
446665
56128
117068
265012
324297
632903
636126
557840
206830
631785
451766
257517
459849
10828
95783
543742
423083
238678
328116
593193
413911
260931
78857
192509
641165
286630
309224
326761
579406
395790
454608
255206
19062
610122
622020
622036
618454
534276
448656
553458
393573
88060
256388
636547
230121
568739
61087
219010
230000
33818
78049
126592
549070
41551
195756
6668
455886
406521
422695
245355
136490
472069
531574
90833
319048
162998
110170
481247
352647
141679
203161
633506
556190
576681
301473
408818
246918
50929
262844
389271
188182
555712
99025
240601
81857
265310
25992
178617
262625
313370
356316
180218
342780
333581
207210
544080
357591
217756
620847
553852
643948
453662
247872
184064
434711
642787
410724
577775
215681
266701
593936
496020
643177
507749
293939
348040
590161
361527
167377
285487
338372
63386
487432
71666
265366
527317
306426
551823
224055
627596
137277
25076
571753
492963
152032
645360
329174
623290
330975
309247
294347
219463
349766
296586
24082
170678
139672
568482
392475
500487
627065
422077
643963
204317
122072
264313
308543
586784
366962
191483
486692
331502
106254
378024
597291
552221
384571
247125
57002
307789
492882
236108
154302
610389
538414
418300
89642
94967
67645
403896
75735
552224
650749
240089
297317
466398
614172
585953
37743
110802
494532
451473
87306
329033
511714
143380
571007
34715
512619
403583
206569
472470
512731
612040
241024
449587
394930
344199
583543
2075
184884
352765
116846
594979
424407
313185
533922
295492
366118
1802
239665
90957
451994
313935
197759
306598
137383
606264
35371
567159
335124
405632
198315
633534
184713
385927
651045
577434
351489
649051
459649
136773
265811
219213
225452
498372
382902
24964
575044
194508
653443
625338
616386
531580
144581
349066
146998
170180
400393
26760
635344
602061
249539
337787
305476
578158
451282
182262
292841
281127
628709
114891
58704
577122
587652
571302
334873
432370
369205
45513
390486
8922
212983
610987
199259
615924
163927
206151
411833
499139
328589
578103
26371
604369
128652
579494
262709
545755
440182
115305
601651
160902
159999
533580
69385
145513
330090
544261
96655
358919
466118
563999
613132
514221
427837
284177
73472
465133
650600
482843
10951
325228
402814
451984
471679
365761
146381
617480
456567
155215
211236
604194
581622
265516
25105
31783
186068
412301
382857
415385
470078
12472
68868
235591
101489
49361
420062
534338
493241
535455
436375
481915
178112
650777
120039
140570
189347
639193
647684
520941
412259
340828
636106
455883
619138
207454
218742
560152
98208
619923
332578
607134
220720
469210
316457
410782
330545
633808
453578
164704
596165
192695
243535
66927
589802
187506
169684
603103
527910
92457
504184
598365
51453
540812
358757
438565
322997
457312
22346
499847
21852
298385
98936
539737
205560
297594
280986
506266
315322
517051
48174
125563
361453
620683
48993
28235
102597
420186
261484
541034
47142
128721
196625
410733
449034
81397
618531
223506
467382
343544
145986
554584
536240
259569
385749
168968
452101
202523
553175
142465
9701
175969
125208
333110
133498
500164
158184
463318
379106
646348
655295
569852
498062
253268
493667
626966
15320
352527
142867
365609
305690
377335
361078
629215
361880
554586
209597
287113
308290
182667
248899
392241
380231
417094
230567
206983
400829
87072
165826
27608
47586
159503
12798
160832
429245
40047
286219
598415
518576
200171
606080
216037
47523
651464
570177
305353
436716
439896
127455
131103
307744
597408
6549
512822
37700
313407
418036
450074
38324
274336
382623
43283
88535
434929
341860
106056
350774
598142
10215
421156
48267
4226
98732
277156
525824
184670
410041
269455
153571
337017
522626
545582
554775
221877
519999
139053
483934
621533
9007
288596
424523
459915
115400
637130
403220
107702
13449
513320
52235
92439
376720
395513
450158
257893
507182
638555
177664
460736
608481
449764
446371
146651
350702
368654
458836
653276
22048
42750
51085
486918
89360
407930
212775
299709
141337
567611
384139
619029
376567
81204
111981
648199
475506
32295
461229
270121
201332
100965
550439
41839
189946
200791
105450
333044
7669
197247
611863
203508
236230
310093
368111
529995
124728
571307
496467
473596
56888
14182
389292
565663
383019
139745
59323
458487
473019
113070
18474
267572
381890
462685
530805
400121
72666
447336
644990
593483
571256
198030
492036
557779
444547
164208
625104
295449
85069
71944
424358
286857
61920
485205
523845
475408
132553
452051
7027
199958
261371
547387
255848
7385
230913
326974
621939
616716
118537
121337
107073
517027
3946
83346
352557
162242
60526
235849
179704
334957
641750
81464
244270
610785
574667
258389
458066
57577
466970
637572
352248
326690
122761
415359
386948
427250
17093
359611
389896
136006
136533
181022
466433
397322
554279
193762
597732
487395
258874
62430
168416
627027
203399
216203
124249
528777
180646
216438
271547
284248
269576
330133
533799
536926
523182
66273
524077
78808
81738
621191
537000
362027
573420
648390
400190
401669
494421
152134
109526
497798
226036
88519
206358
235036
632571
457414
347902
634960
591881
335544
593546
264965
151008
152487
434055
328381
431850
449626
14629
35415
349095
125197
414537
361880
383883
198217
419327
543616
654096
549482
365362
126766
446592
614500
138848
167769
97654
482817
266444
41088
573407
365475
216985
225432
190219
298503
220883
359102
506932
442014
192975
346515
550585
44699
51312
364491
418850
138551
488387
423535
605086
110725
492420
54816
370470
361690
254532
553498
2864
340904
142313
487259
28224
544967
549252
545827
99987
413143
9415
555720
473809
348096
478800
61816
346459
190890
637415
561720
480559
611940
227307
590400
213148
480245
482618
12025
236624
12735
653454
80082
355736
518098
131900
317884
398084
104991
510234
196173
138296
365880
268903
603118
576757
316768
235447
213331
175350
356874
527550
203657
124580
311613
45242
459590
339711
325304
196899
592886
59301
570047
246877
577125
477601
68269
544955
447071
21169
87623
416565
434241
489325
472020
432223
502162
376888
170912
597935
11936
240229
477672
279940
16275
43241
425091
632333
361669
332108
208617
168224
13752
178883
294329
129728
57244
470370
586298
613922
405011
34586
485531
72152
438926
510765
475702
623826
483751
454301
171536
606056
117665
593033
204906
85304
541775
1635
545317
171908
579810
453167
436589
239415
38930
543996
112003
243963
393448
316049
130194
92154
80770
565580
20682
640296
130107
72300
378124
52419
394823
557466
31390
524201
258524
104523
115406
602121
72486
568054
356676
25595
304399
535723
475924
320328
563642
78882
596339
554723
464176
536010
356394
442474
367393
232933
372808
168732
288541
184008
80535
210935
558358
249745
490211
114817
278147
75272
90846
404643
398119
139835
310918
565776
114164
12589
427291
35060
642213
399520
308278
281799
375567
59391
609497
410020
120572
368693
87330
11503
413215
424990
382531
120247
395463
37035
399270
363080
429427
586858
557290
642681
639789
506147
626799
568383
476828
49403
32145
548929
320900
533860
205074
260603
458874
599868
57515
564578
519708
206791
232794
30448
10315
312610
62612
127141
554937
374229
415257
122866
543071
568839
342967
598053
553666
479280
481084
69070
177495
43808
5689
103749
577036
157203
635800
391440
155489
325799
143585
644856
555263
17195
621134
472557
53989
439509
423969
143385
497055
57058
320762
6503
634871
492544
104105
223919
105226
502410
38598
550768
617477
443434
139569
235988
312763
396246
438215
363210
230237
583871
53341
305565
508274
39893
462248
537206
433082
8478
118054
224207
153151
630883
427028
194622
609286
485355
186520
248303
130697
636403
339015
587239
227082
564161
35315
643622
597710
238028
507721
492999
590646
201362
305083
566886
510249
257862
554254
30771
512521
135506
187512
323233
294738
341160
357024
217269
114837
503631
262128
331507
422508
596140
463701
29792
549558
648383
309647
635430
358697
301213
217189
430935
150615
68769
17850
191614
259372
361808
191856
644913
191198
288997
67683
170804
31674
366679
492217
128260
241114
10889
550189
511156
41454
239119
626056
256918
344856
232811
390680
641044
653723
507717
264969
324031
233787
645906
463837
294211
7939
341104
644827
342793
119555
14479
232458
601769
653101
619556
478032
365784
387112
353233
463371
274512
438569
79699
174126
547882
592280
353244
20732
607501
460104
271337
392153
281657
304964
581179
105568
67940
1788
205783
96609
144169
7365
148894
218045
20688
398396
372769
63593
389945
654477
618967
1750
521259
231738
41714
193975
210853
342913
433247
490901
161155
210875
202101
237723
655134
509832
638969
454237
266253
255422
320196
273199
542851
304743
193733
507812
559952
275532
437655
38538
346990
29478
19130
401686
198793
486629
587256
91351
474823
337195
73478
427027
399420
337931
607172
341494
649144
333728
75924
308328
119490
391337
454251
306993
64030
307128
53381
447038
517975
630705
97518
348927
371941
604554
411092
95361
285967
429105
458938
565624
118297
623602
38757
644718
562146
432716
481686
47639
27184
66693
57252
358731
141193
563744
292125
455809
427866
209618
159362
224432
522098
384222
166159
535983
35887
458216
287769
479258
607821
491542
289646
98943
528450
301927
49356
471240
191268
32039
591626
316605
184130
469491
580585
201
450790
502668
137578
320879
58514
489390
555388
70901
535075
505656
227353
452388
31
610662
360699
406545
435591
367898
561488
399574
594909
381636
112146
598712
446711
458253
645845
49280
280882
156693
413156
528752
633281
297924
515255
600998
447824
159077
398363
635667
647203
420976
581296
131300
161270
624484
88627
125243
275610
386389
395717
191349
603333
599719
256945
284617
460388
434501
250542
271479
228090
154261
300245
449861
486255
510442
245584
501111
4270
312639
520293
412906
310682
422472
594376
371183
524147
642739
462401
375734
24566
245417
370568
522457
287116
629183
178122
487959
274616
318497
525927
194127
63446
340954
346550
522431
634597
36241
387769
446482
646054
617735
466911
341959
105856
251773
383465
475267
416415
468007
281249
476857
94202
106552
106713
583837
49829
525276
153073
306990
600281
383999
137702
186181
603223
279933
384686
301421
248013
146328
449702
470707
180148
517086
560028
603373
105652
199179
563841
130115
2273
570705
213941
271645
292509
555925
221441
584764
404317
345562
213394
159718
408982
292876
596715
322200
335409
273103
517251
278422
176515
564940
391137
387652
400308
471098
205172
22180
531230
84479
473051
53946
245961
41304
342237
428039
112350
243549
609641
289924
525954
607639
638547
588724
208014
630831
532411
548651
9943
625370
509929
503295
53428
152416
630627
328123
260740
550463
57239
273247
246219
229278
201649
137674
113318
419696
602534
333481
195280
104307
544042
636677
228822
190677
394194
508119
298452
412924
469597
629533
108158
653644
257003
473956
375137
318943
457490
259361
82647
320401
342042
132318
613167
149078
268191
101534
351139
201613
320649
147204
35242
510673
420142
223306
31125
567263
111276
609971
313652
223075
486119
574645
242950
266956
283874
604453
453878
162297
121241
150973
172729
150853
431558
75978
253859
409635
190618
42778
53624
82553
547778
431137
42285
256290
182573
378824
342626
315309
206118
90308
486523
576622
618758
38416
484906
476121
620697
165750
486394
35799
413693
229931
503912
565775
239089
344448
76941
273224
236454
120011
586205
97050
416638
583363
597667
519857
115435
535711
181249
604502
464707
514632
55726
381920
538143
564651
18764
615487
28402
402730
454418
70349
31465
514400
252097
70197
499821
556507
384949
105668
9976
459277
360539
426506
532928
284575
81602
616027
357343
403239
611720
610522
374927
195042
653468
446180
267673
366894
272521
582159
316210
539707
550617
540234
473293
560252
253774
75145
552110
326479
83477
75571
104361
492157
465867
133574
555039
184349
519691
320343
479427
249946
227502
551393
23135
638803
424790
283432
411601
80439
336889
645592
154186
473352
285062
427594
134274
308323
642313
127983
417100
377223
370312
403127
329146
11095
589887
541968
114142
270842
504986
642293
623337
589404
103791
599310
575697
247037
258554
301405
430031
170941
15039
92556
288434
184813
501033
69920
601270
586761
595562
484710
70123
287137
86117
647298
218260
383602
510783
603334
495155
442042
305385
396755
61711
579287
356369
26302
602867
320668
569238
561570
534610
40241
161917
573799
589162
300200
288385
114780
634657
139682
125132
433015
159150
615233
7148
3770
330876
319856
107062
324088
269786
583486
6064
639808
409202
99512
30644
352652
153937
197371
160649
426096
362760
51101
345064
518514
53211
583099
378999
623001
97085
651142
422230
371913
337693
15502
615801
422048
60048
13731
33281
399373
402401
327461
201042
348482
338363
12724
185119
34855
589925
475282
652814
198030
575724
395217
296960
145865
483912
592537
154211
114943
456276
640269
491490
186502
275222
251866
558429
505525
385990
180197
614720
428156
636011
380185
538176
532876
221071
631780
14379
503782
632787
222106
424745
368458
499061
567658
395211
534711
204659
149806
282242
444161
122714
445875
258273
521388
24140
437769
425867
616651
467512
521864
592832
442402
190155
570014
489932
278159
465652
568648
639403
624133
213206
276361
71785
162230
578303
236486
406685
436447
512379
119799
199762
293821
239102
644156
547186
314367
576237
227837
515000
146588
506148
299141
70450
179085
263634
491056
47829
432240
469246
428553
498512
116764
384764
616788
400283
400645
482633
218368
459063
600463
7140
570237
143273
298793
558594
539959
584533
616311
293048
430154
255903
229845
282850
486982
328624
533502
488386
13420
413032
286111
299256
536328
358880
580401
467144
362309
494494
25132
17749
54623
286762
154304
645045
355395
434120
182727
210892
219848
457923
310448
339269
387975
503848
59224
509132
369121
438498
214664
268295
151496
641794
325715
652788
320986
144016
332564
25949
592949
536445
475673
399656
380000
653215
182188
510973
381029
639553
542509
654393
385564
134049
330096
466033
507484
334
330974
154163
573382
100208
436768
174366
233663
616404
157580
62261
45406
330704
420552
214495
452368
39999
561862
535145
645854
613747
233437
261669
488875
87872
205792
77686
298114
361761
138386
17453
471437
13110
637929
145232
435093
284918
39107
309450
338664
560125
479952
51971
137076
204398
76288
299433
645076
337256
486199
447570
556997
141376
494027
577605
112400
227280
635765
511697
185198
369584
264979
321103
232761
183062
442212
510225
572756
101797
539266
166986
280059
590770
297863
129147
104771
309974
499825
653528
516036
574758
490099
586832
49999
609440
259788
603989
49632
468741
482140
653335
503877
250723
365198
240222
128462
162858
145496
359671
593861
598164
35889
52362
160641
167155
62186
254583
385171
378904
356142
221952
462982
541644
226934
56056
194203
90025
306288
102193
303329
144836
484134
18067
363558
111075
650
569639
440092
64843
435206
400849
310219
274765
581350
160660
261036
215689
505414
600614
556912
522783
646702
456880
492210
644089
4581
415529
484292
601507
579236
551787
619833
352176
4535
7244
356934
285260
295727
262409
601440
235385
561136
591701
327353
292905
498742
463976
215308
67205
173573
85870
193155
171587
417930
625538
449409
607288
513888
477021
271359
212857
554616
593358
296145
5939
519393
186822
6480
527557
339092
449059
599451
354663
329773
190488
200011
522021
294275
107168
61950
309932
304712
428250
308718
94028
332793
594273
104491
452037
389191
490593
98697
617090
406956
555136
161616
484581
511856
260463
251627
431093
61215
482098
28106
124905
435253
64437
636906
569112
410453
536777
581684
170049
556670
127660
270888
365861
467855
19753
190388
398799
234205
507920
427066
153617
95636
412252
295218
110727
213892
198604
70865
358422
500464
377137
541518
83603
285482
399386
443024
455990
477734
426921
61753
455675
474993
651087
454402
450121
337388
568801
653285
510554
401408
51743
476275
464362
508276
81628
428430
193805
498251
157531
448252
193326
5894
415077
74232
432073
606607
635205
154614
530352
231704
590123
516089
48445
266821
221064
514576
268884
448651
394811
639394
614586
280297
474204
543594
589093
44652
197970
209865
284718
110929
325193
434644
325952
436334
43543
574087
615428
404951
577628
86144
522616
78084
267393
212217
383773
197600
417669
240770
564127
415422
141097
220285
555365
253283
351141
425290
227940
192661
311463
140824
186260
40683
199209
210176
630347
386484
516018
29738
69819
533814
408649
125161
265286
353024
552868
39591
391067
469916
640871
528980
181028
465029
500221
478239
537489
592268
64507
68658
521928
165394
38365
262949
537314
82945
440298
2369
71917
229933
54789
554370
566277
495170
158911
342915
120709
184338
338169
481698
62032
194443
607270
281230
615297
649724
345151
188772
518243
104405
165181
514378
284194
132079
426721
480222
81966
181521
145015
248941
500331
467735
434191
4119
93155
146340
178228
95962
268904
49270
491534
516240
376351
58788
583324
632839
132620
461792
551772
353791
211893
313628
335720
262561
609381
487511
158139
383750
451339
91852
234897
593460
371702
142211
80468
339625
358931
219161
413149
45013
95118
358006
40511
577312
93157
441660
256379
262004
501278
327327
475565
331082
388566
498541
398005
403449
517222
621993
246884
378219
56539
235145
270040
547381
336456
479111
12456
304409
590687
147006
20658
284038
461656
297837
301451
438963
166716
492758
100344
259359
429921
542879
518737
472963
235337
80153
142104
566777
561860
623614
49799
351803
425120
465736
421962
504634
235583
117593
134075
7850
229586
60125
210690
411703
586205
550243
165592
87872
126531
636345
360103
119604
550991
258992
589314
170837
257701
330922
584984
569348
376409
145342
264344
639390
398310
511900
294823
348656
281119
460666
558020
332505
315141
223010
116062
615545
207146
524741
468809
518335
613920
408532
588480
109902
410722
506118
178022
485460
510182
544727
205050
446697
199395
484337
303414
391606
272524
106157
116673
50835
405060
556163
13655
43410
299805
483472
103355
178029
152047
261522
147455
231079
477457
400431
53203
417953
312657
612476
189598
475900
478976
145162
591936
321901
444913
95587
168954
384111
209077
327478
245108
419793
319255
3021
425774
276641
223935
61700
144421
146651
613003
283451
27568
90974
51794
385921
122304
326734
242523
526828
210036
300328
472701
284001
519841
433641
269044
330289
633866
433593
593097
117151
316693
595500
211427
634168
63620
591574
291774
48328
576403
165111
14581
89002
431957
640818
73047
302742
118381
488267
77371
157182
128716
362099
572249
334948
38170
369222
522663
86609
47652
123081
488955
387763
354284
163499
217734
633002
157696
590902
380457
80803
306257
621640
274311
565829
168053
374159
553026
603382
318389
419226
1953
165952
182656
61271
183300
210450
634890
438175
279186
647531
100422
311984
424058
36425
469892
65449
91935
104654
608757
447765
429540
364048
191893
406906
268795
95299
451934
84922
124956
535887
432614
413526
274073
259706
452370
484970
334373
635220
626327
270289
537803
356036
335384
36021
376160
590202
511268
515320
104811
234913
152833
207038
379806
239064
367458
287376
187836
62523
584475
7453
1082
541850
653270
476514
10009
148563
636893
529926
371457
155229
9417
13671
401067
14307
651185
120182
465769
101619
353955
52829
502515
383333
56470
556129
358494
603974
600718
603264
50977
79270
647302
319554
156115
504407
173201
476588
548723
513974
179599
263204
270828
321960
109689
296530
334746
348460
537329
339040
151246
434588
522527
209303
422907
96297
224084
595869
597234
377044
460293
559687
628197
321051
368034
272394
47174
277088
518145
527489
584828
33729
345476
70401
131558
589965
325577
497120
42194
273171
441870
87429
213528
42302
426862
636283
542012
638729
554175
560461
378258
339641
266242
536146
119319
36847
621211
2476
640174
477661
215285
457323
536002
160800
505214
527151
163417
27476
133773
131495
42755
475796
249020
579591
165262
297030
418786
575055
343815
244793
568207
203323
52051
291662
514518
20172
383963
389587
608529
187737
182738
288675
233907
482571
420578
497366
537422
604884
282418
645331
141335
468166
349968
535364
312456
513762
609595
479916
508621
44024
134321
638519
454287
367951
240501
29090
241916
326967
138582
113466
333195
383978
157232
384951
590046
310098
561899
607696
60551
62791
311980
385418
279107
213942
420081
1364
634436
152095
601029
71443
156032
153926
652838
3015
419193
569957
440581
237721
628037
585577
284396
375736
634073
643930
294796
555319
197905
243671
108017
137091
430488
334745
151474
264050
244569
647076
559392
254257
598944
224549
437715
633503
255773
445569
193936
174530
376279
641770
296965
614489
599237
166305
263336
421594
339506
62887
651229
493259
286847
405122
57391
324600
610030
587596
221105
348237
457037
222828
42519
331246
394288
3828
62636
135850
228099
354583
192572
180999
569736
95060
324704
624443
409608
470027
282615
13062
423448
414137
72369
302881
599870
134404
302185
302188
531340
540394
497594
239504
47210
229037
445507
460552
632422
297298
414472
353364
98709
302253
357063
623083
240215
642317
355401
158904
125609
92861
296834
14369
291664
647760
439161
497933
77991
310051
187579
585955
118811
300635
385382
336881
544108
151685
247327
519100
346076
263531
19295
493738
637129
406511
561342
338739
151834
9464
428211
323163
512555
455267
647464
334438
279953
187917
312515
572045
27813
640876
650973
391788
217280
146177
181200
32837
311368
37568
470859
243747
130655
357075
638162
455561
322271
509158
483312
584407
134131
562874
197280
616693
184198
607419
631629
95349
638648
56179
143240
291090
651164
320184
360716
455098
634580
513377
146901
198568
63981
422348
118449
168692
582034
214142
371357
260548
48517
237806
267431
587006
212631
248539
513079
497389
523164
625063
521376
267130
538383
333365
182002
198519
146697
95022
120907
41404
582255
610145
384545
550823
120305
590920
331849
44017
92610
202490
28545
202698
39276
154683
174109
651669
154367
156753
450094
563188
253660
573845
222915
129116
216032
399347
240610
440987
155278
459402
227697
298757
365523
449724
156443
547845
473066
153418
638959
435681
296502
103237
349451
107987
281471
267853
471819
126080
538621
213734
290972
506161
409857
