60620
62983
69963
68439
65330
66332
64571
69981
64879
66295
69291
62988
70643
60520
70876
64314
64740
59342
64045
62128
63544
65086
68674
66216
66544
61946
62649
71430
63126
70963
64739
65543
69043
69703
65172
64263
65352
66643
68456
65549
67563
70904
66785
66557
60558
56915
66808
65225
63849
66334
65338
69231
65818
63088
68780
64824
67261
63971
63406
65811
65578
67108
64655
59518
64117
68137
64561
64728
68768
63203
60480
65009
63949
62369
64961
67146
65505
66541
71478
64412
66448
63867
62762
63619
63967
66713
73233
63189
64170
65329
66832
66399
69743
57585
57714
63911
69131
60405
55680
67407
66334
61963
62306
62358
65898
63483
67154
56181
62728
61846
64696
63772
68150
59443
65685
67365
71619
63957
66599
59625
57698
68304
65517
69397
61035
67239
71659
66911
66442
65564
60388
69977
63534
67189
60414
61671
70238
64397
70298
65279
59500
68459
63603
67825
65618
60479
66074
72732
67151
65347
69059
66226
66222
61958
66302
68928
62796
70203
65235
62626
68805
64596
68024
64579
65339
67153
66489
58997
61861
68581
65103
63819
61084
61997
58910
65204
63575
62368
65312
66728
72394
60581
69335
68724
62983
66201
64036
66144
70481
67520
67202
64125
60673
64852
69489
60531
62078
65949
62309
62939
64147
61061
62343
67840
61252
60300
63471
67934
64890
64013
65681
59815
67157
66792
64194
68832
61841
69231
66042
64433
65470
65184
69534
62007
63037
68931
63584
68486
71104
64219
67768
61755
68009
66189
67086
63420
60092
67185
58774
64496
68620
66164
71920
68895
63393
65625
65380
60351
62454
63698
58863
65691
64719
60054
66860
67881
66279
64474
67474
67764
66543
62833
66442
69453
63580
72410
63813
65642
63332
66267
59827
63746
61957
65979
68794
67652
57764
72227
66503
62991
66050
66113
63350
66184
63545
64210
63287
60841
66013
67453
67223
68222
66598
63790
68287
61087
62584
62376
69075
68625
67132
69048
62654
66678
65125
68311
65158
64274
67308
68407
63345
65335
62067
57350
66192
67531
66394
59147
64386
58266
70024
61977
69649
68635
62584
61824
66684
62769
65871
63953
59699
58227
66278
63695
63723
67816
69381
64642
64419
67174
61089
66267
67344
67764
59189
63041
62658
65863
67111
70440
63914
63905
69303
66507
69689
66482
61744
61167
60452
67705
69430
71595
68298
69346
63635
61746
68321
66904
65888
66805
66595
69742
69779
67319
68307
67220
64024
68015
60966
68989
61621
66472
62766
67349
65424
60310
66914
63642
68423
65540
66831
62398
63604
64033
68343
71032
62897
69064
58426
61622
62394
61104
60346
66889
64834
66779
67798
66406
67691
65308
61646
69002
63605
62470
64953
62544
64168
66663
66677
62593
63937
69056
67162
72335
69403
69285
60988
68039
65361
63730
66086
68633
67177
62657
67968
63446
66246
64541
64818
68046
62127
71910
59568
63577
66749
67450
65206
65347
66881
64778
70101
68286
68396
62370
65275
64551
62240
66716
63774
67683
62029
71168
62598
66254
68130
63666
68329
61508
70294
65582
63581
64555
68186
63620
63080
64810
61679
71501
63680
68261
66222
62309
65516
68105
64919
69445
68883
68547
64029
61997
63525
66179
67324
58420
65509
66054
64626
69767
66918
69829
64828
68607
70893
69834
61957
64704
64404
67139
67785
62787
65758
58917
70260
63857
65719
64521
69291
56238
65481
65189
64049
71192
62628
68065
66703
69669
63349
63134
69127
66929
60473
63768
66802
68281
63310
55986
67250
61537
58925
56255
68203
65957
64796
70087
67624
70832
60972
65422
60238
64784
64721
67589
65685
67578
67841
72597
64502
62452
66342
62907
70392
64607
63682
63991
67890
65019
63433
70993
62730
65652
67673
60190
67109
62078
68232
62381
67806
69159
68358
66359
64778
63647
70356
63243
62137
67716
62927
62422
60805
63953
65264
66332
68653
67262
64910
64886
67207
69705
65949
63998
62282
60800
67719
67429
67427
65114
70146
63949
68666
65409
63542
67477
66878
66705
65802
65411
73362
69416
67904
65902
68836
67233
65621
64541
65270
55147
66226
63935
70754
65599
61640
65372
62108
67087
66489
68674
62944
65647
61063
67834
67236
67160
65541
66895
70793
64601
65990
61976
62690
65856
69153
64696
64762
64202
63783
66502
60629
69733
63355
67901
61374
67727
67737
66794
62277
66353
61659
64707
68909
68146
65585
62341
67651
65599
57932
68100
65456
69476
61947
55126
66450
66491
59996
62329
74564
64534
67931
63403
58686
64978
64665
64225
65160
66401
65044
61394
67129
59148
58817
67958
67197
65347
60963
63216
64675
60306
63114
67673
70212
64161
68014
59264
67696
62901
66543
64724
69862
62670
67592
64620
65017
64933
62764
65489
65330
66326
65812
68150
68562
62093
68382
61648
67462
67566
59272
65840
64000
63049
69962
63394
62893
65784
67782
65071
69357
67275
58398
63801
63694
67106
56935
73888
67276
66023
69407
73215
68389
68645
65964
65072
63976
62828
63284
61110
65287
60015
66161
65416
66017
63825
75618
69992
61457
66299
63543
62211
61144
66952
63303
68707
68792
70038
62742
67093
67608
63982
63007
70810
66281
67619
62842
61540
63670
65129
62048
65503
60003
61865
67734
67514
64251
62200
62169
64312
67647
68577
63908
61756
66413
62837
63837
69878
68246
66053
61368
66228
69018
64305
69963
69772
70987
66536
67460
70170
67002
63893
64066
66317
61307
65066
69129
58355
70564
69213
64029
67316
65546
69566
68756
60948
67460
64862
65807
63149
71264
68944
63111
61162
64272
66959
66323
69642
68124
68713
66607
60983
64894
69009
65367
67184
64491
62161
65131
66548
63387
64763
62457
69203
64571
70296
70545
65270
62231
58700
60712
61034
70052
65915
66812
58260
61610
68442
66475
65053
67386
70896
64811
65763
66167
73374
58656
67774
65159
67393
63381
65375
67867
75736
68183
62757
64147
64050
59652
64454
67937
61360
68971
67134
63130
65072
70773
67939
65564
64757
65787
63859
58639
72227
66044
66840
65346
63127
64926
60295
72997
61490
62154
64093
69756
65583
61485
69646
67931
67300
67881
73381
72696
63285
70857
66791
67171
59990
64977
62872
68249
69045
58738
65463
69212
64924
67924
66686
66655
64646
61549
61860
67860
65599
65082
64146
64535
68966
64437
61141
67972
64864
65638
70803
65468
66483
61672
64816
67533
60439
66194
65866
65671
68934
66631
70379
62280
65981
65812
62032
68669
73153
65480
67190
65812
63197
59569
63223
60974
71120
65158
64402
68449
61860
63023
65759
68907
67179
66349
65791
66847
66196
62160
65686
62017
65801
63961
73857
65405
60934
65096
67237
71019
63604
60350
68212
61012
64106
64691
65307
67794
63295
64639
65489
66026
65856
66964
68301
66822
67022
60351
65700
67107
67924
63267
63376
63654
67293
68923
64200
68511
65940
65128
64843
67982
66602
72993
62743
67233
63801
62687
65500
65986
75098
64932
61832
66430
58737
65234
65588
68139
68726
63885
65042
63025
61839
66551
61362
64177
62275
67337
71438
61270
59464
65126
65587
66252
64073
64878
66740
68945
59129
64327
66236
62527
71208
63453
65400
67357
63598
59485
64131
68909
64432
62762
68569
64452
63864
66025
68061
73340
68246
69336
63878
62174
65740
65887
62001
64961
66844
66716
67188
66489
63874
63852
61607
71384
65580
64799
62492
75155
62018
64130
66898
67502
68674
71459
67194
62075
64694
66544
72313
60955
69476
66125
68281
65201
62775
67996
67680
68721
65492
63570
60428
68220
66925
62371
63771
64006
60676
62856
61820
64184
63115
60204
72163
69640
62983
66428
66903
69438
62853
69114
63740
61158
67908
69765
74016
61604
67826
64193
68102
60717
61398
62993
65794
63435
67695
68900
67500
70840
66898
61548
70003
63553
68519
70692
67032
60633
62527
69870
64981
65796
68022
67817
66449
64852
64511
68347
67349
64692
69081
65113
62745
63049
62328
64643
69578
62897
66153
63384
64683
60587
64813
64901
67306
66267
61609
69088
66225
66186
65505
63839
66249
67094
59811
63770
64700
66375
69446
63007
63904
63856
62909
64398
68061
62082
66937
59959
63696
64456
71024
64635
58322
58986
65647
67547
66766
66085
69344
63767
68468
60188
62570
59614
64635
65384
65909
65738
62496
64912
60629
70003
64541
63934
70742
61465
61847
61943
65313
66950
67959
73963
58165
67530
63710
63614
63505
62558
71055
68296
65612
69963
60579
61175
58399
63244
66065
65873
66025
60912
68167
66321
67938
59333
66556
61643
64234
67287
65834
62745
65556
60517
69305
64863
69201
63810
63820
63031
68407
63211
67648
64282
59061
63667
61672
65647
61635
68570
65237
64954
67685
68694
65470
63008
59723
63287
63513
65886
64405
67790
63527
65349
69415
66656
65339
63563
63461
62748
63763
68012
64808
61113
71329
66584
60925
64088
65899
71121
61904
68734
70121
63476
64626
62140
64869
65416
67697
69108
63084
59089
65466
66497
66353
64465
65944
70501
66786
64312
63896
64979
70899
64935
65471
63955
69137
71957
67012
65807
65656
57723
67977
65975
66939
63204
64276
64189
68883
64294
72360
66947
61355
65114
63400
58345
70777
67840
67283
66077
61007
63951
68294
62091
57239
64791
65071
65980
67923
67625
66383
69453
60558
67189
67589
61474
60611
63091
63368
68004
63522
62729
63531
69201
65578
64948
65175
69769
63081
69846
66225
65010
73730
62076
64377
61497
68657
71071
71008
69546
64888
64339
60059
72207
67072
63923
69887
62348
66868
64970
67628
65327
60781
65783
68972
65440
68075
62110
65449
63489
67983
65639
67797
69100
67802
66430
62265
65526
63789
64408
64308
62324
59122
63346
66169
61118
65587
71762
68888
70921
66817
69361
63163
63424
56560
69422
70583
63723
64703
63065
66789
69222
59825
66877
64629
65907
67040
64919
65196
64835
68715
66908
66258
61371
64295
68480
65659
67697
71324
68939
65841
63861
57168
64984
64467
66815
65031
64486
59705
62455
67097
71158
65216
66610
68657
62878
66737
63109
68369
66032
66513
62971
67852
72367
62233
64422
66294
68112
63702
56252
69989
68028
59824
63545
70674
70280
68611
64958
65807
65106
69233
62666
62895
68846
65390
70052
63335
65356
62513
65560
60691
63938
60829
67809
67884
59866
69906
73719
65686
63435
74790
61214
65601
66124
69943
66714
63902
62419
64415
62236
65692
63687
60640
69648
63905
61380
64984
65760
59813
66622
62104
71142
67252
64225
63094
65192
67543
65452
64824
65727
63557
64411
58701
68726
66515
63001
71757
65821
62140
68343
66840
66828
64140
67012
64678
67357
59293
64114
71179
63022
63557
64068
61555
58299
64780
65981
65363
65061
65677
68887
64911
63654
64614
67434
70162
63477
65860
66644
62283
65602
60733
59739
66737
64278
66198
65477
62336
65387
61495
70093
61092
64894
62120
67405
64449
63836
68331
65632
67228
62320
60932
65887
64491
67588
65274
66207
60216
71724
64997
67821
62796
66545
61266
67017
64369
65631
67823
61497
63293
67034
72411
65083
67473
65185
71900
59810
65846
60209
57322
66510
65993
64602
65188
75688
64690
67207
63408
66503
64755
64190
71496
69393
65984
57985
64353
74393
64780
69151
70260
66253
62777
57555
67777
62866
66113
61440
64666
65646
66416
61882
69458
63580
60049
65178
65648
66062
69999
64761
65144
61921
68224
66139
64159
59294
70269
61513
63598
66710
61615
60642
58576
67898
63749
75128
62277
62516
63683
66332
63995
67542
62329
61008
59643
58249
63838
64549
63466
69610
69560
64438
59657
63679
63570
63382
63249
63394
64269
63453
66218
66716
62552
69701
62324
60234
66783
62857
66588
57659
70098
67738
60619
60690
71015
63119
62802
58110
64386
64789
67880
60951
60554
67013
68834
60387
69079
65659
69113
65305
57271
65038
69009
62607
64264
64958
56034
71012
62582
67193
65251
69656
66866
64766
62608
68150
59397
67652
61934
69639
66064
67646
65804
59793
62715
67739
66082
69405
66857
62368
62927
65873
57953
71019
66983
69556
60356
69614
72848
61207
68063
65539
60475
67151
68267
63566
69356
60074
60637
65983
65619
63187
68188
67275
68347
65132
67510
64075
72265
62873
72434
65650
61028
70018
65948
68324
69546
66643
63595
68733
65538
67783
58478
67000
63443
70953
67577
66321
67129
62264
70855
72061
66823
70747
63671
62924
65670
66961
64244
67298
66539
62264
67235
68365
66097
69313
61546
67069
61701
61885
63468
62449
63740
64834
68279
64483
60340
69271
62793
65343
66999
66190
69121
67105
62713
72674
66172
65053
68694
66353
66844
73702
64634
64494
65918
69047
60599
59095
63612
60181
64143
67182
62617
60860
65763
68362
59981
68223
68214
68662
69528
72751
64369
65895
64171
65542
70558
61128
62714
70048
68878
64346
68335
66654
70452
65780
68896
74193
67495
65697
67903
64339
73360
66126
64641
62797
69131
68377
63906
67424
60592
66142
67019
71130
63010
61347
62601
61156
69915
70610
66585
69537
65974
65224
64444
64518
60464
66401
65403
67978
65842
65002
62681
65772
67955
61789
65822
66299
63183
63609
66291
61822
66682
62602
69018
73196
62715
67286
63154
68947
61390
67110
62675
64857
62157
68230
62793
67344
64408
65160
66020
63039
66225
70550
62986
69375
70444
62861
60768
66525
63742
71659
65650
62907
61776
69107
63664
65679
68667
63949
65385
65481
67775
67471
64814
65744
64317
60694
66380
71736
62640
63002
62682
67910
67005
65016
62527
65838
60409
66005
68391
61436
60514
70711
63531
69258
65031
65005
66972
62639
65970
64285
61209
66641
64673
65021
61570
70750
68408
68695
64535
59869
71935
65335
63082
66901
69360
65460
69725
69084
62008
63328
68673
56647
65046
60847
63974
64556
64362
63726
61940
73046
71655
61728
70720
64227
65959
65328
63374
68759
65948
63974
61261
62607
60157
65576
61614
64665
70025
69465
65430
65250
71695
67242
64461
60863
66826
68253
63466
66490
64344
64932
57383
64809
68712
63467
65708
63058
66717
64826
62458
69902
68579
63553
67167
67296
67640
59984
68834
63669
64363
74179
66525
64270
58309
70089
61128
62247
64450
70177
68069
65018
66546
63568
65993
65776
68710
68705
67154
64348
67966
65234
61990
64214
65812
68518
64934
61573
65721
65907
66144
68550
68874
63588
63517
62127
67825
70283
64503
64744
70342
67192
66965
61633
67760
62491
61820
64399
63616
64809
60814
68677
69231
59154
68742
62880
68344
65311
65630
64929
69507
61474
67527
69144
67883
73153
63802
68672
65188
69577
65510
64265
69815
63925
60906
63842
67564
70097
65900
69855
61085
64083
64590
65160
65811
67799
64078
65991
65388
62502
65163
65065
64995
65640
65783
64119
69706
61703
63173
74645
62134
61100
67942
58729
64765
72567
60473
59041
60623
68479
69221
63856
67774
70091
71392
64728
57994
62846
64137
64687
64920
69202
69712
64973
69135
66707
65747
68506
65772
72279
60822
63847
65121
66976
69690
65456
60875
68296
68009
59172
65523
60325
63358
62577
68187
65918
61323
68419
60837
66617
62868
64337
67188
67244
69916
65266
66540
64101
66132
66976
65213
59625
66622
66730
63307
61327
70372
67146
64785
61810
62843
69804
65987
63731
67206
62867
70453
69968
64007
63475
56956
60681
61146
65978
64466
61127
64614
67191
67265
59311
65115
61003
68490
68105
62593
63025
64024
58154
66636
64641
68715
61936
63507
60599
62245
61662
68799
63247
65942
64288
61376
64984
67499
61578
68187
62751
63953
67274
63362
65659
64504
65959
57734
59540
67554
68934
62552
64736
66501
67807
58891
62632
64446
67840
73722
64788
60925
66854
69864
65889
62565
68675
67710
62173
66785
68803
69408
65318
64362
69557
61570
66973
61046
69027
64690
69692
67146
61527
70204
70619
68427
63040
64533
66012
63230
71081
66008
56677
66648
64395
65290
64328
68180
69204
66463
64424
65400
65600
62906
67433
67043
70583
69649
63289
68223
62419
67816
63843
62183
66453
56771
59798
64954
65806
64325
60360
62855
66817
67442
65482
69326
66838
63086
64616
60939
65181
69180
67781
70130
64543
69946
64902
70358
65464
67853
70369
64902
66251
69759
65100
61207
72558
63996
66056
69324
63542
62233
66367
59660
64592
66338
64651
60478
70759
65875
70225
64683
62652
66418
64828
61676
70352
63496
59505
69888
63883
63544
59751
71240
61310
65727
68526
66917
65340
59959
62882
66151
62956
66202
67769
68689
61518
72733
68050
65530
69106
73286
60821
64797
57742
66167
66733
65407
63391
58820
66759
70305
63599
66977
60397
67034
64246
63037
63044
64246
66789
61236
64234
65400
61934
71423
62739
63342
62330
71429
67347
62466
69160
66193
66378
64407
63080
66642
63749
71489
61376
70569
65171
66516
68266
63470
68367
56663
63176
62508
61428
64831
66800
67838
66325
63354
66745
65943
68603
68081
65635
62595
63396
63734
64502
66414
67879
65368
65588
66005
63845
62503
59783
63258
67086
63232
64756
67064
67242
61998
68803
69230
61833
62836
69438
65054
58262
60949
64718
61724
64181
65642
70327
64584
69050
70217
70235
66469
59102
67046
68971
65270
71252
68353
67398
69095
66628
57367
63900
69458
62889
64803
62112
71381
71045
62639
66018
63306
67551
67206
68195
66623
75154
62167
59930
64247
60398
60645
62254
62514
62407
67234
63877
64947
68466
63024
64669
66734
59173
57721
66670
67148
72300
66054
68222
64895
66509
70999
58576
66891
72533
66460
70944
63474
65430
65645
58269
61708
61941
68229
68393
66597
68236
64998
69474
65564
65725
64665
67778
64155
68735
61826
61935
67788
65245
64048
68452
63546
64879
70120
70579
70688
64611
69568
62426
62564
57834
71017
62704
65121
62553
67813
64305
61260
66983
60837
62791
58632
60869
66121
59098
60682
65528
63754
72063
71545
62691
67361
67991
63578
60635
65495
64969
64108
66985
63076
61761
65893
66800
61680
68577
59734
63641
64690
63451
63684
71667
62747
73535
66968
65837
67096
73826
62280
61864
63062
65641
59880
65609
71085
66032
64576
63510
68480
62829
71586
71871
66377
65498
68913
69123
62894
63810
61202
66876
67720
61112
64044
61121
62590
67341
63132
64550
60203
66148
65390
63147
64916
66126
62865
60698
71452
63460
65218
68848
77100
61458
67009
63217
63770
63176
61847
65400
60704
68638
65716
66920
64008
64332
66478
61721
64362
62719
62617
58622
69924
63286
69348
69038
61322
61969
73926
71273
65432
66379
63468
66952
63185
58876
61205
65605
61829
65315
62014
62972
68331
66346
65504
68416
67110
70276
64029
64128
61272
64130
68697
69795
68682
59656
69085
59511
68478
64330
67838
61169
69373
60735
63345
62265
59787
65845
71454
74274
65854
69195
66296
67170
64414
66175
67297
63640
65282
65344
68243
62042
65367
71801
69350
69956
65616
66587
68820
70648
59140
61225
69826
64628
63334
61426
63717
60940
72388
65462
65346
67463
68689
68635
69054
63468
64559
68055
63807
65519
66842
68108
59710
67878
64770
67854
68081
70804
69971
69948
70266
66490
65641
68396
67934
64523
66862
65420
62737
69764
65716
72249
60209
63711
65642
69262
66844
66553
61842
61744
66592
61066
63793
67177
62317
70796
69546
60386
62480
58045
62971
68047
64179
67045
60547
68150
63717
65575
65231
61369
61757
68707
66843
68976
66599
66004
59880
64650
65446
71935
67787
70569
67494
63205
65919
66310
62458
64276
64861
70797
58717
69487
62466
61039
69402
67934
69646
68159
72285
67366
65023
66659
69610
62982
63399
64523
58639
65988
59355
65709
68371
63973
71031
60750
69439
67748
59912
74418
65327
62660
60925
64815
65118
65872
64560
67610
64265
59195
65046
57778
66695
62327
66071
69841
62427
69013
64115
71280
64339
62781
67787
64108
62778
63970
65389
69934
59198
65611
67583
66169
69828
65292
64931
67476
65861
64256
67227
63397
63533
63805
69969
54981
66832
65648
60028
66550
67094
67468
56846
70013
63118
67785
67964
62663
67700
64272
58748
69362
62996
62735
64215
66428
65348
67331
61146
63103
65155
71755
65163
69092
65662
63951
64727
64984
67514
70040
66714
69425
62374
64177
63162
66566
64359
67927
62485
65677
67786
58768
72488
64608
58900
66054
65645
65267
68783
67985
66512
67011
65194
71353
60688
65993
65749
68200
62770
59822
66049
66457
70417
61373
69319
73293
64298
61305
64202
65581
67383
63598
70632
61883
59836
69162
58082
64867
75752
65496
61863
65347
65369
66062
67706
62131
71065
66339
67917
63477
69751
64693
66445
62478
62269
67791
64082
62738
63428
67826
63474
65150
65585
59253
60715
66637
63120
68998
68704
67892
71499
65263
67662
63621
73571
72035
65574
66802
69990
65053
63384
68399
65793
66135
62802
59907
66309
68501
64796
70242
63229
62079
65315
65265
68059
62996
70018
71981
65407
69631
62074
69059
68967
68365
65485
55855
63433
63485
62330
65936
64163
62833
62066
63191
69210
63369
63848
64039
66646
67031
55559
68883
70242
62094
62349
64060
63058
66269
59157
61872
70579
62494
69610
66700
59607
67617
65150
64043
66338
67091
67854
69396
66873
61028
63983
75179
67910
73299
70108
66328
66523
65416
59841
65595
69503
63571
66885
68326
62555
64057
62200
62841
61316
62585
70187
62536
65950
63888
69398
69832
68367
66539
64778
61630
71904
63046
67710
69007
63716
68937
68040
71198
63998
61322
63879
66220
65726
64246
59279
67077
71998
67057
67532
67411
66837
68588
66831
64511
62927
64720
66565
64500
66566
66975
68266
69739
65791
61250
64405
65680
59520
70086
66002
66785
70010
63471
67417
65175
64932
63005
70993
64305
67828
59391
69402
68983
65855
64792
66846
73035
59758
68098
62548
65470
64723
64132
65501
61819
68908
59656
67304
64466
61699
66199
60434
65666
60873
67047
62507
64058
66499
63004
65346
60575
67603
71319
74685
65834
68118
59701
70460
68079
63950
69589
64702
64035
67093
62051
68883
62075
62095
62555
68024
63514
61118
63551
65431
61666
61762
72454
62716
64477
64332
64155
67572
68642
64533
61484
69712
65223
71205
58177
66176
71822
64378
64797
66504
63704
64513
64429
63480
69562
67046
66357
68185
64669
62999
63561
65541
62065
63896
63844
72497
56446
64947
71190
65935
68004
65863
63349
58189
66209
62994
62913
63900
71253
73416
66247
64013
61678
67071
71378
64725
57740
67731
68764
60339
66114
67014
65296
62944
68865
64214
60669
58820
69667
67556
65824
64093
63802
62011
64122
58588
63124
64517
67534
65405
68140
69956
69003
67077
65574
62322
67960
71040
66657
71818
60537
61754
68338
66402
69841
65485
62691
64836
60513
61837
68722
68395
66725
59896
64361
61521
69391
63623
61978
65633
63438
70397
63128
60951
58481
65435
63694
60853
69432
67722
65443
70006
67707
62839
62130
68216
66834
66092
62762
67528
63060
65201
70277
63370
60381
62087
68794
66370
65113
63867
67126
62753
66537
63139
62594
63447
64305
65375
66307
53449
62889
64252
70467
61997
66069
70434
61233
66826
62907
63882
62904
63137
74455
68303
69146
67148
60272
66830
69051
62739
68699
67843
71604
64167
61939
64351
70240
59544
58758
65828
64085
65561
68633
63725
59398
72235
62268
62065
69152
64276
65328
67118
69086
64443
70516
58537
68025
62785
70032
66001
63331
67708
68462
67639
62161
63949
65522
65400
67992
58933
66631
64585
62788
63103
64833
53735
63238
62666
67281
62896
64831
70589
68794
68492
63898
67315
64769
64893
66878
63579
70428
65011
67562
70305
68916
60919
66993
68323
68458
61887
63383
68794
63039
64553
70699
65379
63154
62660
66626
61167
64725
66627
69793
67723
63196
69397
64554
61486
64972
70248
66077
65577
70900
60845
61323
60241
66757
66081
70591
66333
64211
65541
65921
60057
74417
67239
66224
67551
67860
65075
63467
67500
66799
62882
70185
66497
67927
70097
65607
66574
68190
63160
65713
65947
62403
73130
60924
61282
69842
67873
62174
67525
70345
65436
74051
59886
67809
69358
68456
64866
64584
66991
68209
67510
68944
62197
64789
62455
64270
68862
65889
74078
66169
65731
65883
63446
65346
69231
65909
62935
62504
64060
65778
69447
61143
64487
66008
59527
62804
63308
62927
66164
65009
63716
66938
71182
70907
59235
67426
64952
66044
64230
65921
66032
63638
62598
64065
66303
67498
68332
63916
66466
68689
69355
65343
64812
66162
61768
64901
67975
67639
64650
66249
62833
67841
65280
64631
64350
65329
64068
67692
64240
70755
70337
62614
65764
63403
64465
72097
64528
66716
67309
62257
62734
61584
62632
56197
67320
72267
66020
60895
63429
64032
62201
68354
68191
61749
67911
70539
71770
74924
62580
74790
64375
63594
66607
63628
66843
61210
64753
69748
65349
65999
67093
69372
60112
67451
64657
66082
69009
61622
62217
59193
63736
69895
65140
61144
63944
60660
61848
66810
61689
69181
65302
65816
64623
68068
68102
66633
67386
64841
67312
64428
65543
64636
64037
63277
67068
69830
69373
61418
69760
64493
67504
62566
66001
66564
60671
67529
69946
64963
69993
64914
68319
58266
73461
70436
64603
59073
66479
60804
66993
66884
62451
69209
68175
68733
65565
60897
68740
64650
60981
69966
72415
65400
72611
65835
64289
63470
70900
62979
67945
63703
64027
68911
64290
64209
69247
70770
67648
63390
63862
65797
66587
62298
67905
65816
59913
62492
63884
65297
71726
66316
62780
66258
64382
66600
67438
69498
65456
70906
68511
63217
72777
66607
62799
70952
72344
65427
63885
64971
67878
69723
67405
65869
70444
64510
68914
64592
66948
65163
65352
64299
69942
63134
63110
72486
68740
57720
63683
59598
62420
55251
65087
61794
65732
60210
65807
64176
70457
70160
68109
64465
72041
60447
60936
65261
72922
64872
64935
60811
68635
68659
68121
63474
63220
61298
65810
61995
61677
64147
63933
63773
67064
65795
64591
66135
62286
65880
66029
60610
68798
62647
65831
69351
68569
65648
64348
68640
67746
63509
62931
58745
66040
65265
69259
66712
69908
63250
69265
63802
68084
60755
66306
59032
64660
66978
63828
62093
68308
65196
63931
65673
74175
69315
69345
66963
66081
57684
63311
63961
59392
61743
59045
65410
68218
69162
66895
62379
59205
59779
61377
62623
65012
62212
66646
64774
65570
69272
61668
66908
65490
64443
68436
68416
62434
64939
66457
64641
67453
66457
71540
60521
65134
62559
67515
60236
66670
63471
63130
60796
64012
69089
65453
67592
70990
66400
63704
67067
63752
63883
60555
68571
64271
66132
62141
66964
63039
65071
68412
68127
65463
59742
75342
71256
67904
63067
65163
63755
69677
66396
62966
63993
69209
70779
70544
68016
64708
54914
66509
65530
65994
65712
61190
67362
67607
67771
68637
67515
64192
65303
65834
65888
68806
67645
72343
72766
65796
