67163
65082
67658
70526
64768
64768
70710
68050
63997
67313
64017
64009
66328
59266
59883
63693
62217
66565
62560
60908
70338
64796
65757
60867
63752
65899
61764
66767
63567
64580
63564
71605
65491
62070
68231
61535
66220
59114
61183
66181
67955
66097
65157
64549
60691
63177
64026
68999
66661
59758
66597
64274
63317
67540
68914
68587
62786
64522
66621
68732
63965
64927
61910
61616
68198
69980
65300
68824
66721
63422
66720
70575
65418
70663
56951
68229
65821
64556
65836
59023
64816
66706
70378
63837
62886
63891
68535
66613
63800
67217
65854
68710
63235
64462
64251
60740
66506
66391
65552
64767
60898
64157
64412
62907
65007
66859
71716
66108
66379
65292
59248
65449
65733
73607
64905
66524
65422
61706
69280
67999
68128
62556
70132
60942
67459
72713
62290
63680
65862
63886
60454
65760
62055
67087
62523
70614
62969
64480
68201
61502
66281
69819
60268
66141
66387
68097
61482
61209
67246
66509
66356
66671
63307
66297
66496
63195
71649
67088
61632
67687
62342
68115
69332
62846
68692
66888
68229
71751
64731
63066
62621
62862
65283
66653
66442
68246
65578
70298
64668
74449
67586
62727
62026
67116
64803
67875
67086
65297
62761
60572
64072
68342
66237
61453
66103
66798
62639
66039
65726
61790
66708
67373
69084
68989
61021
62462
67223
67219
67223
78160
67406
69257
68662
67670
64502
68022
63003
64759
63945
65804
73120
59417
67784
60251
63989
69104
65746
62004
63192
67762
63142
66245
65685
63400
72561
67613
58900
66146
63367
68329
62939
65160
67190
68372
61602
64439
63979
63395
71321
66863
61404
68543
72489
68919
60557
63949
69687
63217
66990
68074
62498
65340
54915
62179
64708
61447
70885
60849
64094
65964
70258
60830
69347
65569
62319
67050
66188
63569
65764
64273
65907
67705
70733
61479
72525
59139
65038
67463
66456
63495
64854
63920
63604
68319
66705
63265
68483
66542
68199
67599
62819
63700
67984
67536
65467
65920
69722
63597
67328
64873
64822
69136
68240
68201
69813
65604
67770
64519
66598
65109
65853
67486
62854
72392
62239
61557
69330
68130
67581
67594
65495
62595
65784
63317
68731
65054
62831
64482
66889
63688
62841
66334
66338
63874
63992
66296
60790
60924
63181
64836
66554
70370
68346
65011
65473
62250
65475
64590
66593
62825
67237
70558
65179
66852
67797
64221
66270
65577
65856
63003
65616
67167
70291
68679
72591
63021
68394
66136
72711
62887
62784
63571
58576
63813
63048
66028
66655
71683
68650
63645
62592
67147
61209
71537
69400
63998
59922
69972
65160
69592
60311
63571
65553
65689
64061
67576
62037
65069
65930
67221
67867
61850
60509
69722
66624
63083
70618
65915
69400
65757
72288
71287
64720
68719
67650
70020
62374
67784
69004
59772
61658
58853
64653
67887
70458
65778
70872
61013
59954
65353
66794
65428
58761
65243
61261
67730
66737
62456
63852
62065
65330
68665
62305
67187
63798
62937
65185
62143
63721
61610
71974
65651
63243
66237
65167
64811
67548
68018
63797
63649
64634
57993
60571
70014
70926
64719
67425
66555
75624
69204
65116
62404
60271
66202
63057
60875
63417
61991
71064
68424
65509
70385
65789
62713
70526
67301
62137
64912
62666
61004
68570
71792
60953
67380
63403
63939
63594
62704
65694
62813
66422
65371
64753
62562
63646
68011
67177
62332
65861
67998
60065
67316
63364
67405
63034
59621
60202
65693
66387
62572
67628
60091
65319
61567
63400
65691
62716
64275
68833
63645
68274
61834
67272
70259
57436
62924
67426
64870
66752
63556
65819
65025
69362
66369
66642
64186
63938
64118
66828
64156
66485
72336
68390
64467
69472
64198
58857
62232
59405
64384
65596
71029
66607
64818
68253
58290
66308
68061
60690
69283
66645
64175
67609
72976
66131
66349
64030
62751
68256
62730
65770
63970
67105
66629
68935
63864
64651
62328
64080
66772
68016
62514
68385
69978
66890
71685
63000
61457
59707
70438
67680
65353
66453
61847
73550
65959
65894
67914
67112
66269
62945
67080
71703
69944
70756
63860
62293
65123
65718
69121
59990
70548
65018
64137
62219
60113
68233
65776
61309
61292
64435
71005
64685
60610
64730
64642
56698
65358
64779
67817
71594
69227
64654
61910
73968
65730
65581
65456
66185
65062
63656
63744
65428
63755
63200
65884
64700
70464
56849
69112
69619
58741
64413
64318
60923
62987
61896
71277
68602
69702
67900
61836
63817
67139
61531
67872
64748
64307
67865
66991
64353
69334
61993
67554
67479
64521
66604
61436
68563
64930
63823
68973
63228
60920
60435
67521
61340
71286
58713
71094
66227
65219
63750
66843
65412
69151
65910
66028
64344
65349
66544
59932
61118
67971
66095
64933
65596
66674
63767
62985
66177
62330
66873
59956
68908
67084
66374
68756
70993
68859
59503
61343
63488
65621
67232
63157
66148
63060
63532
60926
62510
61106
62338
68988
62425
74161
67152
66141
62723
67830
63649
65935
73924
65221
69301
63231
65421
71338
63481
71475
67855
63692
67608
68722
67573
60390
63153
64724
65292
67569
66118
61160
66781
67536
67370
69077
68268
67040
65306
60093
66943
66216
66425
61352
61993
68986
65406
67769
65628
65633
68610
63845
65850
64021
64112
64522
66263
63967
69650
62604
64923
64095
70277
66180
68917
60668
66411
68451
65805
69027
63840
70154
73069
64347
64076
70298
70711
63822
64159
64612
61130
62525
62245
63020
65422
66303
70616
62264
68761
64834
65373
67747
61857
66789
66081
67149
66483
73581
63446
63796
63494
63715
63447
69432
70190
63665
62808
67080
63726
67609
66200
60569
70606
71420
63528
64265
66472
66631
67693
72123
64956
62920
61016
63140
65427
71416
63839
66269
65482
69430
73816
63796
63932
68957
67770
71587
67449
64358
67471
69169
68224
67198
69031
69367
70065
67661
64988
66016
69489
62859
66744
64247
65630
69725
66162
65688
61080
67981
67651
72624
64527
66254
66353
70705
65223
66450
67527
66147
64073
66171
69054
62172
65971
63241
69451
60544
63704
66772
70665
65320
63716
71700
60791
58330
66977
63890
62189
67857
66334
63687
61340
68394
67666
65211
71587
62029
60537
63268
65386
66333
64745
66689
61434
70266
65266
69197
66659
67032
67403
67003
67642
69891
66179
67859
65241
70254
63319
71437
65404
60847
65955
63304
68290
63397
64073
59344
64053
57593
60345
68027
68110
66930
62367
65379
65524
61740
70462
68410
64811
65624
66218
58845
64726
63301
62253
64614
71426
67635
63664
67412
70121
68565
65731
63416
67823
66825
68469
67617
68975
63782
69852
66183
72336
63277
71224
66184
63401
63950
64486
66925
67249
63656
65456
72555
71196
66965
65660
65929
67546
62184
64692
60068
66844
67656
63952
70693
61519
60737
66271
68967
71053
64032
69070
65409
64970
68431
67673
60370
70374
70058
63486
66832
67154
66390
63732
63335
65452
69378
67317
64321
68064
56201
69300
59835
64348
61867
61293
69339
64003
66671
65382
67099
65787
61331
68800
63918
60435
64133
70453
68322
64393
64391
64482
72341
66787
66945
68912
66318
64687
64892
65301
65414
67920
65706
67936
65271
65793
58988
68538
66671
68806
56045
72379
65078
69167
62128
67543
62084
63492
71807
64911
66248
68387
67160
66028
66731
73411
65347
66194
68978
69158
69425
67628
61790
70888
61779
66527
63064
65325
66613
66589
66918
70823
67022
64735
68695
69433
61513
67493
67833
64560
70043
65044
65947
64968
65587
61943
60817
70760
62760
62287
58479
63442
61200
70916
68844
63281
72916
68753
64471
57345
73042
60982
60144
68886
73530
70071
67383
67484
68332
68022
66457
65877
65330
63065
64616
59988
65213
62296
61919
66125
70097
68545
60389
62293
68618
62316
64799
67338
62362
65881
61164
63565
66583
60316
66979
65471
67346
66269
70006
65946
64128
65936
67316
65696
65669
63235
63363
60939
71269
61460
63265
63181
68468
64569
69624
63329
66450
62798
72565
61644
66551
67612
66891
64928
65110
65679
65054
68694
72779
63709
61047
65246
73989
62902
70907
71033
63722
67400
70871
64293
64868
63629
62210
63408
61525
65647
63012
66302
60437
66620
68267
59002
66761
69558
61572
71016
66909
63225
65353
67365
65785
67301
62519
66090
60903
65171
62574
63125
69586
69112
67532
61956
64499
69511
66000
73135
66824
66165
64523
65973
65036
67856
68670
62960
61173
59519
67200
61920
58481
66809
73705
65516
68283
65804
65211
68547
64584
66412
66590
63346
68786
64962
63059
67294
62591
65628
65506
69094
67091
65453
68215
70091
67363
65569
61237
62045
64535
63538
64923
65721
67271
65304
67130
65747
59062
62457
65063
61572
67501
70551
69529
64836
70420
66023
64431
63526
64544
64264
66094
66062
65545
66967
69437
68647
60670
57167
68597
61057
64799
61701
59631
67310
68023
63646
57045
63746
66819
60689
66136
65485
67434
65927
62347
69456
65016
65446
62477
64083
62636
64969
71144
61040
60248
70356
64850
63343
68943
63551
71519
67757
63937
72605
63551
67967
66516
69801
70652
65640
63067
67043
63315
72133
65983
64338
66141
61121
62352
69469
63383
62105
67294
69421
67891
68799
63056
60877
70455
64478
64714
69888
67358
67029
72630
63427
68576
65722
66416
70544
67200
67299
69050
64340
62786
62112
59092
72273
61921
64810
64628
66543
68209
68355
63625
64988
66461
64721
70802
67144
67944
67708
69381
66129
61286
66845
63401
63803
67457
69593
65605
66547
71113
66324
74061
67389
59766
68004
66784
69762
67741
65082
61524
64851
62749
63633
67464
71007
66829
61617
66992
69457
63537
65096
65584
62964
67660
65139
66910
62627
64102
67903
64314
71194
64226
66272
68591
60888
59766
60536
69673
63727
73918
63687
66140
70589
72109
72291
69495
68891
67477
68086
63729
62854
65524
64978
64050
67817
68666
65825
70377
61794
64901
63187
59419
65265
65137
70495
67603
62179
71611
69537
67443
64793
62392
64316
69103
71711
70592
63934
61867
65997
59741
66594
65052
64008
60310
67218
63790
61702
56124
65445
71343
70979
64038
63562
67072
62264
66524
68046
69556
65207
64868
62659
62826
64793
66739
68529
62904
70427
64647
65465
63087
57592
68432
67950
64614
65755
67226
60415
63802
68138
61425
66497
61090
67064
65419
60243
69352
63128
62880
66193
69299
62207
65738
66941
67807
66114
64333
62824
65818
62022
55963
66966
68498
57793
62227
67564
72278
65604
63150
64936
70041
63419
62917
63954
62412
65937
70859
66594
64709
64579
60413
68429
65280
64944
75999
66514
63072
64138
69299
65907
60823
68548
63346
71674
69075
64070
69733
65758
68330
67124
62762
63427
68910
64439
64213
62406
66924
72294
62037
65615
70163
65275
67018
62054
66939
64922
68766
69426
74021
67435
66603
66172
64378
66645
64568
66088
69853
62237
69271
69851
65149
58583
63544
69785
65461
62261
63881
68290
67327
64753
64333
64252
62513
70829
64479
69524
70521
68807
64121
66858
65456
62574
66598
61672
69427
64013
66195
66464
64687
67458
63979
68391
61125
65950
71889
62258
63315
67219
66124
66684
67138
67615
69172
66878
64745
67739
71761
65101
62342
69163
65141
58416
68312
63781
65239
66623
66160
67860
64109
67217
64685
67956
67552
62470
69094
63779
68183
66739
71559
64803
64391
65472
64542
68157
60239
62083
62037
68649
71141
65193
64982
65765
69343
62497
66317
68731
67177
66157
68816
56678
67757
63392
59537
67211
70037
65085
68658
70819
69844
70909
67967
65783
60286
64729
62772
72649
64959
65939
67343
65678
71090
63495
66173
63103
61210
63531
65414
64129
63267
60927
65263
60605
68026
65806
60759
64522
63071
66581
69928
59391
65912
65011
67735
66234
63071
64490
62927
69061
65605
71765
65337
63214
60575
59627
60345
66411
67202
60354
68468
63953
66017
70818
68474
64656
62615
58484
63179
64844
62301
65105
65787
64799
63406
66088
66984
61962
70159
65212
65597
67856
66300
68659
66476
63529
66720
61788
65891
65427
64854
65114
59369
63737
65840
66059
62168
69683
62697
68712
66935
63418
71353
61624
68547
68814
63338
70098
64716
66481
66389
65095
68192
68136
59806
69810
60088
68919
69227
61961
64189
61912
64831
64526
68090
69829
70109
63693
64850
60019
62895
68697
70829
61491
63594
65449
66454
62883
66925
63983
65488
67326
65557
64106
65176
65246
64323
64687
70774
67374
64567
67819
64442
69380
66747
65184
67003
60388
61843
61623
66004
71213
72847
67626
67177
59634
63757
62954
63501
64985
63989
59050
67986
62020
66319
72332
62523
57244
64598
69143
71953
61507
67163
64011
65188
74200
60611
66367
67068
69093
65857
66545
64252
66417
64411
67572
64324
66771
65440
69225
65367
59726
69671
62568
63393
63584
70039
58537
75817
68996
66267
65356
66471
67243
67650
67356
65829
64889
65040
64897
69251
67480
55900
67685
66174
65474
64262
69219
68640
63003
66869
62352
61015
63482
68361
68659
67217
67911
67227
63433
66951
68158
68007
69431
67856
66687
69042
65449
62646
65001
63095
63323
65062
62939
64526
59331
66234
65539
62858
67696
68608
60268
63036
63015
62456
68254
64900
64669
58969
67618
61475
65732
66444
69994
61247
55641
66138
71435
69595
66223
63925
68180
62345
67096
67192
69010
74578
66821
63868
65452
59739
63259
64194
63818
66035
62841
69209
65536
65505
64461
66044
68239
62694
63379
64540
61125
62851
63975
68401
66396
66170
68324
65085
66815
65197
66405
63626
57544
65095
70198
68571
68699
69586
65826
66182
63512
64500
67553
69480
65079
64060
65537
67506
60804
58011
63732
61535
63870
65051
64050
70295
66606
66520
67574
61804
68940
65287
67733
62023
60444
68216
66769
62580
62686
69223
61638
70918
62584
67627
64459
67512
63753
65002
65670
62252
67963
63854
64786
62277
57139
64910
73441
68106
65472
64674
65609
67328
61666
69187
67880
67889
66972
65600
67740
67475
64375
63656
65869
70611
61475
60727
66075
65702
66104
66335
64804
70417
60290
62821
65197
60151
64959
70980
65604
66291
61406
63516
64306
64494
69735
67363
61893
66343
67168
69272
70715
62209
62878
61415
64769
67064
68771
65287
64487
66033
62799
72383
60268
66141
72166
65558
64913
64364
64944
70034
58288
70560
60869
64662
64129
67464
60299
67050
72169
61069
66157
63366
66931
65598
63433
67134
71448
64910
67894
61298
62401
67083
70399
66701
64510
65533
61438
67516
68427
64054
63995
66407
64104
65319
72416
64726
64361
63414
67974
64942
63408
69865
70187
63568
59419
68837
63292
68126
59080
68460
61567
67930
65582
62410
64202
67784
65882
67451
72012
60410
70835
65877
62590
61176
64916
68556
65118
70487
60780
65496
61432
66727
68442
64157
57002
66187
66967
66860
69585
62026
67764
69443
59707
66583
63883
65268
66675
63939
63321
65647
61973
61977
67762
61771
67719
67051
59880
63315
69448
62320
64014
67050
68103
64711
63578
70196
71234
68743
65815
62887
62814
67248
66907
70128
67667
60610
68983
62265
64277
66355
72075
75726
67524
64935
67287
68444
64485
71418
66289
67167
67718
66917
68285
63513
63706
61931
66976
68088
67036
71022
65517
67727
61958
64267
67815
68318
64572
65301
60562
64366
68453
67420
67176
65699
65559
63372
67825
66915
67148
63812
58479
69131
63966
62708
67808
64251
69009
67557
67775
61060
69507
66392
64325
66005
59715
66875
62162
61103
60547
69182
63474
70561
63780
59941
61877
69585
65025
63739
66060
67180
69197
70282
64357
61190
64181
66388
62377
62399
66662
65376
65643
63050
64781
62507
68453
68928
59486
62490
60632
63406
65262
60785
62515
62246
66215
65763
63171
66115
63744
64645
71019
69928
61277
68254
68194
61773
68218
70575
61857
62529
68870
66425
67343
66652
66816
61189
68967
69368
64784
65393
60518
67221
67410
65332
69220
64441
67386
62194
65458
64964
66274
64325
65105
68242
64104
60271
71269
70062
61301
67796
63887
66399
66500
64767
62967
63273
62533
62810
65315
63190
67770
70409
63635
66320
67173
67082
65784
67969
67116
61480
68384
68443
63034
65660
67775
64850
69051
73281
62960
61010
66531
67900
64779
70298
61149
67806
63550
71170
72065
63023
63735
68352
64267
65387
65619
59245
65490
63275
63920
70266
61418
68200
64621
64619
68125
66650
67405
68708
64450
63529
61980
62831
75199
69614
61108
61202
67114
67329
67334
64700
65124
66610
65817
58263
64782
62746
66110
75318
66740
64508
68556
67117
66912
67524
72274
61830
67088
62500
67356
62525
64168
64569
68733
68545
61454
65716
63210
61412
64824
64525
73487
66954
61021
63685
68882
72379
60339
59375
71666
66812
62690
67287
56899
65547
66610
68564
62213
65816
62503
66372
62602
64198
62272
67669
68348
64767
65661
60789
64554
65371
74123
61892
70333
68802
66455
71298
66755
66811
65361
69545
69128
63485
61213
64870
62914
65327
69590
64037
65395
65726
68316
58173
63547
66228
69468
63924
59386
67566
63454
61637
63490
64931
63554
58308
68475
69713
67670
61808
64875
65514
67498
67726
63130
65804
67034
70306
67844
68121
65810
70157
66878
62714
70134
67822
64084
63964
66507
67053
66182
66556
71106
69047
66160
68620
62152
66839
71464
64821
62758
63399
61965
62964
64321
60930
65587
68492
62561
70514
67209
68913
63380
68336
61957
68453
66099
67348
61683
62603
67493
62428
67053
61056
68315
61497
67345
67586
63252
67443
66389
63770
62231
59104
66681
60408
65848
64672
67761
64546
64456
67934
66633
66571
67073
60504
68015
67542
62204
64736
65407
65095
66629
70226
69080
61236
67574
69890
66803
69110
72129
68890
66352
68960
66010
65614
64384
70658
62854
70557
67173
60950
66740
58654
67585
68436
63594
65940
71939
63878
62066
70391
71967
65548
68850
69931
63103
63945
69569
71057
67380
62653
72047
63796
64437
66657
70628
68334
66895
67054
65678
67364
57247
64564
66326
61764
66801
64865
71288
70690
64009
65041
65293
64056
66175
63051
61831
67576
67598
62900
68469
63466
66365
68224
65425
67026
63843
64892
64861
63089
64956
60461
63926
64602
64696
64744
65333
67107
68401
63406
61593
62121
63939
64382
63012
61288
64041
66130
67485
63709
64182
62499
65432
62755
67414
59684
64357
66522
66138
74360
66682
62245
65223
59715
65271
62806
68535
63735
65153
63453
71233
64483
71540
68203
67115
66744
66826
59219
64622
68305
65375
60931
65364
71120
69621
65332
68653
64335
59952
62506
70657
64638
64738
64553
71775
70863
72806
65014
66504
60566
70375
61709
66246
61940
63606
62792
63544
63769
63739
68266
61915
66258
69527
63854
63183
64780
69401
66172
63795
67121
61924
67768
66874
64527
62788
62630
67288
69563
63447
67038
58697
63620
65434
62555
62467
63347
66493
64922
58201
58586
63547
67035
56532
63898
63811
70085
64274
66790
65998
58554
68053
66241
67201
78401
58706
71187
64594
66477
65386
64145
63668
66615
60564
67995
64172
61832
64061
69655
63781
66710
63140
68019
67782
71593
64960
67727
65857
69782
63180
67977
64898
65325
65836
66362
65155
66239
70707
68765
68384
64043
62622
68666
68406
70361
63556
64783
60163
64249
68801
64007
67634
64911
66597
61775
65815
55734
64923
60193
69487
68083
67065
70520
62426
71261
68590
64760
69257
61910
62834
63541
63802
62073
69543
64687
66691
63667
59570
66420
59269
65311
61052
72047
68522
65882
69676
62762
67316
66190
66401
69705
67936
66482
60113
62390
65133
65841
61832
73438
70504
67509
65772
64840
62416
65789
66380
61467
66631
65027
59284
62716
64180
71721
67359
61159
67128
60465
69083
63992
65229
69880
61318
60957
63623
68938
60557
56255
64057
67343
69469
64018
64187
69317
59409
64262
66159
67008
63865
65648
57382
63379
67022
62317
65729
67000
64413
66094
62381
64858
67535
66050
63614
66270
67877
58818
69334
64434
66930
69459
61041
63211
64590
62967
71221
62728
63715
66205
61596
64239
66576
64445
65229
63801
60573
66589
71286
65596
66274
67805
61376
71114
66198
70883
63133
71493
68076
67348
66302
64721
69469
65995
59090
61875
64927
66551
65350
69530
59142
66006
59578
68025
65226
66910
62705
69728
68949
67448
65111
67436
63219
68339
70941
69044
63145
66720
61298
67411
67012
59408
61729
64608
64550
61572
66810
66360
64899
63059
68972
70960
63951
63530
67145
64362
65079
67959
59279
69855
65774
64187
65243
65412
59863
70434
65671
66987
68654
62189
67087
64658
68310
58565
65211
63560
66952
67076
63217
63202
65173
62597
68295
64326
56010
64307
62132
60190
61481
65894
69889
66562
63548
67029
64031
63259
61753
59795
64258
66053
65219
64172
62436
67529
61220
68078
62251
63070
60729
63893
68731
67225
68742
67246
61919
64452
62979
69896
61614
68464
68462
71531
64193
67870
73012
63512
60505
59375
67871
59365
64315
66968
66142
66930
66264
69726
62415
63317
63004
68256
68486
67014
69414
61675
70999
70527
67946
71374
60107
63817
63126
67900
62094
68018
70026
67814
66465
62298
62761
69630
68089
65408
64166
58897
62027
71799
61340
66156
68837
61423
66141
68609
65576
74935
60068
69005
64969
68065
66982
63133
66286
59448
67512
66513
67628
69003
66740
66021
62648
63202
69424
70242
64755
65686
62571
69378
67716
71896
62657
64297
66294
67654
64829
62675
68424
67899
62533
69977
69370
65976
65796
67351
62712
65634
58483
68407
60419
70462
64454
64842
63479
64592
70184
57383
69720
66643
61580
62012
71029
62437
61756
69262
66645
62462
66245
62174
69143
69013
67279
66721
71307
65534
61663
67008
72371
62210
64351
66900
65359
62317
69212
73138
66178
62573
60460
66381
69153
67093
65528
63605
61957
68271
68530
60470
70745
67417
70122
61138
61060
65047
67183
71422
67849
64740
62172
69566
62374
70872
64604
70748
67760
65087
63834
64418
66939
65788
63590
64993
65793
58560
67037
62325
61756
60006
59657
61094
63212
71936
63812
66118
66848
65965
65282
61619
70290
71457
60022
62180
64619
62375
67193
63149
72630
69437
66232
68901
69159
63688
62861
65792
68359
65991
60368
62905
65293
65288
71999
60994
67192
70415
72979
64210
67146
67402
66176
65212
66964
57238
67771
65949
64806
72243
63324
64215
72061
62809
63733
65054
68290
66216
61300
63792
63545
65282
66931
66906
59716
69022
66363
70072
66991
69144
67064
69947
67247
65215
72982
68449
67416
61353
61314
66495
66012
63523
65997
70741
67814
61797
65170
62898
64265
64180
63970
61423
65117
63699
55936
72263
69103
64302
65597
61696
71092
71753
66049
68889
66110
61155
64186
65968
64046
64819
65236
65270
65707
62060
63186
61326
68740
58636
69316
70078
64545
57006
64352
65325
62224
63847
70550
67714
62506
60300
64464
64836
67161
63781
67212
71877
68208
65378
64935
64367
69404
63480
65684
65703
63891
61038
66594
65336
67175
63787
69536
62662
71146
59809
66960
67093
62929
66926
69728
58271
67183
57366
62371
70874
63629
61689
64887
72312
59533
62091
70442
71623
65197
61475
72403
70760
67760
62873
65375
65010
66620
70290
68417
62005
70046
66562
67787
70341
61893
65418
63794
60398
66672
73765
59506
65430
67634
65939
65165
61278
66298
63056
58360
69450
68676
65705
66286
69056
66271
68498
64561
69835
66587
66171
61374
66476
62809
63444
62864
62042
72498
69898
71828
61528
65769
61297
63256
62527
69597
64237
69036
67515
73084
60688
69662
69292
62346
68836
66637
64790
62836
63179
72252
65538
68098
62944
62980
69081
61113
64175
65647
65900
64949
66833
67806
67943
62305
64604
69451
68467
61037
66687
59053
65689
71754
62429
62802
68039
60480
63462
67490
63457
64762
67974
66917
66410
64424
66748
65130
67036
63907
64937
62292
65421
62878
61885
66383
66233
68101
64123
66873
67340
66993
62830
66025
66729
65559
58699
66061
72786
64356
63150
66759
66559
69444
61414
67932
67470
65070
66645
68909
68394
61790
68223
65324
65774
65775
65043
69440
65261
61867
64246
66121
69563
67512
62748
73679
66403
69715
65038
67283
68286
69527
69000
68394
64503
63662
66625
68593
64806
69026
70295
62533
62793
65076
66543
63817
69966
66925
65665
60830
61224
66456
58547
68854
65017
76162
73098
64941
65187
68798
71116
60168
59682
63497
67445
67164
69041
61604
57946
68347
62822
58921
66011
68135
65136
64035
65013
64321
61118
63194
67244
66590
66086
62275
64941
58402
66120
70218
60705
63616
66614
69641
64067
63267
59084
65874
72227
66444
65462
66591
65499
62871
68233
66275
65593
62339
69807
67714
63724
68818
63905
62973
63046
59732
67081
59535
61510
58734
65253
65043
64465
62119
61694
67057
63731
66572
62635
66129
69806
67456
64184
66378
64747
65561
64469
64997
66230
62280
62207
60986
60292
61547
66058
62610
67219
65649
59085
67682
68192
62279
66912
62729
65856
61392
59660
64281
65130
64232
61656
64225
66418
65388
66134
63340
69375
61681
67133
69408
67111
64872
63804
68931
60873
62357
64233
69591
66780
62363
64519
63522
63210
68743
61041
70807
68249
69110
64019
65044
60839
63816
67153
69782
61908
64338
65040
60962
67473
63163
64895
64055
62949
65512
64829
64317
63148
66583
70954
65994
68800
60980
66052
61940
60696
63113
69441
68649
66332
60513
64892
66524
66111
59494
62618
65326
67293
58339
65004
66004
68320
67806
67444
62914
59283
64248
68818
70102
67864
66942
66780
63713
65109
71005
62447
70827
64480
69879
60926
67455
63121
60898
66252
68843
62767
60624
65235
65249
67332
68647
65341
71616
66270
64400
60255
64675
64433
68682
67051
61671
66100
67736
70543
68444
68029
65732
66808
69630
61168
64390
63004
66778
69567
63579
57703
64185
68529
67297
66939
64618
61344
67224
62802
72692
67405
63633
63532
65231
64751
69195
66146
63138
71730
65697
68055
63542
66725
66555
59343
72139
69765
64234
61924
66674
65820
66701
66163
67194
70278
67397
62096
70000
70911
75864
61854
66331
58713
67348
63739
71838
62997
60000
63991
59062
67997
58769
65629
58727
64486
70921
66717
62706
65433
65595
67084
61057
67477
56674
63471
63936
67611
65610
60930
62308
66187
65276
63638
63960
67817
63839
65247
72646
60870
59467
68103
63312
64493
62976
64684
70774
68164
68361
60895
61763
56232
62883
68670
67229
64810
65462
63278
66206
68045
60241
66517
68591
64175
67832
74759
65194
66824
63117
66129
67044
66174
62194
66212
70327
67006
68688
64759
67993
66451
62420
66579
62286
63462
66156
66510
61639
68989
67410
63226
60497
65061
64074
65906
64346
58957
64263
64534
67612
63248
71036
59271
69832
64800
68352
65797
69270
64266
61936
70190
65164
66262
69582
62154
67487
63603
65102
65772
