0.165039
0.159427
0.154012
0.148785
0.143739
0.138866
0.134161
0.129615
0.125222
0.120978
0.116875
0.112908
0.109073
0.105363
0.101775
0.098304
0.094946
0.091695
0.088549
0.085504
0.082556
0.079702
0.076938
0.074261
0.071668
0.069157
0.066725
0.064369
0.062086
0.059875
0.057732
0.055657
0.053646
0.051698
0.049810
0.047982
0.046210
0.044494
0.042832
0.041222
0.039663
0.038153
0.036691
0.035276
0.033905
0.032579
0.031295
0.030053
0.028850
0.027687
0.026562
0.025475
0.024423
0.023406
0.022423
0.021473
0.020555
0.019668
0.018811
0.017984
0.017185
0.016414
0.015670
0.014952
0.014259
0.013591
0.012946
0.012324
0.011724
0.011145
0.010587
0.010049
0.009530
0.009029
0.008546
0.008080
0.007631
0.007197
0.006778
0.006373
0.005982
0.005604
0.005238
0.004884
0.004540
0.004207
0.003884
0.003569
0.003263
0.002964
0.002672
0.002387
0.002107
0.001833
0.001563
0.001296
0.001033
0.000773
0.000514
0.000257
0.000000
-0.000257
-0.000514
-0.000773
-0.001033
-0.001296
-0.001563
-0.001833
-0.002107
-0.002387
-0.002672
-0.002964
-0.003263
-0.003569
-0.003884
-0.004207
-0.004540
-0.004884
-0.005238
-0.005604
-0.005982
-0.006373
-0.006778
-0.007197
-0.007631
-0.008080
-0.008546
-0.009029
-0.009530
-0.010049
-0.010587
-0.011145
-0.011724
-0.012324
-0.012946
-0.013591
-0.014259
-0.014952
-0.015670
-0.016414
-0.017185
-0.017984
-0.018811
-0.019668
-0.020555
-0.021473
-0.022423
-0.023406
-0.024423
-0.025475
-0.026562
-0.027687
-0.028850
-0.030053
-0.031295
-0.032579
-0.033905
-0.035276
-0.036691
-0.038153
-0.039663
-0.041222
-0.042832
-0.044494
-0.046210
-0.047982
-0.049810
-0.051698
-0.053646
-0.055657
-0.057732
-0.059875
-0.062086
-0.064369
-0.066725
-0.069157
-0.071668
-0.074261
-0.076938
-0.079702
-0.082556
-0.085504
-0.088549
-0.091695
-0.094946
-0.098304
-0.101775
-0.105363
-0.109073
-0.112908
-0.116875
-0.120978
-0.125222
-0.129615
-0.134161
-0.138866
-0.143739
-0.148785
-0.154012
-0.159427
