0.120000
0.115675
0.111496
0.107457
0.103553
0.099778
0.096127
0.092597
0.089181
0.085877
0.082679
0.079585
0.076589
0.073690
0.070883
0.068166
0.065535
0.062987
0.060520
0.058132
0.055819
0.053579
0.051411
0.049312
0.047279
0.045311
0.043407
0.041563
0.039780
0.038054
0.036384
0.034769
0.033208
0.031698
0.030240
0.028830
0.027468
0.026153
0.024884
0.023660
0.022478
0.021339
0.020242
0.019185
0.018166
0.017187
0.016245
0.015339
0.014469
0.013633
0.012832
0.012064
0.011328
0.010623
0.009949
0.009305
0.008689
0.008103
0.007544
0.007011
0.006505
0.006024
0.005568
0.005136
0.004727
0.004341
0.003976
0.003633
0.003311
0.003008
0.002724
0.002460
0.002213
0.001983
0.001770
0.001572
0.001390
0.001223
0.001070
0.000930
0.000803
0.000688
0.000585
0.000493
0.000411
0.000338
0.000275
0.000220
0.000173
0.000133
0.000100
0.000073
0.000051
0.000034
0.000022
0.000013
0.000006
0.000003
0.000001
0.000000
0.000000
-0.000000
-0.000001
-0.000003
-0.000006
-0.000013
-0.000022
-0.000034
-0.000051
-0.000073
-0.000100
-0.000133
-0.000173
-0.000220
-0.000275
-0.000338
-0.000411
-0.000493
-0.000585
-0.000688
-0.000803
-0.000930
-0.001070
-0.001223
-0.001390
-0.001572
-0.001770
-0.001983
-0.002213
-0.002460
-0.002724
-0.003008
-0.003311
-0.003633
-0.003976
-0.004341
-0.004727
-0.005136
-0.005568
-0.006024
-0.006505
-0.007011
-0.007544
-0.008103
-0.008689
-0.009305
-0.009949
-0.010623
-0.011328
-0.012064
-0.012832
-0.013633
-0.014469
-0.015339
-0.016245
-0.017187
-0.018166
-0.019185
-0.020242
-0.021339
-0.022478
-0.023660
-0.024884
-0.026153
-0.027468
-0.028830
-0.030240
-0.031698
-0.033208
-0.034769
-0.036384
-0.038054
-0.039780
-0.041563
-0.043407
-0.045311
-0.047279
-0.049312
-0.051411
-0.053579
-0.055819
-0.058132
-0.060520
-0.062987
-0.065535
-0.068166
-0.070883
-0.073690
-0.076589
-0.079585
-0.082679
-0.085877
-0.089181
-0.092597
-0.096127
-0.099778
-0.103553
-0.107457
-0.111496
-0.115675
