-0.082520
-0.080519
-0.078577
-0.076693
-0.074864
-0.073088
-0.071362
-0.069685
-0.068056
-0.066471
-0.064930
-0.063432
-0.061973
-0.060554
-0.059172
-0.057826
-0.056515
-0.055238
-0.053994
-0.052780
-0.051598
-0.050444
-0.049319
-0.048221
-0.047150
-0.046105
-0.045084
-0.044088
-0.043115
-0.042165
-0.041237
-0.040331
-0.039445
-0.038580
-0.037735
-0.036909
-0.036102
-0.035313
-0.034542
-0.033789
-0.033053
-0.032333
-0.031631
-0.030944
-0.030273
-0.029617
-0.028977
-0.028351
-0.027741
-0.027145
-0.026562
-0.025994
-0.025440
-0.024900
-0.024372
-0.023858
-0.023358
-0.022870
-0.022394
-0.021932
-0.021482
-0.021044
-0.020619
-0.020205
-0.019804
-0.019415
-0.019038
-0.018672
-0.018318
-0.017976
-0.017645
-0.017325
-0.017017
-0.016721
-0.016435
-0.016161
-0.015898
-0.015646
-0.015405
-0.015175
-0.014956
-0.014748
-0.014551
-0.014364
-0.014189
-0.014024
-0.013870
-0.013727
-0.013594
-0.013472
-0.013361
-0.013260
-0.013170
-0.013091
-0.013022
-0.012964
-0.012917
-0.012880
-0.012853
-0.012837
-0.012832
-0.012837
-0.012853
-0.012880
-0.012917
-0.012964
-0.013022
-0.013091
-0.013170
-0.013260
-0.013361
-0.013472
-0.013594
-0.013727
-0.013870
-0.014024
-0.014189
-0.014364
-0.014551
-0.014748
-0.014956
-0.015175
-0.015405
-0.015646
-0.015898
-0.016161
-0.016435
-0.016721
-0.017017
-0.017325
-0.017645
-0.017976
-0.018318
-0.018672
-0.019038
-0.019415
-0.019804
-0.020205
-0.020619
-0.021044
-0.021482
-0.021932
-0.022394
-0.022870
-0.023358
-0.023858
-0.024372
-0.024900
-0.025440
-0.025994
-0.026562
-0.027145
-0.027741
-0.028351
-0.028977
-0.029617
-0.030273
-0.030944
-0.031631
-0.032333
-0.033053
-0.033789
-0.034542
-0.035313
-0.036102
-0.036909
-0.037735
-0.038580
-0.039445
-0.040331
-0.041237
-0.042165
-0.043115
-0.044088
-0.045084
-0.046105
-0.047150
-0.048221
-0.049319
-0.050444
-0.051598
-0.052780
-0.053994
-0.055238
-0.056515
-0.057826
-0.059172
-0.060554
-0.061973
-0.063432
-0.064930
-0.066471
-0.068056
-0.069685
-0.071362
-0.073088
-0.074864
-0.076693
-0.078577
-0.080519
