1.066579
1.035764
0.922730
0.999581
1.031067
0.963996
1.013276
1.005427
1.000215
0.991270
1.021651
1.060152
0.951747
1.051414
1.011431
1.022257
0.943170
1.006757
1.074227
0.946010
0.901114
0.912831
1.013304
1.119248
1.056185
1.083631
1.004957
1.069900
0.986438
1.030660
0.986634
0.972535
1.006635
0.976193
1.065424
1.009751
1.020010
0.983118
1.062824
0.963401
1.033012
0.982456
0.953028
0.975533
0.959770
0.989365
0.983043
1.015609
1.028258
0.992629
0.998705
1.014455
0.973006
1.035408
1.042111
1.010179
1.119735
1.045873
0.994386
0.981891
0.988391
0.974914
1.056439
0.965110
0.995944
0.973535
1.052309
0.929072
0.981875
0.993905
1.015968
1.023045
0.989210
1.049454
1.015738
1.123383
0.924584
1.031030
0.947743
0.960100
1.099254
1.087241
0.907191
0.988861
0.996708
0.893414
0.997558
1.019667
1.010863
0.900280
1.055385
1.012227
0.996904
0.962305
1.035598
1.045913
0.975895
1.004479
1.041350
0.902274
1.005874
0.904627
0.953855
1.023488
0.992782
0.979993
0.985201
1.042410
1.035342
0.960637
1.014647
0.976460
1.120216
0.963032
0.984359
0.982556
0.978049
1.007055
1.013652
0.919071
0.971344
0.933978
1.061810
1.123266
1.069162
1.017312
1.051126
1.008340
1.082836
1.033394
0.988503
0.943522
0.968002
1.015692
0.938708
0.988910
1.066996
1.001465
1.099269
1.072358
0.985619
0.932034
0.997598
0.975961
1.018888
1.080720
0.943845
0.980564
1.016618
1.056749
1.025536
1.020715
1.067227
1.024676
0.988150
1.002864
0.964646
1.027333
1.047125
0.851020
1.060907
0.997174
1.023044
1.033119
0.885245
0.940204
0.983345
0.960430
1.013709
0.974254
0.914446
1.030615
1.055007
1.028218
0.964360
0.986957
1.027421
1.030160
1.050343
0.985279
0.928956
0.966053
1.026694
1.037199
1.111252
1.005859
1.012231
0.991135
0.979713
1.039089
1.017674
0.989636
0.946015
0.993847
0.980451
1.062759
1.047356
0.948884
1.058358
0.971401
1.006657
1.060137
0.948762
1.008020
0.943476
0.902935
1.049330
1.001411
0.958882
0.920672
0.979926
1.067109
1.020123
0.981362
0.966399
1.005291
0.922635
1.067240
1.025159
1.059718
0.971825
1.042741
1.034395
0.923347
1.007448
1.015756
0.971254
0.981991
1.021809
0.998104
0.949764
1.029573
1.011391
1.012459
1.004788
1.022451
0.985700
0.956862
0.962909
1.055279
0.899114
1.027027
0.927885
0.919557
0.949672
0.987123
1.036525
0.915080
1.083704
1.058186
0.993371
0.985488
0.952323
1.029402
1.003440
1.070603
0.965689
1.027397
0.998181
0.957649
1.095115
1.013980
1.031013
0.946572
0.963869
1.004207
0.970777
1.030101
1.021918
0.960883
1.009647
1.000201
0.991796
0.942559
0.958225
1.010522
1.050699
0.951490
1.060859
1.009132
0.936509
1.016170
1.044289
1.013220
1.115956
1.015433
1.044628
1.000551
1.049004
0.880221
0.957124
0.981786
1.025196
1.009417
1.054261
1.017847
1.010366
0.992747
1.008195
1.041476
1.037765
1.043974
0.988002
0.965247
0.976430
1.017474
1.080573
1.011967
1.024250
0.917070
1.133996
0.944824
1.090889
0.972198
1.047886
1.040761
1.003216
0.991680
0.952964
0.997320
1.055057
1.018606
0.955827
1.057903
0.939817
1.010492
0.955441
0.960866
1.053987
0.976858
0.924246
0.973064
1.037831
0.963530
1.060739
1.050414
1.003664
1.058687
1.093148
0.900818
1.057835
1.030464
0.983840
1.033207
1.019836
0.971194
1.074411
1.007012
1.059416
0.987713
0.918221
1.012240
0.988246
0.936959
0.915402
1.030823
1.063485
1.069867
1.026711
1.000205
1.009471
1.002239
1.039734
0.975343
0.936921
0.989037
1.009864
0.987236
1.001290
1.110048
1.044218
0.930659
1.032683
0.891170
1.030947
1.023862
1.001305
0.951515
0.950814
1.020627
0.969285
1.041854
0.968819
0.981841
1.037974
0.998304
0.991680
1.013479
1.018765
0.995804
1.011306
0.994206
1.020580
1.014390
1.025214
1.040213
0.948470
0.932115
0.986675
0.991435
1.023119
0.939007
1.009629
1.021773
0.918253
1.021747
1.069891
1.006233
0.955427
0.971155
0.996253
0.973911
0.839780
1.073135
0.976655
0.991049
1.046237
1.011762
0.975570
0.995351
1.026770
1.027542
0.990424
1.039735
1.039255
0.975614
0.949707
1.016379
1.028952
0.977004
0.978209
1.026813
1.007851
1.067939
1.025767
1.119206
1.026459
0.955193
0.990110
0.995226
0.915978
1.033835
1.003036
0.998848
0.972334
0.944694
0.989143
0.956229
1.000539
0.954688
0.929212
1.004735
1.009690
1.027162
1.002817
1.073283
0.968202
1.055475
0.950368
0.965883
0.979537
0.987626
1.076393
0.967528
0.936549
1.037744
0.998805
0.922123
1.017318
1.047118
0.980726
1.078010
1.077258
0.965416
1.043226
0.895110
1.008515
0.962108
1.048391
0.956274
1.051392
0.959855
0.978585
0.962229
1.011025
0.931344
1.032338
0.966325
1.112093
0.987676
0.961820
1.024039
0.958410
1.029660
0.977561
1.024385
1.002816
1.027289
0.965844
0.967049
1.071963
1.069107
1.046066
0.971356
1.063752
0.983558
0.992683
1.052922
0.994446
0.998056
0.983882
0.966712
0.964769
0.982312
1.007596
0.984790
0.941057
0.992543
0.988745
1.003508
1.022603
1.014704
0.958624
0.958576
0.975375
0.962419
0.920581
0.976563
0.928444
0.936825
0.937988
0.947344
0.943390
0.954453
0.986988
1.040733
0.932633
1.052976
1.026227
1.026675
0.987322
1.009606
1.028146
1.031373
0.983003
1.036859
1.060145
1.048528
1.035194
0.969751
1.000236
1.007352
0.976873
1.010928
1.008438
0.997500
0.992505
0.998234
1.001681
0.981671
0.978789
0.997458
0.943812
0.907132
0.989174
0.941040
1.082238
1.036171
1.062407
1.036636
0.983949
1.025045
1.025997
0.931106
1.039236
0.955185
0.941083
1.037059
0.971358
0.951950
1.059396
0.911692
0.961479
1.056212
1.133584
1.003222
1.045674
0.950150
1.103752
0.970491
0.859200
1.005477
1.007133
0.960798
1.012881
1.065646
0.932549
1.025007
0.950771
1.074299
1.028535
0.974356
1.013789
0.980536
1.032426
0.998779
1.065424
1.133129
1.017136
1.043632
1.018870
0.974667
1.024151
1.048845
1.042342
1.007833
0.992274
1.091507
1.046456
1.069127
0.967387
1.071143
0.927058
1.023882
1.001470
1.008091
0.979454
1.046542
1.026913
1.009760
1.103281
1.052103
1.009166
0.999426
0.900645
0.967958
0.975930
0.959454
0.994556
1.091039
1.025704
0.988267
0.945721
1.047587
0.988480
1.093499
1.007886
1.071682
1.023632
1.003783
1.006307
1.031279
0.998654
0.921628
0.905757
0.964124
0.959103
1.010469
0.993469
1.024649
0.988862
1.028094
1.016903
1.055194
0.954985
0.904949
0.968957
1.036425
0.967078
0.976048
0.935544
0.951290
0.990295
0.912663
0.992451
1.000896
0.990084
1.006232
0.966812
1.064079
1.039612
0.960445
0.996170
0.966788
1.063591
0.994022
0.939951
1.042309
1.030561
0.989820
0.973791
0.979071
0.996904
0.947058
1.090262
0.996299
1.110244
0.977396
0.989528
0.985266
1.045325
1.049963
1.015769
1.056890
1.057905
1.049988
0.979178
0.942811
0.918678
0.927061
0.984209
0.935553
0.994582
1.074662
0.992195
0.905418
1.042018
0.988740
0.975029
0.986449
0.933732
1.000927
1.037728
0.948760
1.028497
1.030460
0.971584
1.050460
0.942064
1.021987
0.992823
0.995876
1.019429
1.010689
0.901874
0.935157
0.945970
0.988198
1.039002
1.052941
1.033587
1.008757
0.951487
1.059068
1.005297
0.938099
0.969003
1.060903
1.071695
0.953205
1.105402
1.045585
1.028408
0.941527
1.107599
0.997339
0.962411
0.978311
0.994756
0.950479
1.030699
0.994139
0.913384
0.956310
0.943265
0.959610
0.972518
1.009373
0.985267
0.990654
0.962538
1.034342
0.986147
1.099500
0.955318
0.997949
1.065013
0.942695
0.952453
0.944217
0.993507
0.985346
1.010677
1.055902
0.942177
0.980727
1.019966
0.874427
0.973670
0.977211
0.969745
1.014197
1.054856
0.973071
1.109780
0.964868
0.996970
1.010861
0.923748
1.022895
1.001052
1.007819
1.051883
1.002283
1.055367
0.933111
0.987317
1.062744
0.995973
0.938958
0.942204
0.962133
0.934380
1.024767
0.859247
0.958931
0.930467
0.931338
0.971522
0.938253
1.023880
0.960526
0.972388
1.041882
1.013636
1.006313
0.998707
0.943783
1.015079
1.105930
0.986852
0.949831
0.924110
0.903900
0.982833
0.972982
1.052258
0.996003
1.033070
1.031169
1.059930
0.984561
1.048508
1.022552
0.946865
0.948743
1.020981
0.984233
0.889462
1.012839
1.013026
1.009909
1.076293
0.980086
0.923180
1.031707
1.007745
1.030034
1.032364
1.007478
0.972433
0.996725
0.992094
0.977184
1.007844
0.994010
1.002437
0.945491
0.985718
0.942673
0.947075
1.068840
0.949158
1.024280
0.915796
0.994822
1.052145
1.039243
0.962926
1.039687
0.981379
0.951634
0.939617
0.899601
1.023475
1.038783
1.083553
0.982438
0.983615
0.972056
1.015614
1.007836
0.924749
1.023857
1.028550
1.012703
0.987938
0.904156
1.005060
0.994660
0.976701
1.003388
0.988777
1.003587
0.994162
0.976507
0.944540
0.938077
1.017069
0.998152
1.020348
1.021827
0.993555
1.095783
0.974886
1.003385
0.974624
0.982048
0.948310
1.034002
0.973500
1.032780
1.053206
0.998937
0.973429
1.015488
1.028269
1.032472
0.933621
1.075251
0.956059
0.930989
1.030766
0.982773
1.005472
1.010764
1.086019
1.007471
1.023485
0.983034
0.964754
1.043101
1.029392
1.078767
0.961456
1.018564
1.038574
0.916568
0.936292
1.024608
1.011591
0.968065
1.045547
0.955226
0.927971
1.004249
1.006608
1.047315
1.011211
1.041676
0.951551
1.043208
0.947781
1.051392
0.990159
0.999592
0.979294
0.993559
0.984046
0.926929
0.958579
0.968735
1.013339
1.026301
0.984595
1.019202
1.022535
0.984528
0.878290
1.001744
1.072701
0.972987
1.037008
0.964585
0.967114
1.105555
0.996352
0.952880
1.057250
1.015544
1.019607
0.905270
0.982924
1.003489
0.991982
0.949283
0.983409
1.072035
0.980489
1.032122
1.075663
0.992883
0.993029
1.058775
1.059189
1.034170
0.939244
1.026578
1.012271
1.012599
1.087223
0.952095
1.091233
0.916003
0.944280
1.002958
0.984215
1.023522
1.038820
0.946769
0.990870
1.010572
0.933364
0.989622
0.999609
1.018263
0.979999
1.056626
0.995069
0.989449
0.920988
0.953517
0.970105
0.928351
0.976652
0.955293
0.834117
1.044764
1.059981
1.019080
1.004509
0.998128
0.883341
0.996653
0.927345
0.951426
0.930121
1.004295
1.132535
0.975754
1.068505
1.022735
1.078928
1.059809
0.908041
1.055469
1.027409
0.942414
1.020486
0.928601
1.009795
1.057910
1.011968
0.939643
0.985124
1.017407
1.040914
1.010025
0.981723
0.972292
1.024085
1.081725
1.035103
0.967837
1.062056
0.995129
1.074727
0.996269
1.054676
0.984476
0.992751
1.072074
0.936317
1.012010
0.971425
1.014521
1.006097
1.115878
1.017631
0.939345
0.979733
1.035839
0.984555
1.035879
1.068669
1.048746
0.944703
0.971440
1.004344
0.911010
1.035782
0.986853
0.991294
1.017695
0.970637
1.075598
1.037746
0.934352
1.002739
0.973260
1.040320
1.037477
1.068967
0.976420
0.986235
1.011941
1.017526
0.967667
1.035742
0.996344
0.876889
0.879438
0.950203
1.076395
1.045601
1.016767
0.979719
0.994456
1.028008
0.981134
1.064736
1.075469
1.055167
0.970399
0.993310
0.997011
1.014653
0.929458
1.062713
0.955486
1.008551
1.002938
0.989617
1.058179
1.018461
1.045239
1.038116
0.965922
1.068891
1.059228
0.950897
0.987477
0.984016
1.016120
1.023396
1.116202
0.958802
0.984894
1.061797
1.059535
0.962505
1.040761
0.981856
1.032161
1.032803
1.086904
0.923858
0.961080
1.028982
0.946983
0.972558
1.047095
0.957783
0.970920
0.999801
0.925979
1.108263
0.943804
0.902724
0.993849
0.976218
1.039609
1.052462
0.925042
0.946190
0.948987
1.110914
0.994694
1.078496
1.003926
1.001946
0.928418
0.998806
1.051718
1.006646
1.021010
1.017522
1.122400
0.960811
1.038262
1.035298
1.036149
1.087924
0.972345
0.969699
1.009524
1.032035
0.937140
0.997015
0.975357
1.073276
1.079648
1.002490
1.051049
0.903190
0.978581
0.931458
0.989614
1.043749
0.971151
1.000211
1.098452
1.025594
1.139658
0.996119
0.907734
1.024927
0.988390
0.928617
0.955986
0.911200
1.102926
0.921037
1.095705
0.982543
1.005307
1.016555
1.050595
0.914159
1.008422
0.897519
1.020485
0.969297
0.985265
1.062083
0.908973
0.996825
1.024028
1.010242
1.099162
1.026352
0.945869
0.978754
0.991178
1.050339
1.041431
1.016580
1.023305
1.017269
1.020447
1.017073
1.098026
1.052424
1.046804
1.035164
1.039810
0.928665
1.025640
0.957977
1.091380
1.011640
1.014959
1.081055
0.958185
0.931286
1.021191
1.025120
1.030571
0.986051
1.016849
0.973345
0.929921
1.036125
1.005844
0.932863
0.926612
0.943047
1.018470
0.953663
1.014675
0.931211
0.987169
1.020596
0.956791
0.965292
0.932956
1.051999
0.975468
1.001520
0.911058
0.969864
1.002613
1.035328
1.003852
0.911483
0.997493
0.999194
1.019611
1.025082
0.953632
0.996415
1.031592
1.038521
0.953605
0.962064
1.012267
0.981644
0.985621
1.042334
1.007473
1.029145
1.030695
0.946408
1.036920
0.997678
0.919525
1.011852
1.011822
1.017963
0.974173
1.049251
0.961037
0.980206
1.054159
1.024665
1.011613
1.086419
0.988313
0.907646
1.010895
0.979962
0.982799
0.955019
0.948535
0.968272
1.019593
0.941209
1.024656
0.972802
1.007643
1.075253
0.976297
1.010478
0.993226
1.049572
0.924700
1.019763
0.975296
0.932384
0.953509
0.973172
1.008063
1.013649
1.040325
0.955882
0.995986
1.006741
1.037223
0.949552
0.992670
0.925289
0.985205
0.943946
0.957580
1.013493
0.992147
0.963627
1.063636
1.046305
0.997597
0.965686
1.028948
0.976735
0.991429
1.025579
0.988324
0.887722
1.005937
1.059088
1.016530
0.967922
1.080031
0.937604
1.077983
0.979696
0.930037
1.030168
1.038348
1.018090
1.030164
1.055128
1.020547
1.059977
1.023934
1.039250
0.978386
0.975863
0.950929
1.036242
0.971851
0.984259
0.986743
0.990126
0.881162
0.941185
1.021533
0.911720
1.060706
1.022789
0.973341
0.993978
0.994047
1.034965
1.015959
1.056922
1.078842
1.057582
0.989224
1.025567
1.001827
1.030233
0.874934
0.920212
1.122815
1.023821
1.077077
1.055417
0.969359
0.971364
1.013739
1.003559
0.945253
0.914556
1.028457
1.046933
0.922681
0.998665
1.110328
0.967963
1.004237
1.007379
1.073176
0.972698
0.949229
1.086988
1.027366
0.941013
0.973001
0.957901
1.044611
0.940509
1.046669
1.062330
1.026240
0.956019
0.991825
1.083879
0.970822
1.014408
1.078409
0.975399
1.044830
1.117908
1.052001
1.005399
1.009589
0.960266
1.032674
0.996743
0.916713
1.018013
0.950226
1.021125
1.111118
0.957017
1.013579
1.021527
0.979816
1.053560
1.045212
0.990715
0.978528
0.951358
1.071525
0.996470
1.040143
0.984918
0.972105
0.938493
0.981754
1.053950
0.986791
1.035656
1.099511
1.048068
0.992357
1.124745
0.976878
0.956332
0.960146
1.042662
0.963469
1.019160
1.105280
1.022940
0.977772
0.984043
0.934632
1.051365
1.089747
1.064568
0.971573
0.997276
0.932370
1.036616
0.947804
1.016315
1.007442
1.021947
0.979122
1.002924
0.977825
0.910626
0.947845
0.983640
1.072704
1.108754
1.025431
1.043767
0.978419
0.952336
1.026128
0.958696
0.981775
1.053366
1.011768
1.001171
1.010901
0.939414
1.000133
1.015445
0.977724
0.995719
0.990007
1.019336
1.052623
1.042434
1.003048
0.844368
0.989149
1.070608
1.023181
0.934356
1.012194
1.071933
0.949820
0.966802
1.060103
0.989271
0.990261
1.057776
1.034976
1.100676
0.995870
1.095419
0.995974
0.956431
0.951609
0.921758
0.942149
0.930403
1.024270
0.975275
1.102837
0.942961
0.980690
1.051044
1.017590
1.054122
0.964595
1.036161
0.944486
1.064402
0.949800
0.908336
1.014215
1.001611
0.936484
0.981662
0.928432
1.065098
1.029718
1.012576
1.062880
0.966725
0.951223
0.925694
0.977392
0.992855
0.897626
1.059343
0.944442
0.938309
0.996641
0.991343
1.059004
1.032336
1.065488
0.955803
1.050594
1.017660
1.008417
1.023454
0.910796
1.014204
0.934095
1.025653
1.032156
1.003350
1.031790
1.035079
1.097318
0.992218
0.952625
0.985597
0.957605
0.958605
1.081664
0.994052
1.036748
0.957763
0.959720
0.965250
0.984141
1.041919
1.020612
0.980644
1.026065
0.922095
0.982273
1.002517
0.965747
0.973520
1.003315
0.978055
1.011162
1.038681
0.963023
0.952551
0.994934
0.952698
0.947472
0.949684
0.880909
1.033259
0.975339
1.074752
1.068704
0.994783
1.105019
1.052210
0.902895
1.017203
0.972117
1.043076
1.011348
0.984398
1.020922
1.029098
0.985315
0.874817
0.978420
0.949366
1.058055
0.901690
0.906561
0.977661
1.009209
1.034987
0.969246
0.893336
1.037337
0.968262
0.988327
1.059407
0.997143
0.923280
1.053003
0.909091
0.993224
1.036604
1.080341
1.007468
0.970358
1.004200
0.969792
1.032479
0.978995
1.037333
0.966525
0.995932
1.042157
1.048356
1.040820
1.072655
0.951140
1.007767
1.056242
1.006344
0.978852
0.999055
1.003224
0.971297
0.958825
0.980589
1.019679
0.954549
0.969153
1.010609
0.962784
0.950912
0.919828
1.017556
1.108922
0.912338
1.016004
0.905600
1.026391
1.020859
1.005643
1.002636
1.076433
1.040265
1.060971
1.006781
0.989233
0.935070
0.983829
1.005890
1.046936
0.967144
1.030000
0.946310
0.962975
1.032683
0.965034
0.948130
1.042194
1.090518
0.930443
0.991952
0.984325
0.992058
0.923511
1.002578
0.944664
1.050930
0.916674
0.968302
0.953596
1.021058
1.116357
0.983894
1.075149
0.950594
0.985301
1.014002
0.975501
0.898238
0.985480
1.047774
0.948236
1.088760
1.019462
0.967408
0.998539
1.012728
0.938114
0.992936
0.999935
1.051925
0.887616
0.964945
0.964469
1.027670
1.041393
0.976855
1.011919
1.000618
0.972684
0.906537
0.965488
1.028016
1.026194
0.991363
0.886936
1.060430
1.013223
0.953076
0.964456
0.971492
1.024448
0.921107
1.014851
1.008888
1.025305
1.038048
0.911110
1.119891
0.976097
0.948397
1.061116
0.999571
0.989926
1.040339
1.085885
0.987004
0.912719
1.046318
0.910994
0.951057
1.013820
0.908223
1.010097
0.908963
1.049509
0.976806
0.994306
0.961932
1.002956
0.992046
0.981002
0.917071
1.014416
0.898647
0.960814
0.977735
0.878504
1.033707
0.989674
0.930577
1.046950
0.986274
0.947696
0.968207
1.078695
1.040809
1.091290
0.911169
0.907767
1.017530
1.045692
1.005237
1.003321
1.045057
0.994641
0.933665
1.006519
0.988648
0.970711
1.070235
0.982705
1.013055
0.931532
1.030937
0.979766
0.906709
1.058544
1.022006
0.952878
0.984980
0.943790
1.037918
0.930119
1.047478
1.038679
0.995611
1.095880
0.965227
1.040575
0.968350
1.010855
1.014637
0.990899
0.984267
1.002933
0.952284
1.039742
1.035460
1.064403
1.024535
1.015660
1.021529
0.932795
0.968570
0.957595
0.885369
0.979425
1.022387
1.000581
0.979635
0.913384
1.015480
0.979967
1.018118
0.897254
1.050032
1.033756
0.979915
0.975658
1.058687
1.011177
1.008096
0.938522
1.081033
1.083717
0.999463
1.067430
0.942568
1.001001
1.030003
0.967844
0.997035
1.023916
1.011240
1.025871
1.000301
0.965175
0.887351
1.010229
0.980468
1.071106
1.018552
1.050080
0.969022
1.007239
0.988744
1.056609
1.040756
1.065854
1.069252
1.008187
0.981664
0.950240
0.983903
1.002170
0.987633
1.110803
0.996243
0.995015
1.009847
1.007829
1.042207
1.050754
1.041837
0.991541
0.964025
1.000683
1.047202
0.942103
1.025922
0.966536
0.995539
0.989982
0.989467
1.031884
1.072693
0.979686
1.006189
1.049134
0.963180
1.018548
1.063985
0.979197
0.937149
0.908999
0.993178
0.893479
0.970979
0.964347
1.026712
1.014685
0.919729
0.934805
1.025910
1.031662
1.057631
1.018612
1.030612
1.085514
0.935255
1.033797
0.996808
0.976411
0.979025
1.063533
0.921181
1.033528
1.050402
1.090151
0.997980
0.968926
0.923604
1.009983
0.949654
1.003116
0.990488
1.021247
0.991405
0.992794
1.061374
1.003940
1.062102
0.959407
1.022316
1.017841
0.978121
0.942955
0.952736
1.016516
1.048067
1.012263
1.066749
1.011411
0.994251
1.002533
1.040510
1.059371
0.910760
1.017934
1.006499
1.046463
1.017426
0.969085
0.918363
0.933048
0.891002
1.104259
1.002105
0.986447
0.991480
1.003884
1.003935
0.951199
1.022827
0.973743
1.023676
0.999709
1.036161
1.013657
0.919285
0.975337
1.039548
1.004748
1.026396
0.980374
1.039804
0.965336
1.052618
0.997693
0.958286
1.027545
1.010265
0.966939
0.895518
1.029640
1.033231
1.007515
0.938053
0.973281
1.034891
0.952896
0.957483
0.966275
1.054780
0.957674
0.928854
1.007699
1.059240
0.937332
1.027463
1.034738
0.969988
0.993034
1.001607
0.996492
0.951606
1.067533
0.911456
0.965120
0.985472
1.066108
0.949137
1.055149
0.976753
0.958342
0.923175
1.048255
0.939891
0.999761
0.996075
1.031456
0.953980
1.035762
1.007927
1.015747
0.938920
1.060657
1.018967
1.010000
1.026947
0.881579
1.022472
1.117343
0.928046
1.025615
1.082296
0.998860
0.992231
1.018157
0.983121
1.080079
1.034109
0.977909
1.039026
0.941911
0.982299
0.943658
1.025905
1.012339
0.975682
0.994456
0.941878
0.990196
0.911151
0.963813
0.989938
0.930685
0.980466
0.998810
0.955586
1.091047
0.956827
0.975677
0.905303
1.080994
1.052165
0.890564
1.020757
0.993425
1.042330
0.901042
0.935553
0.954394
1.030714
1.019958
0.943173
0.959839
0.980532
1.009874
1.087391
1.004487
1.007038
1.016054
0.994527
1.085143
1.033471
0.983117
1.000478
0.996242
1.077888
0.891037
1.042068
1.021919
0.977163
0.949312
0.987096
0.959108
1.031590
0.959719
1.180458
0.989043
0.958196
0.967204
0.972581
1.024807
1.036021
1.015559
0.965735
0.992527
1.030013
1.083988
0.958043
1.040653
1.002621
0.960382
0.966609
1.096966
1.025834
0.963192
0.986196
1.005373
0.993941
0.948618
0.947112
1.030455
0.977658
0.947215
1.044655
0.932171
1.002534
0.982023
1.018568
1.016220
0.914337
1.043698
0.995319
0.995392
1.118341
0.974324
0.995357
1.016606
1.007162
0.961193
1.027141
1.002485
0.911658
1.045420
0.969902
1.047518
1.010337
1.056104
0.898193
0.975218
0.950231
0.975959
1.068742
0.978303
1.116615
0.948171
1.009453
1.037811
0.957729
1.008241
1.054653
1.070038
1.074263
1.058985
0.929530
1.051768
0.980136
0.964702
0.961200
0.973620
0.974640
0.891593
1.032453
1.063048
1.057198
1.033872
1.027361
1.000731
1.074130
1.021172
1.034155
0.964625
0.978450
0.943221
0.998184
1.028764
0.969143
1.085921
1.019354
0.942711
1.051923
0.963040
1.014625
0.998688
0.941652
0.993145
1.003078
0.983331
1.070191
1.005616
1.099858
0.960464
0.975564
0.995916
1.020632
1.019319
1.077171
1.056718
0.930669
0.971422
1.046842
0.977063
0.999688
0.992380
0.986783
0.984840
1.015340
1.008745
0.940405
1.091106
1.039779
1.100188
0.956809
1.075610
0.942568
0.985539
0.993447
0.942067
1.081099
1.067603
0.972866
0.984084
1.003793
1.054337
0.956048
1.015182
0.971693
1.014267
0.944426
0.984645
1.003064
0.977094
0.964247
1.005455
0.951454
1.069573
0.971931
0.939801
1.015299
1.031299
0.936914
1.047425
0.964025
0.883553
0.986422
1.062253
0.976385
1.032954
0.972806
0.971379
1.060639
0.928103
0.984611
0.955348
1.051935
0.880632
1.097145
1.019086
0.986327
0.979112
1.019673
0.990453
0.962429
0.932043
0.926147
1.044935
0.960790
0.979562
0.966711
1.053112
1.038120
0.976935
0.976498
1.007817
0.933892
1.006196
0.974966
1.006577
0.998135
0.954167
1.078990
0.961964
1.038094
1.002523
0.937989
1.043278
1.021172
0.980913
1.023149
1.063053
0.996855
1.080792
1.049369
1.006256
0.913188
0.891694
1.001035
0.987139
1.024460
0.945152
1.140976
0.943220
1.010801
1.005352
0.981069
1.032567
0.957622
0.955371
1.015760
1.088700
1.072252
1.066041
1.110029
1.007513
0.912202
1.060170
1.061311
1.036904
1.033002
1.014899
1.038726
0.968755
1.003119
0.995948
1.057248
1.055267
1.064550
0.994541
0.969763
1.026902
0.947769
0.975684
0.997344
1.007078
0.997038
0.967777
1.082183
0.997047
1.080748
0.928677
1.085467
0.936163
0.996854
1.041116
1.001420
1.010800
1.059227
1.003603
1.099528
1.052676
0.994640
0.941866
1.019854
0.979290
0.947381
1.007455
0.876675
0.995973
0.995825
0.940744
0.911732
1.032199
0.945622
1.031368
1.053247
0.940455
0.923091
0.972115
0.959832
0.970868
1.046939
1.101249
1.057256
0.997508
0.974492
1.002486
0.932703
0.993742
0.864639
0.962787
0.995404
0.965508
1.061903
1.105133
1.020585
1.051483
1.060988
0.994520
0.906208
1.069856
0.965727
1.013809
0.965552
1.039291
1.097686
1.044614
1.024359
1.059840
0.944762
1.022504
0.926053
0.981461
1.112844
0.907841
0.978591
1.091464
1.004871
1.016400
0.947623
1.042321
0.967982
0.983834
0.904970
0.919596
0.941310
0.876525
1.046908
1.039799
1.019337
0.986102
1.081841
0.955316
1.035827
1.010986
1.007091
0.859724
0.955038
0.962355
1.064240
1.067830
1.001499
0.951205
1.051095
1.031614
1.025855
0.988438
1.087961
0.963843
0.976839
0.975766
0.964577
0.999347
1.042753
0.932814
1.012829
1.071857
0.934598
0.943952
0.923407
0.961908
1.022586
1.025102
0.997022
1.013930
0.992459
1.065567
0.991239
1.045796
0.976888
1.007077
1.019341
0.861902
1.054450
0.981177
1.007829
0.915601
1.010285
1.022386
0.974785
1.020848
0.909522
0.987328
0.986389
1.012246
1.107087
0.987301
1.075430
0.940554
1.041758
0.995930
0.991125
1.039761
1.010567
0.956651
0.887856
1.014476
1.042920
0.971440
0.961546
1.071908
0.953982
1.018200
0.931446
0.998069
0.935047
1.000622
0.906012
0.856881
1.023616
1.050084
1.015250
0.966095
1.028293
0.990945
1.119304
0.998694
0.864243
0.979661
1.007177
1.086178
1.017547
1.060946
0.886059
1.031793
0.982783
1.038496
0.942364
1.014281
1.015445
1.075540
1.001524
1.020049
0.908312
0.995574
1.017329
0.952657
0.996777
0.924840
1.048710
0.963961
1.040570
1.031609
0.992665
1.029158
1.036934
1.020223
1.045221
0.926226
0.869322
0.906039
0.988558
0.965673
0.972134
0.966157
1.076957
0.972462
1.007684
1.006699
1.032865
0.936293
0.956712
0.993113
0.978840
0.922959
1.019459
0.942556
0.933723
1.049338
1.001769
0.958920
0.962765
1.068696
0.932553
0.921028
0.954539
0.965694
1.009014
0.997753
1.006850
0.970761
1.001274
0.978032
1.003675
1.012659
1.009616
0.858527
1.057566
1.119743
1.027597
0.969410
0.976699
1.045146
1.031699
0.975097
1.028460
1.001708
0.984312
0.987795
0.927179
0.946173
0.991884
0.987659
0.998293
1.027470
1.049348
1.026640
1.002610
0.918685
1.021779
1.019710
1.011704
0.995389
1.074020
1.055646
0.940098
1.056497
0.898784
1.046819
1.091006
0.919967
0.956455
0.997413
0.984052
1.026630
1.080235
1.111902
1.012160
0.991972
1.033481
0.917851
1.020170
0.998756
1.025806
0.969856
1.016956
1.043134
1.057652
1.074589
1.015358
1.047855
0.895036
1.070483
1.020635
0.941654
1.031802
0.997718
1.014659
0.992967
1.003318
1.017487
0.938434
0.989254
1.084664
0.939467
0.969374
0.975779
1.018906
0.989441
1.007173
0.996504
1.009932
1.049871
0.972911
1.014989
1.014107
0.965304
1.027441
0.947985
0.991995
1.011177
1.047119
0.914071
1.028543
0.966553
1.060846
0.974107
0.985259
0.990296
0.979163
1.037353
1.048873
0.997584
0.946680
0.977769
1.006050
1.031662
1.064734
0.963270
0.886214
1.013174
1.033023
0.999505
0.958810
1.025736
0.945752
0.996556
1.023309
1.038243
0.990657
0.969528
1.027769
0.915309
1.061973
1.050765
1.015569
0.963468
1.046597
1.035421
1.046182
1.097394
0.946581
1.015751
1.021487
0.950058
1.038984
1.051519
1.044488
0.991811
1.063606
1.000492
1.046172
1.025586
0.982282
0.987336
0.994893
0.996716
1.115536
0.999718
0.978430
1.026355
1.041270
0.953636
0.934987
0.926956
0.959902
0.938511
1.028745
0.943817
1.050403
0.917012
0.989638
1.090320
1.033629
0.930623
1.007533
0.979690
0.942491
1.031257
0.976462
1.005281
1.053256
1.023138
0.984782
0.916147
0.910144
0.958594
1.018318
0.992002
0.875067
1.000051
0.989569
0.976326
0.971624
1.015332
0.987345
1.028892
0.974167
0.955859
1.010390
1.036965
1.009683
1.062843
1.036101
0.917581
1.056867
1.011449
0.927734
1.001012
1.056418
0.947063
1.048274
1.042173
0.971694
0.993403
1.010687
1.055707
1.023961
0.946534
0.960339
1.129917
1.055879
1.040258
1.065035
1.011767
1.034244
0.942987
1.020397
1.074672
0.900136
1.045159
0.958149
0.954594
1.004211
1.003421
1.004635
1.049216
0.969494
0.996377
0.977512
1.072000
1.033680
0.916645
1.069871
0.983008
1.039859
1.071985
0.981713
0.995829
1.039339
1.022979
0.975938
1.042290
1.048623
0.928354
1.004742
1.031968
0.963414
1.018858
1.030423
1.073057
0.930591
0.979435
0.979011
1.090300
1.018898
0.986555
0.887512
1.009209
1.006382
1.026211
1.036431
1.004131
0.957008
0.965718
0.894844
0.938542
1.047506
1.047400
0.979300
0.973464
0.993096
1.038308
0.914438
0.990441
0.934570
0.972037
1.033303
1.057349
0.922655
1.064207
1.056506
0.971946
0.941516
1.079638
0.939108
0.982907
0.920421
1.026218
1.043930
0.987559
0.983768
1.052754
0.929329
1.010181
0.940192
0.987051
1.024116
0.948385
1.085513
1.012542
0.914933
0.984436
0.943924
1.001613
1.118915
0.932922
0.899940
1.023028
0.950567
1.023734
1.107777
0.967808
0.975586
1.096083
1.019254
0.894288
1.106285
0.957417
0.939497
0.972000
0.951311
1.032359
1.072685
1.009176
1.042300
1.068190
1.012080
0.912857
1.017759
1.036914
0.974572
0.864483
1.019047
1.022965
1.026724
1.010676
1.027469
1.008881
1.014282
1.058129
0.978175
0.956959
1.086244
1.059093
1.063260
0.954468
1.006427
0.949667
0.980972
1.035116
0.898034
1.092679
0.997035
0.901645
0.977585
1.039683
0.966107
1.064171
0.951530
0.964017
0.987403
0.969329
0.967693
0.952289
1.001253
1.010894
1.025516
1.074844
0.929216
0.952174
0.978778
0.964312
1.005250
1.021545
0.972197
0.964506
1.024752
1.051541
1.005243
0.973518
1.110325
0.975315
0.972680
0.906491
0.940406
1.086240
0.957380
0.943763
1.069441
0.918633
0.984217
0.979996
0.982891
1.066767
1.087932
1.096725
1.013809
1.026361
1.048158
0.953953
1.059568
0.921857
1.071118
1.031808
0.936886
1.026196
1.053828
0.941985
1.046463
0.863243
0.937783
1.004890
0.916923
0.967031
0.918224
0.959366
1.041084
1.013036
0.979551
1.008198
0.940858
1.060033
0.984027
1.017939
1.015203
1.090088
1.011099
1.131255
0.925902
0.961904
0.967581
0.929602
0.981523
1.099715
0.967622
0.970779
1.002910
0.927251
0.964699
1.090278
1.043600
0.965661
1.039420
0.947826
1.065534
0.912171
1.051767
0.950783
1.016810
1.040551
0.974475
0.965946
1.008522
1.038036
0.974196
0.967608
0.952460
1.018029
1.067654
0.932954
1.039701
0.972016
0.992248
0.986577
1.029346
1.070912
1.057881
0.982928
1.062888
1.036537
0.982560
0.943269
0.921234
1.017985
1.074043
0.929977
1.072609
1.043879
1.091126
0.951614
0.972146
1.036637
1.052024
1.068612
0.927050
0.925279
1.028098
0.983494
0.952545
1.063699
1.019248
1.009681
1.091514
1.030811
1.062634
1.007573
0.980854
0.960882
1.052850
1.060171
0.949916
0.973582
0.976373
1.048337
0.966802
1.007628
0.962973
0.999112
1.016823
1.080855
1.005346
1.030215
0.996439
0.985775
0.941035
1.002742
0.998955
0.995367
0.997890
0.961877
0.916746
1.012993
1.057697
1.055602
0.979152
1.010090
1.048889
1.057446
0.969835
0.953358
1.020536
1.103562
0.998661
0.987761
1.006117
0.963319
1.046482
0.951367
0.977187
0.957604
0.971809
0.963163
0.946488
0.953780
1.081440
0.982644
0.973602
1.050779
1.060289
1.110966
1.005545
0.954932
1.035409
0.983993
1.027621
1.040128
0.992427
1.020149
0.968921
0.964874
1.026934
0.914121
0.930733
0.971452
1.023724
0.944789
0.908018
1.104007
0.955577
0.944479
1.006641
1.029614
1.120133
0.977659
1.027117
1.024229
1.003654
0.990411
0.909138
0.982145
0.941677
0.975598
0.869560
1.018206
1.064137
1.047385
1.038821
0.925877
1.050693
1.029319
0.939002
1.016251
1.066437
1.018329
1.015916
0.975114
1.002847
0.953794
1.058933
0.987726
0.994261
0.925544
0.897858
0.970013
1.000649
0.981943
0.932925
1.095086
1.031100
1.013316
1.066589
1.023427
1.069984
1.064101
0.967687
0.979558
0.965526
0.986872
1.022719
0.940063
1.006002
1.077263
0.962133
1.068799
0.939219
1.049112
0.977191
1.055710
1.005481
0.991031
1.020431
0.949536
0.983194
1.006457
0.890795
1.014251
0.997157
0.955587
1.016123
1.087341
0.961636
0.941212
0.902981
0.986508
1.147355
1.016226
0.968066
1.000990
0.944668
1.020009
1.018411
1.005374
0.900497
0.944342
0.974791
1.041879
1.065045
1.029891
0.880787
0.967649
0.989541
0.997507
0.997242
0.972178
0.993646
0.959144
0.990829
1.111742
0.919871
0.924515
1.077017
1.015028
0.912941
1.003778
1.036236
1.036487
1.014024
1.068023
1.018756
1.027411
1.116317
1.008937
0.943144
1.101192
0.950948
1.054196
1.055183
0.967840
0.982433
1.016642
1.002904
1.084351
1.024177
1.004364
1.088125
0.922934
1.097891
0.969102
0.931533
0.996620
0.977868
1.064296
1.005948
0.965179
0.981933
1.004375
1.070398
1.008196
1.014169
0.990442
0.998189
0.911631
1.000757
0.933800
0.948261
0.982829
1.004203
0.979048
1.059329
1.044360
1.008218
0.995829
0.988735
0.922703
1.004818
1.056030
1.077117
1.037660
0.972735
1.048404
0.947993
0.905944
0.882572
1.029227
0.939887
1.028053
1.102884
0.995911
0.994413
1.129367
1.061957
0.983365
0.932509
0.958864
0.914394
1.014110
0.930046
0.943934
0.983061
1.008297
1.066239
0.962468
1.059672
0.985515
0.880243
0.941246
1.082184
1.036407
0.912687
0.917670
0.930872
0.987562
1.064668
0.981368
0.963070
0.935736
1.067651
0.940886
0.935789
0.976695
0.943214
0.925628
1.073128
1.068392
1.037227
1.039920
1.025037
1.026325
0.982985
0.999487
1.032089
1.049258
0.958426
0.960257
1.081479
1.079335
1.041999
1.052149
0.971728
0.947614
1.012630
0.888923
0.973499
1.044549
1.016608
0.986019
0.973215
1.054414
1.019803
0.881775
1.047102
1.031275
0.989360
0.933012
0.863930
0.987969
1.011137
1.028751
1.056043
0.977269
1.015514
0.943388
1.019189
1.014228
1.057795
1.034118
0.992118
0.910839
1.001162
1.014879
0.972513
0.984835
1.007007
1.056165
1.024127
0.976964
0.951283
0.925261
0.985273
0.950506
0.988476
1.000019
1.005451
0.935420
0.986139
0.969241
0.941105
0.941305
0.995570
0.968390
1.012735
0.887906
0.985709
0.978568
1.066742
1.021996
1.063672
1.010946
1.045100
0.946803
1.043405
1.010167
0.921510
1.019354
1.032297
1.105121
1.054169
1.010228
0.959501
1.001683
1.048636
1.047925
1.046115
0.992562
0.986084
1.015500
1.060160
0.940093
1.027876
0.937886
1.008792
1.036884
1.041193
0.978214
1.109884
1.031063
0.907221
1.048183
0.963553
1.054211
1.036931
1.030630
0.995879
0.891500
0.987135
1.030835
0.974066
0.914356
0.990803
0.943205
0.979058
0.957936
0.954518
1.071487
1.011247
0.989913
0.959442
0.967489
0.958472
1.044197
1.015766
1.010117
0.984103
0.984521
0.969610
1.084516
1.053115
1.012141
1.078400
0.951028
0.968801
1.019510
1.024129
1.004432
0.975277
0.998733
1.116768
0.937883
1.020582
1.015782
1.031563
1.013210
0.955278
1.024084
1.042626
0.952529
0.960862
0.990212
1.022855
0.954787
1.003782
0.978809
0.906403
0.954106
1.056463
1.071609
1.032048
0.959006
1.026472
0.983890
0.931691
1.056951
0.945987
1.002265
1.002005
0.967539
1.074741
0.989874
0.941434
1.044092
0.993613
0.999450
0.956773
0.862369
0.988468
0.974446
1.053699
0.972861
1.038838
1.073464
0.911668
1.019085
0.936004
0.923423
0.960461
0.966575
1.040057
1.024252
0.969193
0.935324
0.940950
0.993582
1.064100
1.037415
0.970702
0.962494
0.950256
0.987195
1.009312
1.002651
1.002701
1.012328
1.030702
0.973157
1.025789
1.088477
1.044366
0.950051
1.047018
1.026472
0.996458
0.963065
0.958113
0.956541
1.011870
0.942667
1.011541
0.909869
1.000783
0.946927
1.058576
1.019307
0.942725
0.918793
1.006994
1.045374
0.974218
0.997965
0.985102
1.025532
0.966777
0.995234
1.003339
1.058733
1.016531
1.074219
1.036665
0.954508
0.977739
0.946307
1.055469
1.006048
1.052604
1.000960
1.118783
1.080447
0.977482
0.987606
0.963381
0.957782
0.999823
1.009068
1.039222
0.989451
1.012863
1.002582
0.992786
0.939729
0.880337
0.951864
1.040866
1.059984
0.949818
0.949329
0.912849
0.984982
1.086369
0.972580
1.014011
1.005136
1.040371
0.974339
1.024965
0.998942
0.896690
1.073208
1.009711
0.955748
0.924831
0.957122
1.036711
0.956864
0.972375
0.972437
1.021028
1.041294
0.966703
0.905421
0.982451
0.902713
1.065526
1.014863
1.020680
0.982093
1.003186
0.934466
0.947773
0.994517
1.050200
1.016899
0.976698
1.014843
1.043298
1.062668
0.959608
1.051064
1.020295
1.000543
1.054333
1.007454
0.992361
0.994356
1.090527
1.014377
1.054409
1.017984
0.985548
1.008119
1.097540
0.993093
1.030041
1.016627
1.033283
0.979030
0.900111
0.964626
0.926597
1.062392
0.929139
1.047184
0.976620
0.931639
0.976258
1.016379
1.026953
0.988564
1.006423
0.991879
0.976412
0.997335
1.063724
0.999729
1.075051
1.006792
1.067240
0.937068
0.956478
1.068497
0.968759
1.057004
0.931701
1.022920
0.957782
0.972590
1.038679
0.939178
0.866157
0.983399
1.050497
1.000360
0.983847
0.996406
0.948803
0.937534
0.860219
1.053648
0.927377
1.028897
1.073322
1.062107
0.894858
1.053379
0.998012
0.930328
1.027892
1.016997
1.020154
0.899047
0.987747
1.085497
0.957831
0.986832
0.944226
0.975271
1.015852
0.994822
1.081173
0.985284
1.006254
1.021316
1.060953
0.997531
0.988246
0.956857
1.120927
0.927827
1.023070
0.998107
0.965991
0.991925
0.957995
1.067382
1.059672
0.919939
0.957251
1.004951
1.034703
1.030164
1.045534
1.042845
0.926247
0.945035
1.023994
0.973861
0.976490
1.030334
0.969017
0.942311
0.964905
0.881599
1.007469
1.102525
0.977964
0.932860
0.935212
0.938183
0.953186
0.962970
0.971849
0.963613
1.001999
0.953116
0.997230
0.913406
0.958889
1.045035
0.971134
1.048096
0.978514
0.969897
0.997017
0.956308
0.931330
1.038575
0.995822
1.039120
1.017743
1.001886
0.921082
1.028787
1.080596
0.986555
1.055667
1.017635
0.953620
1.004602
1.061220
0.946619
0.986359
1.030096
1.011820
1.002514
1.007092
0.946318
1.052967
1.025139
0.970740
0.890895
0.927436
0.985283
1.021681
0.993003
1.112651
1.065131
0.978723
0.922397
1.039679
0.980450
1.065023
1.026344
0.976803
0.902338
0.999250
0.978165
0.985853
0.907087
1.010864
1.017511
0.973739
1.043727
0.931744
0.941471
0.984709
0.967064
1.172742
0.998979
1.049201
0.925677
0.860633
0.992112
0.959994
0.960016
0.936527
1.061525
1.019586
0.960929
0.971914
1.085522
1.084612
0.894515
1.007931
0.962679
0.997828
1.033516
0.943808
1.012524
0.947508
1.048693
1.048238
0.933510
1.019334
1.025801
0.997308
1.019590
1.035672
0.973901
0.954168
0.967528
0.956785
0.947599
0.966416
1.011701
0.914556
1.000236
0.994474
0.916149
1.055538
1.057513
1.033712
1.024438
1.022189
0.925097
1.044962
1.064377
0.963483
0.997255
0.895541
1.004281
1.031873
1.098939
1.041661
0.987583
0.931388
1.022306
1.051418
0.879294
1.013240
0.974857
0.966784
0.958129
0.909773
1.111372
0.935177
1.108749
1.049210
1.000257
0.968660
0.998908
1.060722
1.046442
1.003477
0.953832
0.956645
0.973883
0.971325
1.096472
1.060643
1.054096
1.032399
1.009891
0.925780
1.033448
1.072387
0.968318
0.964224
1.034007
1.039954
0.948064
1.034557
1.028173
1.052779
0.969441
0.976028
0.959579
0.993622
1.001307
1.015706
0.995411
0.977982
0.995762
0.952572
1.016267
0.934103
0.995078
1.057055
0.982290
0.997127
0.986717
0.919846
1.037086
0.956346
1.021443
1.133754
1.008559
1.097568
1.090404
0.908654
0.912606
0.931108
0.990923
0.944446
0.908796
0.989075
0.978674
1.054320
0.978040
1.100724
0.964253
1.007374
1.051045
1.050943
0.981603
1.006022
1.031554
0.993287
0.979253
1.050266
1.060009
0.943301
1.030012
1.034635
1.013397
1.049452
0.967620
1.045103
0.962944
