1.002786
0.972896
1.042113
0.902187
1.021775
1.002051
1.015682
0.992311
0.949068
1.030915
1.020237
1.031813
0.983295
1.074622
1.087081
0.959031
1.094151
1.040413
1.044652
1.039814
0.934163
1.005201
1.044615
0.983032
1.046665
1.028502
1.022054
1.053226
1.058832
1.028952
1.024940
0.958506
1.027519
0.999236
0.982992
0.984113
1.012550
1.018134
1.038283
1.019435
1.042538
1.061833
0.942389
1.007345
1.000643
1.018122
0.985106
1.075442
1.112052
1.011825
0.988521
1.080912
0.906435
0.943036
1.052889
1.118286
0.902963
1.053987
0.995744
1.028511
1.095784
1.051397
1.030157
0.906245
0.974390
1.088770
0.879200
1.046827
1.050963
1.024113
0.965067
0.947673
1.026443
1.036332
0.957074
1.039438
1.031384
1.044473
1.008583
1.062256
0.971261
1.184574
0.954660
0.975151
1.043179
0.958972
0.997420
0.972020
0.944346
1.069686
1.067281
0.967656
1.086355
0.964997
1.004751
1.000861
1.060923
0.946680
0.981644
0.985553
0.938120
1.050177
0.936169
1.014674
0.959004
1.016320
0.990760
1.044318
1.020764
0.926890
0.975435
0.976083
0.987138
1.037406
0.980623
1.095462
0.969576
1.077147
1.045856
1.005512
1.005490
0.997669
1.074392
0.945923
0.905505
0.928664
0.975136
1.034227
0.970999
1.071021
0.932439
0.980869
1.040695
0.943941
0.984238
0.981388
1.034114
0.972223
0.980586
0.990950
1.004198
0.952270
1.025799
0.977692
0.967991
0.951396
1.074121
0.994082
0.997035
0.967891
0.991554
0.950194
0.961947
1.009692
0.981319
0.970683
0.940199
0.955124
0.908906
0.948402
0.967270
1.071764
1.011852
0.977923
1.034687
1.007713
0.947807
1.032244
1.015697
1.066254
1.025473
0.999257
1.047234
1.015251
1.023403
1.002392
1.004987
0.966620
1.047601
0.977375
1.051128
1.021712
1.016029
1.039846
1.027176
0.932236
0.892134
1.037290
1.013252
0.952265
0.994567
1.028761
0.936587
1.082440
0.971236
0.942984
0.977114
1.096334
0.994966
0.958462
1.055915
1.000798
1.030234
1.020756
0.936162
0.988626
0.989284
1.052970
0.981967
1.012821
0.977145
1.068952
0.997523
1.079668
0.924204
1.049080
1.016039
0.998403
0.986084
0.984878
1.012293
0.989520
1.027017
1.073223
0.964331
1.009066
1.038342
1.009633
1.001294
0.986628
0.949750
0.994568
1.018456
1.084167
0.970708
1.034073
0.978363
0.906006
1.064517
0.930351
1.052305
0.947013
1.022436
0.931279
1.018219
1.101456
1.019217
0.997767
1.001838
0.987894
1.005402
1.050828
1.060152
1.003840
1.081359
0.974862
0.926667
1.011242
0.983120
0.988024
1.059850
1.014274
1.026247
1.029672
1.010647
1.080330
1.021539
0.910890
1.003938
0.982133
1.000304
0.979687
1.084783
1.035671
1.043454
0.965897
0.952790
1.063167
1.069492
1.017629
0.966435
1.023217
0.996235
0.955893
1.067099
0.947819
1.019164
0.982493
1.004293
0.991151
1.024983
0.903249
0.898449
1.018096
0.936673
1.056087
1.024202
1.009385
0.953567
1.035595
1.029752
1.018693
1.057007
1.010070
1.103593
0.933795
0.851104
0.972481
0.920161
0.946362
0.987645
0.981099
0.947132
1.028576
1.023382
1.068315
1.004582
0.983090
1.024949
1.060472
1.027143
1.008413
0.936798
0.904699
1.055093
0.994570
1.036761
0.992027
0.962766
0.986067
1.046423
1.054828
1.019999
0.978946
1.019976
0.968156
1.008623
1.081381
1.068086
1.079295
0.953629
1.076124
1.011242
1.075736
1.047125
1.087779
0.878616
1.053635
0.874536
0.988863
0.953367
1.016938
0.947969
1.048609
1.039532
1.015092
0.985651
0.972907
1.063398
0.933941
0.961052
0.920319
1.105391
0.893061
1.029641
0.910375
0.966774
0.981355
1.022920
0.975639
1.022944
0.998503
1.006722
0.973271
1.017871
1.030635
1.107462
0.993127
1.091653
0.990733
0.909231
1.017322
1.026706
1.001783
0.988234
1.058640
0.987996
0.945769
1.011683
0.952978
1.044388
1.028218
1.077633
0.970478
0.905714
1.079948
1.071534
1.031016
0.997370
1.030557
0.939393
1.098173
1.001791
1.038928
0.973223
0.906157
0.951811
0.990893
1.047266
1.040819
0.869093
1.052606
1.017224
1.001450
1.054735
1.050271
1.080133
1.014073
0.964074
0.979938
1.049045
1.009407
0.997784
1.012935
0.987653
1.001908
1.024978
1.039160
0.957299
1.009280
0.935909
0.998430
0.935983
0.965114
0.970758
0.958230
0.944307
1.032809
1.001363
1.013136
1.049368
1.008130
0.986208
0.977148
1.029973
1.030682
1.014022
0.983877
0.996445
0.971595
0.945611
1.121210
1.023262
0.966429
0.966792
1.038593
0.986683
1.025953
1.081522
1.014805
0.993211
1.003162
1.097441
1.023337
1.030978
0.985312
0.978614
0.953001
0.973897
1.054507
1.077486
0.966136
1.009573
1.047180
0.985709
0.984765
0.962754
0.973435
1.026424
1.002542
1.037631
1.077080
0.979782
0.999259
1.101808
0.932594
0.988323
1.020870
1.007950
0.985728
1.024665
0.933162
0.943779
0.953761
1.057491
1.100807
0.976353
0.940667
0.944491
0.920613
1.039479
1.042761
0.994280
0.993330
0.997368
1.106089
1.063249
1.008380
1.005922
0.988699
1.104463
0.998732
0.947805
1.048765
0.996030
0.980341
1.040951
1.009870
1.034729
0.912366
0.922048
1.069563
1.008391
0.964620
1.022079
1.094504
0.917594
0.928330
0.944123
1.051822
1.014273
1.037074
0.943619
1.088419
0.997018
0.988299
1.003708
0.997136
1.057003
1.001831
1.062253
1.007970
1.007193
1.012226
0.940904
1.025419
0.963589
1.021529
0.947754
1.000287
1.034082
1.072490
1.065058
1.055068
1.128775
1.042269
1.003321
0.992829
1.061551
1.004085
1.063366
1.001226
0.963931
1.064816
1.061360
1.062508
0.987907
1.000116
1.049541
0.997414
1.029559
0.938269
1.015746
1.115618
1.033673
0.981315
0.978771
1.054158
1.046397
1.033826
0.977020
1.068396
0.949973
1.087500
0.984005
0.948240
0.896940
1.011570
0.904662
1.048613
0.979094
0.952399
1.016058
1.110474
1.042288
1.034024
1.019044
1.037349
1.015246
0.929881
0.934909
1.006738
1.073065
1.029484
1.014649
0.905578
0.911498
0.985226
1.026063
0.942340
0.906692
0.947466
0.999610
1.002953
0.950974
1.006521
0.942939
1.067706
1.029414
1.025070
0.939228
1.061945
1.027795
1.103810
1.080707
1.084378
0.971128
0.979826
1.038732
1.080268
0.933065
1.020712
0.991882
0.973646
1.030998
1.021347
1.008278
1.140153
0.991839
1.050637
0.907970
0.978513
1.032950
0.851151
1.049296
0.966139
1.010402
0.987710
1.068652
0.970241
1.099022
0.973490
0.955357
0.953434
1.046242
0.961827
1.044569
1.017081
1.031218
1.035386
1.078197
1.054986
0.959333
0.981641
0.952314
1.063250
1.066327
1.038729
0.936568
0.995878
1.004805
1.052731
1.028246
1.022702
0.928950
0.992434
1.053375
0.929167
0.949702
1.086345
1.067776
1.040231
1.026646
1.036812
1.036526
1.054463
0.960674
1.016495
1.077271
0.991840
1.039996
1.094686
1.064381
1.003753
1.005093
1.033307
0.988299
1.080135
0.970407
0.995276
0.939307
0.997914
1.082036
1.019699
1.025169
1.005776
1.004032
0.949356
1.040231
1.027995
1.074963
1.028991
1.024727
1.005260
1.004514
0.943057
0.966611
0.965475
1.027800
1.010738
1.030017
1.000786
0.991381
0.949546
1.034397
0.852351
1.043930
1.019368
0.974866
0.973139
0.979319
0.985684
1.014005
1.046410
0.969346
0.983432
1.004918
0.919123
1.026402
0.962307
1.050602
1.047408
0.985825
1.010491
1.001542
0.994477
0.950988
0.952866
1.058544
0.993292
1.007091
0.942594
0.974340
0.990211
1.036481
1.033820
0.987460
1.005498
0.952112
0.994639
0.954537
1.015556
0.905116
0.984559
1.083882
0.961373
0.959834
0.999858
1.044892
1.084816
1.051047
0.882641
1.048670
0.960950
0.929826
0.972925
1.035089
0.952902
1.095424
1.007511
1.052830
1.053584
0.912620
0.986559
1.055893
0.914811
1.037103
0.938515
1.003822
1.087222
0.965560
1.048675
1.059295
0.939094
0.917399
1.131719
0.882565
0.961313
1.018288
1.006849
0.996278
1.053057
0.941039
1.008121
0.978719
1.013785
1.024537
1.024150
0.999814
0.987894
1.062082
0.958569
0.964349
1.012034
1.024592
1.009362
0.992824
1.022318
1.091127
0.978910
0.969038
1.041911
1.060016
0.990442
1.084142
0.977628
1.004339
1.052431
1.019387
1.008199
0.992231
1.056107
1.033889
0.933266
1.023209
1.030389
1.037522
0.994520
0.885919
0.964393
1.046472
0.990925
1.088748
1.017972
0.968727
0.935108
1.104358
1.044348
0.999461
1.048560
1.065360
1.062256
1.040224
1.019767
1.032723
1.013326
1.047408
1.012465
1.054737
0.932262
1.032807
0.961378
0.965540
1.033370
1.018180
0.955095
1.017796
1.020032
1.075898
0.968269
1.026359
1.001430
1.020385
1.054011
1.036962
0.974923
1.009135
0.959623
1.054824
1.055074
0.958625
1.005852
0.968117
0.965224
0.984435
1.006830
1.096001
1.010793
0.971599
1.016620
0.957349
0.952008
0.851649
0.989572
0.985491
0.999707
1.028093
1.020251
0.981707
1.026231
1.016842
0.942005
0.962362
0.981243
1.018374
0.981527
1.021582
1.101095
1.040620
1.030552
0.880801
0.937901
0.985265
1.018719
0.925415
0.960916
1.057141
1.112686
1.015408
0.985708
0.958968
0.971541
0.900581
0.974867
0.914557
1.008430
0.989038
1.055663
1.074303
0.921790
1.062949
0.995116
0.988347
1.011165
0.947791
1.051155
1.067073
0.999256
1.084344
0.987071
0.947991
0.952029
1.015290
1.103820
1.038028
0.950736
0.992398
0.981905
1.074046
0.991542
0.931021
1.064166
1.025031
1.008656
0.917235
0.935324
1.077167
1.052674
0.993549
1.029207
1.040053
0.991732
0.979707
1.008176
0.940264
0.956086
1.059077
0.997987
1.027292
0.983767
1.101559
0.978931
0.972235
0.999143
1.051751
0.982208
1.019376
1.032874
1.019331
1.164319
0.976266
0.946903
1.009888
0.936594
1.090105
1.042483
0.892120
0.929263
0.922385
0.978449
0.969400
1.033877
0.967548
1.046455
0.975143
1.019186
1.025694
1.038516
1.001666
1.009288
0.969950
1.008071
0.972648
1.022662
0.972288
0.999077
1.009876
0.945037
0.977465
0.884784
1.008856
1.055688
0.952208
0.972936
1.034102
1.000300
0.998756
0.986529
0.925510
1.055493
0.993746
1.033312
1.049647
1.006571
1.031599
0.944719
1.049563
0.893270
1.029712
0.993363
0.894425
0.999362
1.039517
1.047428
0.980212
1.094127
1.044627
0.918593
1.055062
1.125137
0.965526
0.916086
0.944375
1.014323
0.969624
1.019061
0.986881
0.987312
0.924314
1.078892
0.937538
0.984797
1.043646
1.012663
1.010570
1.040157
1.045758
1.000984
0.979465
0.935324
1.033821
1.021540
1.021218
0.980848
1.017977
0.918505
0.986573
1.015126
0.966270
1.056339
0.985434
0.947821
1.016565
0.958871
1.034282
1.030055
0.993963
0.938175
1.061747
1.096338
0.934393
0.887248
1.038697
0.984351
0.993691
1.039866
0.962071
1.009155
1.010679
1.051871
1.020101
0.865127
0.906086
0.981729
1.002506
1.065146
1.041686
1.007070
1.028330
1.025975
1.047584
0.999157
1.031627
0.953657
1.041374
1.033343
1.025881
1.071981
0.928921
1.038566
1.056172
1.038195
0.883785
1.062121
0.974785
0.970085
0.995665
1.045213
1.001524
1.115911
0.955185
0.984533
1.113313
0.985599
0.947837
1.058509
0.981262
0.966610
0.924785
1.058071
0.932731
1.056329
1.070634
1.018637
0.989136
1.175165
1.050591
1.071757
1.004291
0.923003
1.061513
0.970893
0.957396
0.985547
0.950777
1.062751
0.963764
1.043589
1.040304
1.020187
0.992380
0.909720
0.979647
1.006171
0.901291
0.904641
1.077910
1.005102
0.964435
1.015995
0.943924
0.960394
1.060496
1.024165
0.966436
1.066020
1.020236
1.064490
1.065714
0.979434
1.047442
1.040767
0.958493
0.970294
1.042261
0.964000
0.963596
1.059182
0.937712
1.000349
1.025405
0.901904
1.000842
0.984236
0.971226
0.994096
1.026935
0.971374
1.027013
1.051853
0.919303
1.021481
0.910861
1.063755
0.971109
0.924783
0.936359
1.050774
0.955709
0.947559
0.897126
1.007089
0.975197
0.946074
0.945378
0.959389
1.049196
0.968119
0.999339
1.076236
1.009632
1.007737
0.918612
1.052492
1.010451
1.043451
0.971232
1.061030
1.097029
1.034232
0.913328
1.039564
0.998105
1.028182
1.026029
1.005640
1.049327
1.042783
0.946963
1.017704
0.990026
1.015260
0.938258
0.979216
0.995025
0.888256
0.977452
0.905804
1.042533
1.009180
0.978131
1.010221
0.995928
0.976557
1.071543
1.039700
0.972129
0.968347
0.946905
0.987263
1.021755
1.039873
1.054480
0.980199
0.961464
0.921238
1.000342
0.993820
0.988763
0.964325
1.037392
0.989094
0.996997
1.068912
1.000922
1.051091
1.017945
1.020951
1.016529
1.027471
1.035234
1.045858
1.011007
0.997485
1.084836
0.925593
0.972566
1.054997
1.020538
0.940863
1.112859
1.052351
1.013619
0.997571
0.936319
1.087164
1.034420
0.997534
0.990613
1.068877
0.982500
1.054690
1.013962
1.058376
0.960014
1.003718
1.063799
1.008855
1.010281
1.026322
0.957493
1.000569
0.948567
1.007994
0.925927
0.984246
1.022387
1.018115
1.073405
1.000794
0.971816
1.038496
1.008085
1.070336
1.003318
0.982880
0.890893
0.944188
1.013046
0.966076
1.026524
1.091178
1.006982
0.960501
0.989385
1.047275
1.044439
0.961468
1.013778
0.925126
1.047148
1.148023
1.010635
1.045197
0.963903
1.018492
1.069591
1.028794
1.022100
0.978035
0.972670
1.015352
0.958631
0.987044
1.081051
1.069705
1.112287
1.050393
1.067791
1.012133
1.052750
0.956101
0.994767
0.960270
1.047446
1.016352
0.943774
1.021280
1.025767
0.980830
0.984500
1.015557
1.039176
0.988044
1.022460
1.007932
0.995979
0.954631
0.993488
1.019205
1.031805
0.982432
0.960844
1.048245
1.122561
1.032434
0.989433
0.958476
1.026965
1.073993
0.997144
1.046389
0.979424
1.036703
1.053370
0.998279
0.937540
0.989841
0.970567
0.960064
1.057312
1.032689
0.985536
0.964753
0.994658
1.036673
0.921407
1.014828
1.045807
1.056137
1.053575
1.014227
0.916090
0.899008
0.957848
0.995139
0.980989
1.025052
1.043929
0.950751
0.884808
1.034488
1.058604
1.070744
1.002399
0.999222
0.947966
0.876103
0.999273
1.049082
1.071161
1.027443
0.978933
0.979656
0.940984
0.963595
0.986332
1.014823
0.905329
1.015048
1.058695
0.906877
0.971475
1.069270
0.942788
1.039447
1.052898
0.963048
1.038924
1.011618
1.056706
0.967862
0.976806
1.076530
1.010222
1.053464
1.024734
0.979020
1.047677
0.987037
0.991587
1.013385
1.102361
1.022174
1.072191
1.029052
0.925242
0.989930
1.104780
0.942811
0.979052
1.019552
0.953212
0.980376
0.883158
1.073930
1.002137
0.938032
1.032415
0.878067
0.975730
1.051829
1.056272
1.006895
1.019604
0.995618
1.003867
0.977584
1.021795
0.982499
0.992704
0.981534
1.003222
1.041729
1.031571
1.042505
1.062344
0.989344
0.945258
0.927619
0.976222
0.939444
1.127800
1.003226
0.997022
1.030051
1.028265
0.918270
1.016329
0.950936
1.072186
1.056966
1.035634
0.995376
0.933712
1.042193
1.040377
1.058685
1.012667
0.965730
0.960068
1.031516
0.908238
1.016634
1.005070
0.982499
1.021028
0.966580
0.982530
1.010258
1.096732
0.926663
1.019475
1.011625
0.958007
1.087858
0.966442
0.958129
1.068417
0.995384
1.006194
1.011233
1.016903
0.993651
0.993445
0.931607
0.988344
1.008987
1.015229
1.072859
1.044109
0.863520
1.010773
0.951722
0.949829
0.964343
0.981426
0.969424
0.984546
1.004836
0.970786
0.991069
1.072566
0.965099
0.973231
0.961864
1.031771
0.988871
1.051594
1.031680
1.036946
1.009578
1.052424
0.852546
1.022021
0.959981
1.038406
1.029314
0.965973
0.997520
1.021420
1.055662
1.019637
1.064531
0.996036
1.052873
1.089312
0.898912
1.061358
0.937670
1.084577
1.033797
1.016170
1.082568
1.014256
1.024494
1.018833
0.990380
0.938262
0.983907
1.013110
1.027376
0.995328
1.046404
1.048323
0.925909
1.005386
0.894798
0.944996
0.965148
1.029404
1.027865
0.914289
1.008287
0.968861
1.061943
1.023882
0.966305
0.976458
1.039232
1.041300
0.965222
0.910254
1.006168
1.023916
1.023539
0.876214
0.948623
0.978370
1.024126
1.015729
1.049975
0.955314
0.997027
0.941828
0.995658
0.973309
0.924832
0.967626
1.098910
1.011895
1.046067
1.058373
0.952053
1.029708
1.000507
0.917399
1.011728
0.953643
1.068162
0.962673
0.968376
0.910856
1.029429
1.099673
1.058984
1.035915
1.013382
0.944444
1.000083
1.026637
1.064273
1.024453
0.933070
1.090880
0.981408
1.085870
1.039919
1.046464
1.008518
0.951145
1.027393
0.964961
0.976246
1.030741
1.046300
0.988405
1.001247
0.982625
0.944481
1.011800
1.018379
0.959926
1.079669
0.890197
0.997397
0.980868
0.978188
1.078870
0.924964
0.962090
1.031718
0.961053
1.006450
0.960199
0.933305
0.902532
0.986650
0.923530
0.964649
0.976187
1.040859
1.091842
1.078144
0.991547
1.051906
1.016274
1.021080
1.075956
0.899213
1.034290
1.025388
1.025199
0.983870
1.054166
1.004482
1.016722
0.995063
1.011836
1.030964
0.981821
1.037229
0.921513
1.009087
1.015297
1.070862
0.972183
0.975088
1.030426
0.914573
1.044538
1.059397
1.009327
0.907586
1.032229
1.020637
0.951710
1.000300
0.999246
1.008513
1.007785
0.999664
1.002839
0.906347
1.079911
1.015233
0.924581
1.142404
0.916122
0.994326
1.005622
1.006843
0.960418
0.994161
1.025155
1.091643
0.979816
0.954156
1.006356
1.033016
1.045506
1.034118
0.985741
0.941279
1.028843
0.986088
0.986441
1.063805
0.990897
0.944412
1.022050
0.997513
1.011974
0.968426
1.013811
1.023161
1.026794
0.976263
0.894860
1.017156
1.028226
0.987559
1.011446
1.049707
1.024550
1.052735
0.962078
1.027832
1.007877
0.959834
0.860986
1.020685
1.004355
0.970002
1.038556
1.041244
0.972858
0.995518
1.042205
0.977040
0.971166
0.992323
1.031347
0.970506
0.979549
0.946311
0.976966
1.032369
1.062537
1.058147
0.890652
0.961207
0.995374
0.979414
0.974663
1.004470
0.941654
0.960623
0.999377
0.987721
0.899271
0.984540
0.968515
1.046047
0.902027
1.047206
1.076426
1.023318
0.919962
1.041163
1.045239
0.974901
0.937747
1.029969
1.012775
0.985317
1.017200
0.965725
1.003649
1.009321
0.986656
0.958478
0.896990
1.021757
1.016470
0.969867
0.991368
0.942724
1.054975
1.056127
0.954472
1.109110
0.929593
1.011792
1.053982
0.990966
1.035585
1.001131
0.986172
0.977202
1.024759
0.947959
0.984351
0.994681
0.986173
0.982591
1.070762
0.972729
0.964346
1.048889
1.028829
1.002215
1.013159
1.027501
1.014449
1.038090
1.074904
1.063335
1.080714
0.911517
0.980664
1.018886
1.017739
0.991285
0.972056
0.905524
0.980218
0.957334
1.018861
1.090337
1.015274
0.982782
0.972351
0.905369
0.974312
0.960203
0.993020
1.025905
1.089838
0.987805
0.987906
1.044852
1.041831
1.025039
0.958870
1.060368
0.997997
0.956027
0.990237
0.932336
0.991477
0.974624
0.967372
1.052543
1.005524
0.995628
1.082938
1.010425
0.984520
0.953289
0.982785
0.969770
0.992596
0.990440
1.066684
1.007862
1.036787
1.013421
1.022493
1.022703
0.912749
0.931604
0.987189
1.049298
0.928758
0.851057
0.926792
0.912919
1.074527
0.967451
0.964860
1.023421
0.952004
1.017561
0.920454
0.968859
1.017927
0.982198
1.045578
1.084323
1.009131
1.037100
1.014198
0.954210
1.000661
0.987786
1.057983
1.057549
1.073085
1.014408
0.975798
1.019868
1.028890
0.971846
1.019706
1.024509
0.943237
1.037365
1.018700
1.027444
1.038065
0.975801
1.108295
0.998871
1.016077
1.142146
0.965578
1.082350
1.016057
0.932986
0.968161
0.991291
0.983090
0.980806
1.012987
0.907675
1.048835
1.097534
0.958016
1.021432
1.033213
1.041915
0.992881
1.044107
0.990961
0.997340
1.020849
1.075633
1.047246
0.979784
1.101318
0.943396
0.956410
0.973186
0.978797
0.872936
1.012511
0.958231
0.914952
1.016944
1.013574
1.027198
0.986857
1.062217
0.960612
0.990207
0.925115
1.051572
1.055325
1.035154
1.141264
0.999647
0.925511
1.035885
1.075954
1.007641
1.029461
0.969639
0.946443
1.103200
1.001745
1.019956
0.996275
0.996544
0.868703
1.053200
0.972498
0.931195
0.957011
0.956971
1.001390
0.994626
1.026274
1.091125
1.059901
0.958699
1.073268
1.048886
1.021299
0.981355
1.075530
1.006599
0.997943
1.033433
1.002751
1.139357
0.938654
0.960503
1.119863
1.066251
0.935182
0.929253
1.004389
1.070190
0.983993
1.037879
1.051666
0.958595
0.873129
0.963527
0.995775
0.958515
0.921671
1.037463
1.005832
1.041596
1.043793
0.958172
0.987588
0.987543
1.058912
0.998981
1.081981
0.994512
1.001243
1.018527
1.043569
0.995087
0.981166
0.954750
0.928885
1.041234
1.099640
1.026680
0.974375
0.959604
1.076815
0.960321
1.044369
1.098157
1.056069
1.012350
1.029140
0.987889
1.029695
0.948561
1.009567
1.032771
0.927659
0.945456
0.974721
0.990490
0.994047
1.008799
0.994604
0.969197
0.932822
0.967567
0.958816
0.984429
1.008004
0.925945
1.004799
0.988592
0.962192
0.984131
0.912158
1.036104
0.955217
1.002721
0.994376
1.055889
1.012085
1.025692
0.994438
0.963094
0.943850
1.010571
1.123391
1.023353
0.952103
1.010816
1.023237
1.010924
0.947921
0.990354
0.926877
0.983639
1.000438
1.049699
0.934683
1.013882
1.034910
0.943276
1.056810
1.046383
1.050962
1.026922
1.059110
1.044807
1.079573
1.045974
0.935750
1.039293
1.023946
0.986423
0.983047
0.979519
1.036992
1.056834
0.910790
1.011471
1.080011
1.034040
1.088067
1.029381
1.006885
1.078855
0.914045
0.909073
1.021819
0.979067
1.037317
1.046401
1.031122
0.989084
0.968375
0.959646
1.041314
1.022288
0.877153
1.005654
1.024496
1.002542
1.021241
1.055993
1.080015
1.010584
1.050849
0.973892
0.965848
1.065454
1.024985
0.982463
1.004998
0.959356
0.977541
1.015605
1.006488
1.023711
1.019475
0.957478
0.982134
0.998468
0.996874
0.990073
1.003856
0.944589
1.042707
0.922158
0.974872
0.978579
0.994606
1.058128
1.005286
0.996549
0.971653
1.000136
1.044635
1.010291
0.943636
1.063031
0.977581
0.942709
1.037814
0.978809
1.070463
0.986828
0.955632
1.016878
1.062638
0.964407
1.027549
1.047219
0.967494
1.000432
0.912589
1.029606
1.002064
0.948457
1.045736
0.969129
0.962125
0.981428
1.058845
1.020597
0.988664
0.990227
1.061796
0.943653
0.992790
1.040661
0.959100
0.984748
1.021356
0.988242
1.089977
1.039060
0.940081
0.928457
1.045295
1.036130
0.944461
0.992167
0.928971
1.040665
0.994859
1.109933
1.056229
1.052872
1.090625
1.063954
0.932276
1.048185
0.941315
0.993099
0.959374
0.981580
0.954676
0.993374
1.019629
0.971525
1.014985
1.012434
1.004784
0.988599
1.076870
1.003224
0.941852
1.077324
1.042484
1.063686
0.941321
0.939431
1.004130
1.002945
1.013349
1.063462
0.928179
1.032613
0.996493
0.905067
1.081270
1.005662
1.143547
0.936595
1.043953
0.962800
0.961210
1.022420
1.066081
1.009371
1.072563
0.973348
1.007835
0.988142
1.038091
0.980482
1.083276
0.973276
0.957372
0.951085
0.925598
0.969804
1.039631
1.043715
1.093879
0.964744
0.950082
0.920477
0.936746
0.909576
1.007378
1.087167
1.002718
1.030330
1.034621
1.026517
1.058114
1.040158
0.968406
1.031294
1.045962
0.970870
1.071133
1.032688
0.996768
1.059680
0.973508
0.962295
0.987335
0.991130
1.049590
1.082910
1.021153
1.006146
0.987901
1.004768
0.966629
0.958103
1.016066
0.988364
1.065746
1.024217
0.960324
0.877151
0.984972
1.019811
0.936693
0.921602
1.039610
0.974687
0.990977
1.061016
0.991165
1.009330
1.035824
1.000561
0.994210
1.029261
0.967854
1.018773
0.898688
1.003844
0.926580
0.929440
0.989567
1.041864
0.950904
1.031863
1.010653
0.978136
0.978552
1.000203
1.021667
1.031723
1.057378
1.007703
1.025784
0.918983
1.078791
1.070380
1.031850
1.069387
1.098706
1.019152
0.975974
1.011778
1.018184
1.018602
1.096223
1.041547
1.021918
0.951139
1.029362
1.069197
0.958672
0.906360
0.964278
1.016087
0.914930
0.907972
1.009883
1.068257
1.037042
0.971036
1.019610
1.001299
0.958298
1.092092
0.947730
1.037008
1.069359
1.070709
0.950007
1.026897
0.993943
1.092186
0.940077
0.988083
1.042471
0.981520
0.967975
1.019533
0.952939
1.010862
1.019835
1.026199
1.065417
0.875416
1.014378
1.055104
0.980444
0.937275
0.978580
0.931997
0.961092
1.073163
0.921278
1.057709
1.022410
1.007691
0.996403
0.979255
1.038409
0.978022
1.004243
0.971640
1.062043
1.004287
0.906768
0.974159
0.976823
0.990617
0.966843
1.075027
0.919608
0.908523
1.018721
1.022864
0.959902
1.035491
0.914329
1.043223
0.992940
1.006487
0.982642
1.023222
1.021468
0.973431
0.997626
1.077236
1.018897
0.911347
1.093985
1.046686
1.052318
1.018267
0.982692
0.915667
0.995488
0.884552
1.005414
0.977804
0.983216
0.991221
0.996692
0.972998
1.044999
1.017045
0.972577
0.994093
0.993193
1.067598
1.007487
0.982742
0.949935
0.998176
1.024945
1.110887
0.949799
0.983310
1.066445
1.062047
0.970504
1.072698
0.983677
1.107184
1.030165
1.000839
1.017557
1.061580
1.008297
0.982587
1.008527
0.917672
1.085574
1.050318
0.873965
1.028088
1.006643
1.011011
1.084253
0.982252
0.986439
1.075951
0.953067
0.940795
1.038449
1.014808
0.930895
0.959848
1.045178
1.045094
1.034287
0.983718
0.924578
1.024730
1.013616
0.952881
1.012021
1.003379
1.068600
1.006475
1.028990
0.984421
0.966018
1.023126
1.035377
0.951406
1.036043
0.984979
1.046817
0.973115
1.044347
1.016089
1.047068
1.076346
0.974438
1.085372
1.030693
1.054182
1.061656
1.083015
1.008736
1.013906
0.986876
1.029622
0.964197
0.976168
0.937273
0.975877
0.999824
0.984256
1.086129
0.953101
0.987949
0.929567
1.018041
1.016550
1.044471
0.924316
0.912822
1.041329
0.987951
0.981195
0.962778
0.927279
1.097535
0.953820
0.959071
1.037531
1.077023
1.001016
1.005878
1.012053
0.970664
1.058764
0.976362
1.031635
0.992358
0.980835
1.023672
1.030124
0.983011
1.116558
1.045703
0.969559
1.021738
1.000507
1.001335
1.030551
0.981363
0.972412
1.009201
1.108136
0.994533
0.963147
1.073486
1.010237
1.061346
0.997639
1.002086
1.023860
0.945354
1.009398
0.940204
1.011387
1.036595
0.954267
1.044013
0.927352
0.980123
0.985168
1.006130
0.993761
0.947640
1.060331
1.062939
0.946290
0.993689
0.987766
1.001152
1.011185
0.967729
0.964721
0.980469
1.000034
1.000651
0.921053
1.032237
1.040164
0.941167
0.881271
0.967311
0.892148
0.896394
1.020868
1.018154
1.021442
1.011827
0.942963
1.040643
1.013902
0.935116
1.062674
0.977633
0.968172
1.007555
1.091590
0.936834
0.981978
0.989438
0.958287
1.010753
1.007478
1.030279
1.144438
1.055022
0.997061
1.018723
1.010567
1.040954
1.007366
0.960679
1.069316
0.914844
1.088265
1.010770
0.932450
0.956224
1.069674
1.072830
0.895034
1.019516
0.960816
0.956695
0.971712
0.929619
1.033816
0.974952
1.032121
1.029642
0.971380
0.976034
0.968489
1.006800
0.966036
1.037589
0.944476
0.983285
0.993514
1.004481
0.948117
1.014272
1.001425
1.004686
0.965545
0.928621
1.051282
0.997633
0.947687
1.042097
1.014842
0.923326
1.016097
0.928618
1.016571
0.888247
0.999688
0.913176
0.995633
1.024865
0.993991
0.991092
0.977069
0.960931
1.036839
1.078994
1.012500
1.066499
0.948413
0.983762
1.076400
0.965978
1.037181
0.999403
1.091734
0.998028
0.871698
1.037293
0.959991
0.998237
1.046830
1.000834
1.081505
0.994264
1.082985
0.963864
0.964550
0.911809
1.003327
0.980127
1.024891
1.009650
1.094679
1.076930
0.963954
1.022975
1.013502
1.011990
0.962256
0.949653
0.959002
0.949019
0.994067
0.994045
0.985508
1.026412
0.991992
0.972516
1.074841
1.028013
0.940158
0.976031
1.007062
1.049682
0.977777
0.912902
0.937501
1.055923
0.957146
0.979409
0.959993
1.033865
0.969914
1.045682
0.986245
1.056852
0.997883
0.957957
1.061974
1.010902
1.061011
0.940434
1.030563
1.015076
0.954863
0.958621
1.004116
0.949050
0.981553
0.920838
1.028387
1.017304
1.022439
1.103897
0.901696
1.002500
1.071652
1.033303
1.032048
0.958981
0.944821
1.009311
1.010460
0.935883
1.053207
0.978719
0.993923
1.048970
0.997873
1.010103
1.067706
1.007401
1.048129
0.953944
0.905343
1.112188
1.098658
1.065153
0.999861
1.033917
0.973069
0.985807
0.984642
0.944029
0.955912
1.037959
1.010439
1.008604
0.936582
0.946094
0.954169
0.877936
0.953992
1.062306
0.988708
0.970971
1.017016
0.948244
1.014601
0.962309
0.936707
0.965052
0.958985
0.969138
1.100947
1.009232
0.947064
1.055959
1.016098
0.915536
1.074652
0.919905
1.044780
1.004332
0.913273
1.025463
1.056491
1.002853
0.975451
0.954314
0.998036
0.994468
1.007930
1.010693
0.942459
0.973656
1.021285
1.027998
0.984791
1.038734
0.943075
1.026507
0.989220
0.934936
1.056777
0.902364
0.979191
0.959904
1.000807
1.077968
0.961648
0.973333
0.994521
0.972624
0.957808
1.097200
1.004637
1.072539
0.986385
1.061022
1.103909
0.963973
1.021371
1.012616
1.022755
0.951781
1.018045
1.018361
1.059933
0.976737
0.904425
1.037248
1.012910
1.051073
1.018235
0.902080
0.991488
1.000207
0.968551
1.008878
0.901884
0.974802
1.036548
1.039978
1.098856
1.087649
0.962146
1.073922
0.917803
1.069503
0.958751
1.059177
1.009265
0.932636
1.001135
0.971024
1.040064
0.992798
0.978247
1.095738
0.984995
1.056472
0.962908
1.003206
0.976514
1.037104
1.039448
0.943927
0.938164
0.987282
1.047498
1.007128
1.010147
0.849172
0.927553
0.992216
1.071720
1.077054
0.900575
1.034393
0.970406
0.963117
1.017637
0.932549
1.039990
1.035704
1.058579
1.005891
1.051216
0.965880
1.024956
0.977873
0.986028
1.015467
0.954589
1.011639
0.988235
1.082625
0.911102
1.022056
0.932072
0.974100
0.919794
0.918387
0.971650
0.996173
0.971264
0.996010
1.017154
1.064504
1.058252
0.872275
0.939156
0.958373
0.954657
1.004239
0.993189
1.011299
1.008132
1.010030
0.953482
1.018431
1.021884
0.919839
0.950538
0.991694
0.948841
1.037055
0.968165
0.971200
1.012734
1.085701
0.893141
1.112446
1.019695
1.011624
0.981976
1.047427
0.941683
1.100345
0.964716
0.995732
0.940914
0.911248
1.033235
0.901493
0.954042
0.969256
1.078519
0.979541
0.826322
1.044311
0.956237
0.940332
0.994211
1.073516
1.113007
0.975549
1.063485
1.009433
1.045079
1.001975
0.932351
1.031096
0.933415
1.038954
1.068671
0.959078
1.086861
0.935590
0.976344
1.045153
1.015068
0.999088
1.046684
0.920192
1.045978
0.960506
0.968056
1.048101
1.030641
0.943581
1.020540
0.986108
1.020032
1.023711
1.019364
1.029629
1.053482
0.902090
0.995704
1.017133
1.061913
0.980747
1.013181
1.017027
0.963045
1.013604
0.941809
0.930803
0.984852
0.924215
1.022908
1.069984
0.871870
0.985832
0.965809
0.989347
1.066962
1.002487
0.959071
0.963125
0.943085
1.009143
1.045966
0.955896
1.019942
1.045950
0.974628
1.030084
1.026237
1.064541
1.006592
0.889658
1.027730
0.948360
1.105583
0.976526
1.108877
1.037726
0.908079
1.057565
0.970028
0.948950
1.034687
1.065007
1.037937
0.966705
1.055790
1.010454
1.031672
0.883217
1.055699
0.929550
0.999392
0.977974
1.030826
0.948320
1.011366
1.061294
1.059456
1.014636
0.896806
0.925158
1.081693
1.067008
0.999616
0.972502
0.990389
0.999404
0.999082
0.981541
1.003025
1.012759
1.044963
1.028783
0.996242
1.049307
1.068891
0.973751
1.006108
1.051424
1.018933
0.958064
0.987851
1.001705
1.053181
0.939371
0.974345
1.083043
1.064611
0.982572
0.996949
1.017978
0.926570
1.097463
0.956093
1.104563
1.066397
1.015674
0.925288
1.074030
0.949451
0.961346
0.913063
0.997846
1.055475
1.009905
1.002809
0.942737
1.059687
1.059249
0.987040
1.099231
1.010474
1.022240
1.006380
0.975282
0.956171
0.976776
0.995593
1.104686
1.052253
0.997029
1.017757
0.966263
0.996099
1.002529
1.108337
1.026824
1.083187
0.988017
1.108515
1.068257
1.012059
0.995624
1.001934
0.978891
1.002571
0.924140
0.956501
1.028193
0.935158
0.976271
0.998162
0.821486
1.065017
1.062093
0.991290
1.044628
1.065215
0.996001
1.023892
1.030072
1.037573
0.959663
0.987782
1.013362
1.018436
1.054639
1.021965
0.999885
0.998451
1.064482
0.977776
0.963053
0.977329
1.017586
0.962416
1.049403
1.113188
0.933436
0.988197
1.043596
1.009106
1.040105
1.015652
0.986132
1.066915
0.980667
0.973752
0.975200
1.013571
0.987568
1.093648
1.006189
1.006949
0.858232
1.017245
0.982366
0.919235
1.036435
0.968504
1.003505
1.016396
1.028076
1.000024
1.016291
1.022489
0.946513
1.005672
1.000861
1.119147
0.875290
1.024101
0.909796
0.912689
0.954132
0.990802
0.944733
1.012688
1.020480
1.010704
1.030474
0.975071
1.034559
1.041345
0.977282
1.004193
1.017842
1.038856
0.958415
0.920591
1.008349
1.016699
0.991407
0.939361
0.994830
1.038873
0.990409
1.060775
1.106405
0.943165
0.909792
0.953427
1.044512
1.065243
1.021950
0.997952
0.993237
0.944112
0.953971
0.939275
0.987510
0.947757
0.913089
1.077140
0.996174
1.034660
1.042069
1.000785
1.005483
1.050836
0.998751
1.028846
0.976339
0.968822
1.084222
1.010759
1.060587
0.954024
0.985194
1.068050
1.052470
0.905842
1.061737
0.968280
0.961916
1.126038
0.986661
1.062322
1.051117
0.927170
1.039152
1.041047
0.965136
0.991761
0.955963
0.940842
0.999954
0.960043
0.965044
0.968316
0.985461
1.052630
1.010582
1.066705
1.021243
1.054629
0.998589
0.964438
0.977150
1.031446
0.919362
1.058770
0.981195
1.024397
0.913583
0.940680
1.088353
1.030272
1.105393
0.908541
0.973706
0.893771
1.001171
0.956051
1.053042
0.950315
0.886350
1.034224
1.071040
1.022280
1.003716
0.966480
1.026621
0.994980
1.043974
1.002802
0.936739
1.043914
0.913855
0.965137
0.909559
0.980760
1.051611
0.907114
0.958490
1.044111
1.070075
1.007384
1.105418
0.996911
0.916256
1.000599
1.122878
0.914943
1.016866
1.020033
0.940058
0.935321
0.984113
0.960192
1.050074
1.022943
1.086709
1.044426
0.975052
0.945258
1.028402
1.005799
1.004070
1.000535
1.052498
1.032616
1.002409
1.006959
0.919254
1.010435
0.891300
1.067482
1.019614
0.976023
1.030262
0.973351
1.013541
1.033219
1.047005
0.992276
0.948289
0.963642
1.023771
1.000226
1.038550
1.067630
0.926210
0.979649
1.035703
1.029176
0.940607
1.021857
1.051666
0.945989
0.954621
0.958473
0.999693
1.058903
1.109308
1.108913
1.010609
1.041486
1.004786
0.974501
0.940722
1.012505
1.010294
1.001783
1.069600
0.998224
0.860028
1.050023
1.044330
1.013525
0.897263
1.063712
0.972192
1.056711
1.036178
1.002912
1.046963
0.993042
0.995154
0.931440
1.121804
1.033423
0.944785
1.039713
0.933967
0.904530
1.075309
1.048623
1.067181
1.017343
1.004601
0.920349
0.947366
0.965422
0.965299
0.997341
0.885042
1.011752
0.992808
0.953471
0.984860
1.078879
1.049264
1.010647
0.949391
1.027982
1.029916
0.999043
0.980427
0.907312
0.992260
0.941002
0.993112
0.992922
0.995493
0.914755
1.080735
1.079455
1.063803
0.937440
1.009332
1.014052
0.957958
0.964151
1.005615
0.918814
1.013384
1.037887
0.941502
1.034888
1.046543
0.960364
0.936151
1.006753
0.940802
0.989964
0.985460
0.960773
0.967006
1.078912
0.952767
1.054571
0.996548
0.935818
1.019092
1.105245
0.991589
1.010378
0.948704
0.939951
0.941455
1.057041
1.032131
0.998986
0.943968
1.030367
1.057562
1.053590
1.007581
0.971222
1.006900
1.032564
1.013699
1.126144
1.017777
1.013577
0.990182
1.067643
1.037808
0.968338
0.958248
0.996097
1.002410
1.114135
1.017236
0.977326
0.993090
0.924931
1.017171
0.985655
0.890953
1.002293
0.874824
0.914806
1.075444
0.943871
1.032917
0.913270
1.004896
1.008750
1.025305
0.966054
1.010414
1.084342
0.980671
0.905811
1.077390
0.945745
1.127369
1.041592
1.046145
1.037732
1.072539
1.050567
1.053589
1.116788
1.017226
0.932019
1.015563
1.016204
0.872622
0.989690
1.025908
0.928125
1.045843
1.050145
0.962286
1.000973
0.904769
1.091823
0.998797
0.969961
1.008669
1.018451
0.992596
0.955916
0.953999
1.035506
0.951492
1.007545
0.904891
0.993668
0.915835
1.090634
0.966924
0.967862
0.995731
1.005941
0.910737
0.990651
1.060011
1.063368
1.009355
0.994745
0.950964
1.006752
1.006762
0.935233
0.995311
0.924477
0.976997
0.962954
1.023932
0.953128
1.003096
1.000826
0.914169
1.117288
1.059059
0.986961
1.111726
0.978719
1.082018
1.018076
0.974616
1.046586
0.914327
1.053124
1.002326
0.986295
0.931328
0.894819
0.961471
0.951739
1.071676
0.974780
0.965578
0.999804
0.999446
0.998211
1.011878
1.095672
1.024251
0.999861
1.053906
0.999198
1.012527
0.946633
1.006099
0.996230
0.976225
1.023829
1.100889
0.925314
1.104627
1.040349
0.961627
1.016882
1.046255
0.922585
0.984859
0.984803
0.998537
1.005486
1.029079
1.062545
1.011134
0.927894
0.934137
1.056461
1.015611
1.048236
1.015714
1.039467
0.989421
0.970068
0.924262
1.029740
0.956906
0.923245
0.936221
0.992447
0.954603
1.011018
0.901198
0.991563
1.017186
0.979259
0.986693
1.042383
1.069506
0.970540
1.030529
0.830722
1.005480
0.899911
1.018275
0.957394
1.023899
0.932370
1.073346
1.053777
1.013648
0.998746
0.903892
1.019905
0.859132
0.961036
0.962685
0.944787
0.987435
0.988946
0.964401
1.077834
0.958925
0.972181
1.105837
1.014510
1.024867
1.085400
1.035418
0.961746
1.046717
0.998031
1.056535
0.934167
1.104641
0.984695
1.029740
0.991103
0.856951
1.008823
0.955568
1.014456
0.979254
0.959750
0.962577
0.861956
1.027960
1.041088
0.923044
0.983586
0.948154
1.051964
1.090681
0.979848
1.025666
0.988101
1.080837
0.944681
0.999278
0.966313
0.992045
1.009134
1.007378
1.108337
1.010834
0.986257
1.077254
1.044871
0.986468
0.974619
0.904061
0.997363
1.039910
0.968262
1.077806
1.042467
1.039976
1.023230
0.986646
1.003238
0.914584
1.057671
1.028573
0.932330
0.984586
0.986470
1.020211
0.971894
0.991632
1.020057
0.938761
0.998753
1.025431
1.072047
1.042205
0.989592
1.050782
1.000955
0.954558
1.060581
1.034050
1.007322
0.979460
0.979857
0.919070
0.974278
0.971064
0.941943
1.073202
0.945158
0.996954
1.006238
0.969883
1.015875
0.939469
0.976458
1.098298
0.917324
1.056839
0.939141
0.968525
0.925737
1.059941
1.105967
0.942643
0.937487
0.988917
0.942985
0.906849
0.948356
0.993510
1.020270
1.084244
0.999810
1.001231
0.988531
0.970606
0.997134
0.978901
0.979289
1.102158
0.999264
0.932016
1.003422
0.952747
0.956717
1.008506
0.951289
0.964688
1.047593
0.986653
1.053363
0.968674
1.022571
0.978476
1.039878
1.029533
1.074082
1.052263
1.080009
0.928643
0.996579
1.056579
0.943052
1.093927
0.967767
1.113480
1.077072
1.037996
0.978472
0.973083
1.019191
0.977871
0.957727
1.004013
0.920997
1.062209
1.013192
0.960617
1.019056
1.016939
1.059337
0.937886
1.011652
1.010713
0.955399
0.994398
0.886029
1.035007
0.999043
1.042878
1.014231
1.044080
1.006567
1.012612
0.937115
0.999083
1.035438
0.976215
0.991820
0.958151
0.967850
0.974788
1.020227
1.015438
1.009399
0.924544
0.977895
0.919060
1.035658
1.066305
0.936943
1.028090
1.091462
0.940770
0.894023
0.941853
1.023404
0.994515
1.005817
1.009549
0.919242
1.056417
1.069734
1.037218
1.007005
0.970929
1.004140
0.989446
1.057473
1.016435
0.984933
1.069704
1.035295
1.107321
1.034764
1.024959
0.978199
0.974267
1.054093
0.984629
1.015575
0.991509
0.975131
1.017660
1.069217
0.897651
0.992923
0.998141
0.955040
0.996104
1.087635
1.000848
1.020038
1.113443
1.001189
1.001246
0.967563
1.073441
0.964993
1.109889
1.068643
1.044222
1.051225
1.055323
0.964425
1.110064
1.020615
1.030787
1.029544
0.960610
1.076944
1.016534
1.028213
1.063338
0.924211
0.914093
1.045470
0.974651
1.003692
0.937408
0.980046
0.983055
1.027603
0.975107
0.910285
0.949399
1.009836
1.023947
1.060974
0.988556
0.956743
0.934868
1.026465
0.962844
0.989505
0.976499
0.992938
0.978230
1.016949
1.030147
1.008335
0.968237
0.953357
1.048462
0.990832
0.920844
1.023348
0.921098
0.964584
1.010926
1.035204
0.939833
1.010156
0.968500
0.958267
0.971500
0.998036
0.943561
1.021582
0.997282
1.053507
1.001103
0.978533
1.053959
0.936005
0.996065
0.870674
0.934755
1.024963
1.011576
0.981681
