0.994277
0.984770
1.027479
0.908225
0.951291
1.016696
0.999178
0.947204
0.947838
1.009966
0.987306
1.070577
0.962557
1.013072
1.001105
1.108563
1.028126
0.968439
0.992775
1.033340
1.033751
0.999115
1.016728
0.982667
0.994391
1.043739
1.113254
0.984740
0.968158
0.979267
0.969688
0.983407
0.944474
0.995412
0.981697
0.934472
0.948639
1.047662
1.047524
1.003042
0.987250
0.997569
1.027037
0.971157
1.013514
1.012455
0.967902
0.963973
1.050247
0.924208
1.085292
0.882277
0.868109
0.995120
1.114845
1.031919
0.992549
1.010339
1.079518
1.036421
0.988364
0.987654
1.008788
0.948286
1.008733
0.965724
1.017951
1.016299
0.891664
1.057915
1.039958
1.108306
1.043788
1.022562
0.992553
0.944300
0.971406
1.033705
0.926454
0.994644
0.999506
0.935161
1.001093
1.041716
0.986262
0.954461
1.072565
0.875638
0.954176
0.996282
0.997510
1.055443
1.000855
0.978233
0.985240
0.950028
0.971973
1.007580
1.084619
1.057515
0.993024
0.980636
0.985895
1.089823
1.069627
1.026974
1.040318
0.978468
1.007130
1.029095
1.091225
0.969498
0.949390
0.954202
0.973763
1.057976
1.023363
0.974887
0.933707
1.021425
0.980712
1.045210
1.008129
1.038475
1.026951
0.961184
1.046507
1.038214
1.024251
1.056815
1.001436
0.954438
0.914695
1.020860
0.971593
0.910981
1.052035
0.981986
1.087776
0.978299
1.017161
1.019670
1.023523
0.965596
0.983178
1.041676
1.001829
1.028989
0.910580
0.944861
1.003831
1.049778
1.095210
0.939628
0.955362
0.988589
1.016513
1.006957
1.019390
1.065885
0.986562
1.010100
0.978411
0.925826
0.976273
1.020470
1.018705
1.046166
1.004829
1.036400
0.963619
0.945715
1.017923
0.972798
1.070781
1.009146
1.069553
1.010756
1.009853
1.033619
0.910990
0.955802
0.889519
1.029294
0.963974
1.032708
1.029809
1.019444
0.992242
0.934853
1.053391
0.994854
1.047215
0.987080
0.934822
1.065676
0.941323
1.053862
0.903046
1.033144
0.896985
0.987517
0.937029
0.990437
0.987394
0.973026
1.025043
0.936900
0.881635
1.019849
0.997596
0.954196
1.023863
1.024766
1.062400
1.012106
0.987438
1.030499
0.963252
0.940320
0.985608
1.007567
0.912099
1.032440
0.974998
0.985239
1.051060
1.008261
1.025616
1.016671
1.026647
1.060691
0.939562
1.049796
0.964529
0.994445
0.970642
1.041015
0.872319
1.013907
0.983283
1.009140
1.001894
0.891266
1.047382
0.915084
0.917576
1.044684
1.107266
0.911464
0.994062
0.927083
1.034116
1.019279
1.032009
1.008499
1.002805
0.998999
0.991184
0.965944
1.001446
0.979987
1.057497
0.999807
0.963925
0.997154
0.930852
0.961440
1.062829
0.980318
1.038066
1.067056
0.947278
1.044466
0.968967
0.979733
0.933294
1.021889
0.979041
0.987387
0.975961
1.053282
1.115643
0.996021
0.981646
0.988226
0.978208
0.959781
1.113827
1.082175
0.984416
0.943898
0.953659
0.975459
0.938151
0.976684
0.933735
0.949047
0.928789
0.990901
0.962621
0.927126
0.959757
1.039811
1.010689
1.003363
0.961980
1.087257
0.968027
1.007924
0.889081
1.081235
1.016237
1.005025
0.901953
0.969003
1.021207
1.105096
0.968024
1.061206
0.986001
0.973329
1.045553
0.893501
1.046751
0.957191
1.008680
1.023770
0.944876
0.986084
1.052207
1.043804
0.957752
0.942523
1.000747
1.026508
1.072447
0.962027
0.983818
1.065876
1.027282
1.052358
0.935771
1.122401
1.046941
0.948905
1.096623
0.989081
0.990909
1.055551
1.097786
1.065299
1.026884
1.029666
0.976772
0.998552
0.908073
1.096662
0.889861
1.027017
1.082393
1.149959
1.034198
0.906118
0.993745
1.011974
0.984508
0.966191
0.919359
0.913362
0.962598
1.003013
1.020912
0.941013
0.898211
0.930224
0.894258
0.979069
1.002049
1.010447
1.025757
0.943466
0.968161
0.958414
0.920221
1.017794
1.027504
1.028048
1.018338
0.946259
1.025316
0.965506
1.035976
0.998116
0.970959
0.910295
1.016425
0.914081
1.035030
1.010294
0.982844
1.017936
0.908197
0.876038
1.105113
0.907599
1.020993
0.951419
1.031764
0.994130
1.039909
1.108280
0.963674
0.974565
1.008485
1.079584
1.040092
1.079756
0.951970
0.979502
1.022842
0.997263
0.960419
0.989551
0.998152
1.067330
1.036031
1.063750
1.024589
1.041670
1.044084
0.934248
1.087760
0.986817
0.973172
0.998331
1.081971
0.976053
1.052414
1.021160
0.979870
0.891600
0.939232
1.052297
1.006338
1.012655
1.031896
0.993492
0.983435
0.949686
0.952028
0.983171
1.051593
1.039648
0.979121
0.908972
1.009082
0.954558
0.971669
0.999579
0.971507
1.032240
1.013063
1.021805
0.943874
0.970917
1.070830
0.946042
1.069910
0.904469
0.952858
1.017694
1.046110
0.910390
0.913389
1.025160
1.000657
1.011306
0.976890
1.010847
0.992182
0.919743
1.021248
1.019086
1.055488
1.046173
0.884218
0.999258
0.975935
1.065172
0.952488
0.985092
1.017209
1.006680
1.012144
0.886479
1.005738
0.930479
0.973532
0.983853
0.986259
0.969150
1.039224
1.003979
1.015257
0.971880
0.969992
1.022038
0.946807
0.975204
0.972340
0.944025
0.983648
1.052369
0.988770
0.941819
1.027889
1.114418
1.028902
0.951709
0.950881
1.044898
1.054919
0.986086
1.025006
1.022897
1.068101
1.049775
0.952243
1.041487
0.930258
1.039749
0.946369
0.975241
1.049572
0.943086
0.973799
1.012196
1.049800
0.983683
0.966309
1.024549
1.027833
0.929661
1.071644
0.974066
0.981909
0.969275
0.996178
1.045708
0.957132
1.004273
1.024667
1.035992
1.033031
0.951704
0.981754
0.978765
0.894552
0.899893
0.945220
1.046792
1.003378
0.983853
0.995610
0.954572
0.932998
1.010965
0.981981
1.084665
1.014298
1.011522
1.071024
1.070282
1.011610
1.012734
1.028889
0.944815
0.971692
0.965027
0.959079
1.012503
0.951918
0.951342
0.985713
0.994841
1.008657
0.963264
0.940319
1.013357
1.033187
1.024099
1.065804
1.026092
0.999915
0.983479
0.965453
0.981175
0.987333
1.069322
0.991876
0.953152
1.000599
0.937015
1.084150
0.993870
1.055087
1.006868
0.976364
1.032190
0.978345
1.037046
0.933598
1.036853
0.989452
1.060281
1.001118
0.953773
1.017410
1.080865
1.060826
0.999864
0.989444
1.018700
1.008589
1.029526
1.012797
1.023723
1.120348
1.085661
0.922610
0.967575
1.002790
0.973906
0.967060
0.972972
1.034132
1.007225
1.058816
1.121129
0.915086
0.961527
0.953558
1.047197
1.146266
0.995496
1.086723
1.000326
1.061204
1.086949
1.046941
1.017075
1.041323
1.065122
0.946290
1.048616
0.916514
0.991309
0.966768
1.075631
0.984798
1.021986
0.998607
1.067393
0.957920
0.946268
0.998732
1.055231
0.980525
1.039577
1.070068
0.975893
1.048919
0.998641
1.007848
0.989435
1.051581
0.968048
0.945217
1.036196
0.987055
1.046612
1.049021
1.018959
1.032540
0.940682
1.045822
0.994104
1.047687
1.040651
1.006423
0.936828
1.054094
1.058740
0.991233
0.965263
0.998248
1.006902
0.975219
0.989302
0.966045
1.021293
1.076641
0.932907
0.976219
0.894654
0.948220
0.991233
0.955749
1.012576
0.959152
0.936831
0.966828
1.057193
0.950027
1.133673
1.035301
0.961122
0.990533
0.974669
0.962878
0.958201
0.969998
1.016925
1.017881
0.877934
1.024218
1.043506
0.970434
1.014992
0.858411
1.027230
0.972760
0.972068
1.003022
1.014945
1.040534
1.015537
1.106553
1.024776
1.028104
0.954198
0.984484
0.999312
1.040511
0.954861
0.902889
0.979983
0.996240
0.990089
1.024772
1.092819
0.956797
0.914467
0.917242
0.965306
1.058539
0.980329
0.949706
1.024959
0.915864
1.025488
0.947231
0.989060
1.043283
1.021832
1.040975
1.002974
0.977804
1.017497
0.989896
0.985230
0.858947
1.001143
0.967163
1.080490
1.023072
1.033472
0.941311
0.953344
0.932304
0.938369
1.058551
1.040287
1.009948
0.959175
1.062956
1.005637
1.072263
1.018266
1.025682
0.948459
1.069811
1.050944
0.925325
0.887534
1.092107
1.070298
1.080302
1.089790
0.914972
0.928783
0.920753
1.001057
0.985002
0.869016
1.040732
0.989967
0.985615
1.007077
1.030489
0.963244
0.831383
1.021017
1.050547
1.022986
0.975154
1.000105
0.966918
0.916234
1.040095
0.962786
0.998989
1.038409
1.047808
0.950495
1.019961
1.037719
1.038584
0.965181
1.065004
0.957082
1.004832
1.009644
1.011882
0.951943
1.025838
0.992822
0.991417
0.972088
1.028291
0.929418
0.965766
1.037753
1.047224
0.902419
0.919990
0.935392
0.938831
1.018423
1.001312
0.937232
0.983806
0.969415
1.012699
0.976439
1.041005
1.027146
1.052644
0.968506
0.996475
0.972530
1.076272
1.002252
0.981746
1.063712
0.996508
1.011567
1.089117
0.927096
1.051779
0.962424
0.942272
1.014447
0.998197
0.990787
1.020752
0.976950
0.992695
0.915265
1.010242
1.048709
0.986143
1.014177
0.983061
0.935375
0.994616
0.993407
1.060863
0.961705
0.969863
0.906097
0.961380
1.010701
0.998682
1.057676
0.964048
0.927872
1.019420
1.035060
1.031163
1.002533
1.019986
0.889277
1.076854
0.999509
0.965787
1.024228
0.974905
1.098054
1.003044
0.973609
1.000736
0.999698
0.997626
1.059073
0.830345
0.995089
0.977412
0.980744
0.910761
0.991965
1.001290
1.023787
1.079059
0.941529
0.962016
0.966588
1.007036
0.939522
1.071940
1.024395
0.975889
1.036980
1.022831
1.097603
0.895530
1.055246
1.053157
0.972100
0.927689
0.963430
1.021427
0.997327
1.009107
1.040136
0.968199
0.959367
1.046613
1.019393
0.978886
1.030200
0.961946
1.043392
0.964302
0.896297
1.020143
1.021403
1.089647
1.034183
1.004835
0.996146
0.977731
1.074179
0.988306
0.901787
0.998052
0.979294
1.050732
1.004530
1.042561
0.998820
0.999056
1.017906
0.940614
1.014693
1.027096
1.005633
1.075521
0.995929
1.044884
0.976371
0.913185
0.972524
1.031689
0.971216
1.014995
0.973009
1.070032
0.974653
1.000699
0.952580
0.963763
0.869054
0.970879
0.950386
1.028672
0.944991
1.021016
0.995944
1.032656
0.962894
0.935752
1.037214
0.975690
1.055185
1.014521
1.046732
0.997109
1.000201
0.958023
0.908918
0.954132
1.066702
1.068696
1.072169
0.993625
0.994800
1.023387
0.962423
0.947984
0.976689
1.034120
1.054728
0.988803
1.035992
0.946165
1.010934
1.001658
0.973526
1.041738
0.977224
0.979453
1.019234
1.002317
1.053413
1.063992
0.973097
0.919499
0.984486
0.922563
1.017709
0.997335
0.992086
0.999396
0.916021
0.930157
1.012213
0.975287
0.995575
0.967087
0.967728
1.041929
0.933739
1.023803
1.003779
1.055398
0.981217
1.159669
1.100315
1.004782
1.036645
1.034605
0.954745
0.982901
1.029873
1.000949
0.948770
1.024957
1.029215
1.005550
0.960925
0.944342
1.068618
1.049578
0.990865
1.038071
1.063266
1.009754
1.032000
0.980959
0.955512
0.959665
1.029556
0.990336
1.029621
1.040033
0.905481
0.988988
0.971751
1.020540
1.056118
1.012061
1.024827
1.032840
0.995595
1.104439
1.038688
1.036191
1.023598
1.000210
0.980814
0.954040
1.036535
1.030027
1.050677
1.117257
0.954244
1.033403
1.051158
0.997371
0.976025
1.097032
0.947894
0.968421
1.011202
0.980268
0.970274
0.914013
1.006165
1.071485
0.936737
1.016986
1.020631
0.987996
1.095523
0.963371
1.067103
1.051286
1.085732
0.916183
0.986942
1.011305
1.015819
1.000702
1.053517
0.987766
1.036500
0.975217
0.990335
1.040702
1.031632
0.950049
1.024753
0.988740
1.008403
0.978302
0.946267
1.008327
1.008466
0.999660
1.000819
0.998600
1.058441
1.065794
1.037054
0.961308
1.037636
0.934393
1.038312
0.940186
1.032300
0.968991
0.943960
0.970545
1.017679
0.981173
1.054009
0.905253
1.006201
1.034482
0.917889
0.927997
0.986597
0.995009
0.975114
1.031862
1.020167
0.934562
1.028616
1.054513
1.001400
1.008160
0.916476
1.042029
1.050624
0.987093
0.996024
0.990188
0.977518
1.038097
0.939751
0.925494
1.057317
0.955824
0.976643
1.034155
0.974341
0.966287
1.063784
1.007043
1.053285
0.931073
1.056465
1.004676
0.983642
0.940512
0.990632
1.042002
1.006854
1.059850
1.005486
1.003397
1.032092
0.917841
0.994991
0.995166
1.008721
1.032218
1.074076
1.055144
0.984648
0.963969
0.933872
0.963975
1.022271
0.969520
0.993673
0.979046
1.006937
0.987540
0.945290
1.017048
0.985718
1.039348
0.931530
1.032101
0.955810
1.010980
0.959073
1.035883
0.970747
0.933156
1.054054
0.986053
0.963860
1.056451
0.997953
0.992663
0.968436
0.969668
0.976614
0.942890
0.998073
1.009360
0.980220
0.941899
1.017814
0.983317
0.925234
1.001708
0.989310
1.016088
1.029984
0.990629
0.964907
0.945096
0.946624
0.928271
1.102111
1.059389
0.988364
1.028277
0.967722
1.007460
0.900937
1.001766
1.044572
0.965300
0.967276
0.982434
1.055609
1.000325
0.937389
0.992108
1.007062
1.063014
0.906106
0.962554
1.035333
0.903489
0.982242
0.952624
1.075547
1.142994
0.936737
0.992718
0.990517
0.930246
1.046690
0.967061
0.941544
0.913356
0.949483
1.025939
0.946543
1.073763
1.062201
1.096587
1.017074
1.033875
0.978789
0.913538
1.018527
1.051960
0.898375
0.991340
1.051882
0.997128
0.932545
0.929113
0.978090
1.022282
1.081868
1.037892
1.048753
0.971801
0.937585
1.001019
0.985220
1.020213
1.043178
1.023433
0.971035
0.974590
0.999828
0.969406
1.084967
1.098289
0.994612
1.016917
0.921407
0.989132
1.011358
0.954631
1.041955
1.035769
1.085103
1.022915
0.965448
0.936407
1.046462
0.944310
1.002937
0.963095
0.973648
1.048330
1.035869
1.052767
1.034642
0.964577
1.014229
0.994163
0.954032
0.992474
0.955171
0.959229
0.964856
1.020761
0.966506
1.100298
1.032835
1.018709
1.051649
1.010834
0.926737
0.952228
1.015515
0.938921
0.973964
1.009526
1.026999
1.066862
1.029637
1.081709
1.079442
0.998861
1.141627
0.857917
0.973077
0.996914
1.083304
1.054756
0.974129
1.082556
0.940075
0.935991
0.991580
1.041593
1.042949
0.985206
0.994986
1.110474
1.025453
1.056162
0.923108
1.002163
0.968651
1.024456
0.952053
0.974517
0.973335
0.916897
0.947950
0.990316
0.966600
0.988675
1.016425
1.030257
0.988681
0.974200
0.970147
0.993429
0.950430
0.989175
0.983964
0.987309
0.962495
1.035000
1.021718
1.001725
0.965127
0.974481
0.989869
1.008844
0.951145
0.982182
0.970808
0.982370
0.970994
1.057775
0.984636
1.079345
0.986746
0.967268
0.974812
0.964062
1.090965
0.955274
1.031752
0.921350
0.954994
1.062047
0.956673
0.967937
0.995443
1.120541
1.045623
1.099080
0.993164
1.015037
0.961245
0.990720
1.005303
0.986070
0.974027
1.004663
0.988086
1.040227
0.893327
1.005659
0.953546
1.046060
1.056965
0.948345
0.968195
1.010012
1.034816
1.034564
0.972355
1.048198
0.958168
0.972011
1.051789
0.998613
0.949261
0.955944
1.053543
0.974405
0.941362
1.065006
0.993397
1.012452
1.030479
0.890708
0.992988
0.938306
0.862338
0.963721
1.059716
0.948489
1.092695
0.930157
0.995308
1.066536
1.052795
1.057444
0.970729
0.912916
1.002381
0.985369
0.913870
1.046805
0.921663
0.983237
0.946122
1.110729
0.986017
1.158853
0.994896
1.024640
0.998419
0.984677
0.908573
1.015852
0.962639
1.024164
0.997840
1.048493
1.009422
1.031215
1.072121
0.988303
1.031614
1.006920
1.021259
1.012129
0.982848
1.054355
0.895379
1.041449
1.114736
1.008490
1.053349
0.979335
0.973223
0.970736
0.991841
0.952070
1.081352
0.973233
0.961739
1.027386
0.959121
1.021155
0.964735
1.111397
1.084946
1.051069
0.937602
1.017017
0.919430
0.947818
1.007907
0.988240
0.905086
1.070089
0.938090
1.077753
1.044305
0.983293
0.961760
0.921633
1.038108
1.020945
1.006256
1.006739
0.968788
0.991444
1.066439
0.993445
1.015431
0.945333
1.020889
0.968643
0.982794
0.987612
0.989423
1.053540
1.043761
0.988870
1.051193
0.982942
1.010911
0.984496
0.997145
0.984148
0.983868
1.057885
1.011212
1.045267
0.999451
1.028310
0.961310
1.026682
1.058414
1.068907
1.106929
1.006020
1.053280
0.979693
0.956608
0.976252
1.042317
1.005716
1.008007
0.943999
1.023131
0.963234
1.026544
0.967457
1.056651
0.988568
0.955037
0.967390
1.001674
0.987395
0.974276
1.035545
1.008089
0.985731
0.964889
1.043408
0.943678
0.983339
1.018537
0.987355
1.000726
1.028022
0.940329
1.067508
0.941940
0.975919
1.038976
0.964362
1.064915
1.009108
1.050700
0.941572
1.026149
1.157944
1.002568
0.983986
0.909898
1.061846
1.019029
1.028795
0.974315
1.066822
0.985076
0.931713
0.886433
1.025274
1.012473
1.029641
1.077024
0.973457
0.944064
0.994686
0.951253
0.956420
1.013981
0.964853
1.003683
1.052246
1.078390
0.995370
1.060352
0.921703
1.061195
0.946314
1.020054
1.026434
1.034725
1.104029
1.019340
0.952114
0.928515
0.955451
0.956780
0.976974
0.968656
1.082274
0.924461
1.111829
1.055250
1.032910
1.040842
1.014820
0.981671
0.991016
1.059965
1.032333
1.019192
1.009634
1.076077
1.021744
1.004887
1.015575
0.955276
0.984373
0.995285
1.017581
0.936959
1.056838
0.961501
0.903850
0.938969
1.037155
0.954427
1.042409
0.999314
0.967853
0.904878
0.926581
0.974716
1.028317
0.975849
1.036371
0.960402
1.008303
0.976403
0.944619
0.939142
1.034193
0.993439
1.001206
0.997472
0.992445
0.945762
1.142848
0.950187
1.075444
1.015528
1.066175
1.008006
0.906644
0.997156
0.991678
1.025805
0.958249
0.930522
0.977647
1.036831
0.982639
1.038035
1.072301
0.932913
0.926141
0.990747
1.004891
0.988995
1.011351
0.996816
0.962834
1.034598
0.987698
1.027844
0.953705
1.068290
1.005465
1.002238
0.972277
0.911463
1.030768
0.931711
0.921352
1.047846
0.977298
0.940296
0.970268
0.962261
0.988351
1.013170
1.063727
1.046641
0.995582
0.937358
1.024629
1.030608
0.975578
1.050597
0.929048
0.954027
0.985783
0.983840
0.961504
1.011811
0.971310
1.038906
1.061007
1.020122
1.041793
0.991806
1.040346
1.007271
1.077301
1.023794
0.991167
1.006833
1.069673
0.975770
0.972395
0.937161
0.984731
0.911081
1.035864
1.002921
0.963711
1.004084
1.057658
1.000941
1.117735
1.076552
1.011441
0.977130
1.015186
1.099458
0.958086
1.076095
0.979786
1.008780
1.069281
1.040425
0.997473
1.067256
0.949646
1.070436
1.073506
1.013747
0.961008
0.967886
0.955939
0.935908
1.029971
1.067131
0.971848
1.012210
1.019159
0.996031
1.063320
1.069047
0.990943
0.976907
1.066604
1.001569
1.000655
0.960961
0.989377
0.944143
1.019032
1.021980
1.036544
0.909683
0.916266
0.972100
0.965136
1.002734
1.013564
1.061381
1.083043
1.001343
0.987983
1.029272
0.902387
0.973465
0.967678
0.932104
1.042336
0.997835
0.981627
1.009782
1.032320
0.951656
0.957369
1.036171
0.972646
1.029910
0.927033
0.993990
0.993030
0.994296
1.057649
0.991365
1.012615
0.937767
0.993532
0.950628
1.032008
1.038138
1.031391
1.088287
1.020818
0.983003
1.028307
0.991906
0.957358
1.063303
1.005452
0.979017
0.953186
1.100009
1.051249
1.002554
0.983118
1.012338
0.915589
0.993806
1.040064
0.948909
0.905369
0.945854
0.977382
1.044339
0.991302
1.059778
1.060380
0.990752
1.088988
1.072748
0.945316
1.002151
1.065132
0.979796
1.075658
0.938724
1.008840
0.994654
0.991634
1.005346
0.996780
1.002120
1.034231
0.966267
0.985220
0.951976
1.021470
1.035596
0.984208
0.964626
0.994487
1.073761
1.026962
0.932480
1.041093
1.097119
1.043373
1.024453
1.050431
1.017335
0.961205
0.982641
0.993332
0.946919
0.981142
1.020095
1.039860
1.022767
0.961105
0.936956
0.973341
1.003515
1.061313
0.909697
0.994898
0.955879
1.006409
1.015222
1.074777
0.931634
1.004115
0.934422
1.075345
1.046656
0.988440
0.995886
1.018098
1.006095
1.038554
1.006018
1.023111
0.910440
0.969768
0.925258
0.977608
1.046791
0.999299
0.990663
0.946360
1.056840
1.017573
0.931720
0.973215
0.973723
1.027980
1.008271
1.006197
0.954487
0.991857
0.996288
0.990934
0.931527
0.940326
0.944297
0.985838
1.022309
0.989211
0.983124
0.953116
1.002154
1.017561
0.987981
1.021874
1.064551
1.021503
0.981833
0.922095
0.941987
0.975389
1.036545
0.983139
1.116794
0.994775
1.002907
1.057661
1.153853
1.028914
0.996479
0.999881
1.135424
1.016295
0.970182
1.064230
0.951884
1.051335
0.942691
0.925331
1.052678
1.027697
0.949087
1.036982
1.119475
0.950474
1.039959
0.940826
0.931472
0.981537
0.947003
1.050354
1.007893
1.081007
1.060072
0.945181
0.925714
0.972881
1.047936
1.000599
1.049876
1.021785
1.052470
1.068000
0.961077
1.033685
0.996013
1.000281
1.018380
0.986510
0.972753
0.984827
0.994564
0.982985
1.048679
1.015868
1.111162
1.013992
0.939663
1.052399
1.048257
0.952844
1.043720
1.020931
1.035369
0.951253
0.935507
0.980967
1.059685
1.008037
1.055296
1.044589
0.899189
0.999979
1.046165
0.931626
0.967336
1.035579
1.058862
0.979795
1.043102
1.040129
0.943405
0.894946
0.962037
1.014006
1.002964
1.017277
0.957808
1.035426
1.004957
0.965208
0.937980
1.070314
1.098618
0.991275
0.920672
1.086411
1.020278
1.071626
1.000101
0.965522
0.926118
1.028912
1.026366
0.973987
0.999141
0.975842
0.987112
1.042159
0.895270
0.963222
1.024014
1.106970
1.022893
1.044816
1.092404
0.944297
0.945328
0.969356
1.001952
1.048778
0.959743
1.014515
1.068344
0.950207
0.972052
1.003244
1.040346
1.003056
0.930802
1.012750
1.064461
0.953969
0.972658
1.003622
1.011171
0.877974
0.974004
1.005912
0.933210
0.922289
1.055485
1.004173
1.022669
1.001386
0.998735
1.042590
1.025033
0.967324
1.027028
0.994836
0.979479
0.950759
0.935242
1.091033
1.059351
0.996103
1.007120
1.075640
0.992933
0.963584
0.995643
0.969333
1.007822
1.021010
1.039303
0.980828
0.945196
0.972540
1.049214
0.972435
0.993374
1.017266
1.034435
1.107916
1.157114
0.961148
0.993379
0.968612
1.128505
0.962984
1.033139
1.003351
1.004222
1.025581
0.935258
1.007570
1.010112
0.955963
1.042927
1.061122
1.026868
1.030416
0.892967
1.006169
1.038466
1.040405
1.028371
1.002271
1.063880
0.965948
0.974764
1.008205
1.021551
0.995135
0.986921
0.970690
1.024736
0.930986
1.068728
1.028791
1.133055
0.931826
1.041619
0.951098
1.064027
1.073191
0.952508
0.940695
1.030701
0.956854
1.065543
0.929717
1.029710
0.939409
1.009559
1.074069
1.069238
0.946684
1.026396
1.032404
0.949342
0.987268
0.967135
0.864653
1.079822
0.930377
1.006408
1.019754
0.976092
1.089084
1.029195
1.104140
0.951044
0.982179
1.002426
1.005151
0.905795
1.002463
1.060091
1.026018
1.022929
0.976471
0.975337
0.891840
1.023163
1.081689
0.938843
1.033537
0.965420
0.941592
1.016564
0.981605
0.996861
0.964171
1.037524
1.008059
0.986109
0.951590
0.996515
0.997672
1.139927
1.054882
0.952000
0.971785
0.965080
1.073734
1.017197
1.006712
1.054806
0.967496
1.074058
1.120448
1.023708
1.042347
1.032533
1.047858
1.010648
0.956561
1.039469
1.131300
0.945912
0.952893
1.004519
0.946622
0.945977
0.977920
0.983172
1.028891
1.040894
0.911037
0.993798
1.082153
0.968722
1.015867
1.074692
0.979734
1.008680
1.014779
1.004457
1.022485
1.065864
1.073511
1.070285
0.913215
0.986724
1.000560
0.916634
1.026025
0.989826
0.995907
1.038124
0.964027
1.044073
1.084109
1.112270
0.980110
0.917890
1.091908
1.045609
0.936532
0.999448
1.009656
1.043281
1.075070
1.077341
0.983264
0.955527
1.001990
1.010471
1.044677
1.016933
1.101559
1.041027
1.037996
0.987349
0.992160
0.949657
0.984141
0.994534
1.035679
1.011660
0.999283
0.994279
1.019641
0.976478
1.014943
0.928650
1.071263
1.025730
0.974892
1.048102
0.958520
0.985117
1.064241
1.078199
0.934819
0.944202
1.027871
1.015512
0.929163
0.944025
1.006725
0.956543
1.008817
0.988399
0.960839
1.069227
1.064164
1.029335
0.950603
0.944650
0.958212
0.935485
0.951651
1.004969
1.087716
0.965732
0.999352
0.982017
0.985222
0.947569
1.030708
1.028365
0.921794
0.993637
1.026437
0.949007
1.050831
1.000552
0.909324
1.029609
0.947367
0.985082
1.018187
0.952550
0.939360
0.935384
0.903644
1.027492
0.935546
0.990700
0.961021
1.068867
0.989516
0.934233
1.040258
0.975972
0.964275
1.043351
1.003567
1.084109
0.982440
1.051015
1.004371
0.999046
1.000108
1.103141
1.033754
1.097294
1.078223
1.035027
0.945379
0.998851
1.039123
1.012861
0.935881
1.000467
1.028542
1.040122
0.991082
0.972895
1.057737
0.992990
0.974772
1.057714
0.960561
1.009843
0.996124
0.918602
0.931261
1.070120
1.041385
0.989312
0.981446
1.047982
0.985848
1.024988
0.994438
1.000015
1.107395
0.981297
1.061732
1.007424
0.965884
1.003817
1.014678
0.962422
1.061264
1.031005
0.934209
1.041643
0.958352
0.992563
1.052392
1.086066
1.038644
1.006321
1.033206
0.922705
0.972331
0.977450
0.988073
1.098682
1.038978
0.940467
0.972865
1.066021
1.007699
1.079158
1.049218
1.084602
0.929672
0.982052
1.026667
1.011346
0.954734
1.021271
0.957372
0.987833
1.033077
1.032802
1.022332
0.900508
1.032697
1.032792
0.954836
1.001605
0.991101
1.006474
1.034533
1.057556
0.991763
1.091947
1.052643
1.103877
0.963530
0.935815
0.937518
1.012399
1.018263
0.898775
1.037526
1.041123
0.886931
0.976529
1.083538
1.005457
0.994336
1.044965
0.946883
1.030608
1.070882
1.060511
0.963278
0.968275
1.017437
0.993310
0.925413
0.965131
1.064965
0.969576
1.032733
0.976757
0.974651
1.019287
0.983072
0.945110
0.965320
0.878646
1.018632
0.959314
0.990156
0.993629
1.031489
1.013356
1.049740
0.977149
1.080491
1.032727
0.985025
0.818918
1.018764
0.959315
1.010310
0.943431
0.981159
1.052061
0.989053
1.038984
1.011795
1.015591
0.930186
1.004242
1.008223
1.056957
1.012046
0.993925
0.961398
0.972298
0.991969
0.959556
0.984149
1.065420
0.990013
1.019622
1.004621
0.988104
0.922799
1.001233
1.046536
0.981687
0.994702
1.035796
0.974069
1.067558
1.026363
1.081706
1.018858
0.966746
1.075462
0.975626
0.985043
0.984877
0.989404
0.969128
0.973131
1.016859
0.989952
0.947172
0.980092
0.981741
0.990894
0.985425
0.947763
1.004519
1.059677
1.017069
1.000842
0.952498
0.944284
0.962777
0.992841
0.931632
1.022849
1.000334
1.067590
1.025483
0.960929
1.006330
1.032715
1.014504
1.151362
0.989198
0.972998
0.978777
0.933464
1.042457
0.936955
0.985914
1.031879
1.040545
1.051497
1.003393
0.994619
0.930177
0.953717
1.067226
0.997596
0.911658
1.011518
1.024887
1.028749
0.932598
0.926255
1.021850
0.993224
0.999810
1.066479
0.966087
1.033099
0.857972
1.116411
0.993080
1.042198
0.914264
1.002614
1.102756
1.053071
0.999434
0.916300
0.922206
1.040831
0.960070
1.008482
1.043614
0.981890
1.027175
0.974925
0.982761
1.023746
1.049506
1.036814
0.894376
0.989191
1.031517
1.019870
1.018614
0.959543
0.886636
1.086091
1.007863
1.001099
1.012251
0.939505
0.968931
1.033766
1.045203
1.039523
0.982525
0.946743
0.996184
1.096913
1.026252
0.966537
0.894983
0.896753
0.996280
0.971439
1.004123
0.914949
1.085580
1.075096
1.042834
0.977831
0.985005
0.882788
1.041921
1.007799
0.908852
0.936824
1.053471
0.959767
1.060456
0.998732
1.019127
1.071673
1.019883
0.945957
1.027919
0.946241
0.939494
1.052564
0.999893
0.907881
0.985929
1.061062
0.900249
0.939111
1.053172
1.050177
1.038405
0.984322
0.926753
0.945535
1.031075
0.930483
1.038616
1.022577
1.087853
1.015064
0.969097
1.018844
0.995459
0.892571
1.056634
1.061141
1.046498
1.098310
0.994139
1.022168
0.995969
1.050537
0.901902
1.071985
0.969428
0.921708
1.002385
0.973513
1.044116
0.972454
0.977806
1.026877
1.089290
1.102762
0.916429
0.944697
1.048007
1.003660
1.081693
1.048893
0.976675
0.986313
0.882686
1.038842
1.094459
1.012755
1.020590
1.061169
0.978361
1.119940
0.965581
1.032081
0.993695
0.905937
1.005183
0.971925
0.895705
0.905901
0.981254
1.027858
0.890995
1.064001
1.017088
1.020799
1.105347
1.029930
1.057004
1.033177
0.990251
1.040335
1.101650
1.011545
0.967444
1.012614
0.925378
1.090019
0.886526
0.977275
0.862482
0.872540
1.054607
1.026290
1.030613
0.928338
0.964180
0.933101
0.943293
1.043994
0.972593
1.063712
1.000738
1.100933
0.964429
0.997556
0.977528
1.060206
1.051347
1.022569
0.994049
1.003597
0.960622
0.977814
0.973475
0.969398
0.988037
1.059189
1.045681
1.015406
0.912516
1.024059
0.950315
0.985001
0.959881
1.054119
0.996000
0.937825
0.968913
0.834822
0.972757
0.961553
0.881637
0.997635
0.977881
1.020064
1.017150
0.985555
0.895610
0.946914
0.989387
1.012150
0.944178
0.996912
1.078874
1.009373
0.889112
0.985960
1.039754
0.973417
1.018123
1.028670
1.053648
0.918162
0.993240
0.958396
0.980887
1.036067
0.973562
1.019235
0.960545
1.040925
1.051066
0.900573
0.980408
0.986209
0.928563
0.940235
0.898524
0.917925
0.943974
1.033837
0.991223
1.016567
1.024696
1.017461
1.078713
0.992381
0.939132
0.952399
1.070954
1.041338
0.932304
0.992757
0.980617
0.965578
1.103974
1.026710
0.996227
0.862358
1.006734
1.038979
1.019572
1.065826
0.961970
1.045739
0.977224
1.027002
0.979729
1.021023
1.015169
0.942418
1.014311
1.038676
0.987039
0.962883
0.942202
1.044473
0.970502
1.003912
0.941607
1.042103
1.009374
0.970532
1.031761
1.045913
1.015328
1.117531
0.993995
0.956084
1.119056
1.002087
0.982229
1.031310
1.038672
1.000033
0.970583
1.040807
1.075600
0.991832
0.996590
1.029915
1.018524
0.930361
1.056021
0.951821
1.031405
1.009977
1.023452
1.041222
1.011276
0.971554
1.034287
0.994853
0.994809
0.987251
1.027838
1.054696
1.108543
1.018463
0.966053
1.050701
0.969041
0.950017
0.947131
1.098324
1.040305
0.992171
0.961859
1.023491
0.938047
0.963620
1.035561
1.016380
1.005490
0.968948
1.112748
1.050777
0.971937
1.037379
1.048494
0.954627
1.048087
0.995839
1.027843
0.924770
0.998748
0.955989
0.954131
1.008590
0.968757
0.877056
0.989061
1.087030
0.946748
1.001785
0.965673
1.013436
0.936917
1.000259
0.966691
0.983722
0.959149
0.962968
0.974026
1.010809
0.977988
0.999150
1.006494
1.037380
1.014718
0.994410
1.056011
1.048859
1.021343
1.011440
0.962248
1.011664
1.014199
1.050961
0.942137
0.990536
1.005787
0.950024
0.984727
1.011098
1.094466
0.957902
1.082805
0.973103
1.000426
1.045800
1.064598
1.074061
0.969728
1.026979
1.057681
1.039259
1.034745
1.035055
0.957359
1.013167
1.040318
0.986195
0.965355
0.956561
0.965837
1.083677
0.971136
1.062572
0.969115
1.050321
1.002539
1.004918
1.016668
1.024389
0.995980
1.035681
1.020349
1.068073
0.998955
1.106377
0.978057
0.972079
1.071481
1.075495
1.005651
1.014632
1.004999
0.934489
0.903947
0.980797
1.074834
1.021326
0.926574
1.036045
1.004460
1.033709
0.953487
0.955543
1.046102
1.020576
0.972607
0.948402
1.027282
1.082260
1.045633
0.924494
0.959565
1.122544
0.947537
1.020035
1.052516
0.930076
1.057823
0.999324
1.019635
0.982554
0.951384
0.998667
0.937060
0.962406
0.965721
0.909231
0.949000
0.940099
0.929293
1.038755
0.886135
1.042677
0.943696
0.992945
0.994272
1.003106
0.956640
1.000802
1.082316
0.977502
1.085117
0.987306
0.982791
0.981371
0.959176
0.943570
0.984015
1.022580
1.024498
1.069340
1.007398
0.956704
0.989982
1.066865
0.967992
1.020879
1.045553
0.993146
0.986585
0.994026
0.928584
1.012946
0.986508
0.894476
0.999358
0.909967
1.009231
1.009751
1.005718
0.985204
0.937185
0.958480
0.977361
0.961672
0.994025
0.982794
1.002884
0.998270
1.035587
0.968272
0.986275
1.010778
0.896210
0.980585
1.122066
1.010179
0.977441
0.983553
0.920794
0.933231
0.974790
0.959605
0.935982
1.068591
0.969695
1.044418
1.041166
0.885102
1.035284
0.964269
1.034823
1.021008
1.076301
1.034185
0.967433
1.026254
1.002390
0.956050
1.042467
1.054478
1.034259
1.088938
0.974000
1.041810
1.028699
0.880849
0.943786
0.961861
1.026503
0.921748
0.970781
0.984618
0.977320
0.950367
0.954319
1.143990
1.063095
1.002913
0.839298
1.050678
1.002818
1.008275
0.955825
0.981668
0.955718
0.977986
0.948425
0.946403
1.013848
0.980536
1.060818
0.996379
0.866301
1.054874
1.041142
1.018302
1.012123
0.916407
0.966739
0.914502
0.909889
1.012744
1.084014
0.993701
0.980846
1.037586
1.038759
1.025585
1.124216
1.015269
0.957913
0.955850
1.009642
1.037139
1.028017
1.005808
1.062656
1.101660
1.040207
1.016523
0.992409
0.994253
1.068354
0.978419
1.066423
0.979599
1.106660
0.975760
0.989165
0.981607
1.020861
0.997992
0.915111
1.098146
0.987755
0.947904
1.041119
1.037227
1.034243
1.016343
1.000552
1.080479
0.975422
1.024163
0.971080
1.121861
0.919974
1.057130
0.968110
1.037835
1.004030
1.059728
0.995022
1.030686
0.931383
1.022340
1.079918
0.993860
1.009004
0.977442
1.031844
0.959612
0.936998
1.028618
1.023426
0.978297
0.984907
1.030315
0.939060
0.996166
1.058754
0.941088
0.944198
0.979781
1.078399
0.919448
1.036225
0.954116
0.999682
1.007769
1.030835
1.009096
1.042386
1.034625
0.973185
0.964979
0.978431
0.981756
1.110145
1.061550
0.954417
1.041361
1.022963
0.987320
1.025576
0.922405
1.033381
1.022370
0.977553
1.073623
1.083340
1.027521
0.968384
0.919654
0.940987
0.968139
1.029989
1.011907
0.947866
1.035132
1.000411
0.969149
0.934830
1.067721
0.964263
0.993169
1.001176
0.954029
1.035902
1.129876
0.999607
0.963237
0.975391
1.009585
1.024600
0.876443
0.951005
0.979746
1.098938
1.026353
0.934944
1.021765
1.078451
1.066066
1.111243
1.072373
0.999978
0.984514
0.980085
1.001342
0.971412
0.955121
0.976945
0.967502
0.940960
0.986487
0.996160
1.030602
0.935596
0.975780
1.046107
0.927822
0.969258
0.964138
1.057758
1.053224
1.017296
1.025600
0.881735
1.031283
0.959633
0.979942
1.021063
0.963113
0.995546
1.009351
0.940444
1.018077
1.032526
1.006459
0.951522
1.041994
0.978100
1.009374
1.008411
0.930493
1.046683
1.040379
0.992020
1.119865
1.069869
1.012000
1.014376
1.084507
0.993277
0.958073
1.041961
0.978130
0.909022
0.949594
1.011421
0.929500
1.039200
1.026584
0.947636
0.985879
0.946412
1.025132
1.035991
0.992295
1.078731
1.093221
0.985045
0.851642
1.012690
0.930425
1.079791
1.092607
1.029469
1.018919
1.033706
1.009816
1.067091
1.063294
1.011231
0.953690
0.991739
1.015698
1.006206
1.073846
1.014715
0.981351
1.010220
0.999931
1.035493
1.037863
1.055040
0.992890
1.049094
0.989574
1.041855
1.006290
0.999785
1.007150
0.974006
0.967641
0.982166
1.012978
0.983457
0.923014
1.061542
1.053927
0.995493
0.999775
0.960611
1.022439
1.036009
1.026356
0.997593
1.129310
0.964667
1.001317
1.058453
0.998049
1.003795
0.982374
1.091888
0.916118
0.955654
0.992534
1.095890
1.051280
0.996116
1.034965
0.983518
0.976578
0.912265
1.024436
1.051284
0.942066
1.054286
1.001560
0.962232
1.037176
1.062259
1.080095
1.004199
0.996276
1.025346
0.987292
0.969925
1.010129
1.008883
1.030412
1.068385
1.006285
0.977904
0.906056
0.979438
0.980828
0.931517
1.036506
1.015443
0.985009
0.981118
0.897965
0.909702
0.968546
0.907889
0.933192
1.004980
1.044233
1.026626
1.039702
1.049813
0.980031
1.089027
1.092620
0.943034
1.061869
1.071035
1.023889
1.061514
0.927705
0.993683
1.008210
0.927683
1.028795
1.138604
1.038108
1.109129
0.941072
1.115019
1.111632
1.029067
0.922910
1.033957
1.037722
1.034922
1.009488
0.979874
0.980368
1.058941
1.024707
0.977713
0.914389
1.085191
0.934180
1.048588
0.999195
0.935816
1.096797
1.067538
0.931608
1.015295
1.012029
0.983045
1.053693
1.003359
1.021625
1.072316
1.019134
0.991326
0.946012
1.044302
1.003877
0.981354
1.079701
0.994581
0.930922
1.099584
0.957937
0.987985
1.089664
0.998063
0.950184
0.883152
0.998916
0.913191
1.054926
1.012455
1.055619
0.997037
0.950453
1.065123
1.040094
1.006582
0.974220
1.025497
1.071508
0.986612
1.090938
1.024940
0.905028
0.904640
1.078990
0.995586
0.998569
1.029451
1.008222
0.966415
1.049601
0.969125
1.039809
1.089390
0.902669
0.922678
0.994879
0.963282
0.960939
0.934738
1.047108
0.923039
1.055483
0.955846
0.989561
1.043393
1.053577
1.000577
0.938915
1.018595
1.001823
1.014036
0.908899
0.953082
0.929871
1.064332
0.938483
1.000700
1.025116
1.092374
0.984741
1.016195
0.969352
0.989546
1.042479
0.987337
1.029178
0.995548
0.970328
0.998851
1.063969
1.037108
1.027012
0.937636
0.934475
0.974186
1.039199
0.986380
0.968699
1.030163
0.933720
0.985006
1.027117
0.973838
0.976051
0.975346
1.021128
0.973466
0.973551
1.001395
0.875950
0.911260
1.032889
0.970163
1.038106
1.029109
0.974664
0.990992
0.979487
1.020183
1.074714
1.009785
0.996583
1.005757
1.049254
1.016480
0.994271
0.976838
1.086030
1.047655
1.013243
0.967808
1.067355
0.960049
1.112836
1.036388
1.014083
1.047504
0.959692
0.905931
0.914945
1.020647
0.916414
1.016166
0.992297
1.047150
1.020471
0.988697
0.994073
1.015630
0.885052
1.009500
0.989981
1.011538
1.053644
1.006484
0.922112
0.995267
1.073003
1.017570
1.006552
0.962394
1.053228
1.093957
1.046300
0.969582
0.955393
0.974303
0.952199
1.054500
0.977166
0.957105
0.954566
1.012602
0.983757
0.999687
1.178061
0.959499
0.995598
0.922656
0.996448
1.006476
0.976703
0.971377
0.932445
1.016882
0.935721
0.968105
1.034554
1.010566
1.011634
1.009181
0.951327
0.988169
1.084156
1.016808
1.006997
1.033334
0.984396
0.996751
1.064509
0.976473
0.911543
1.029963
1.014687
0.994928
1.103749
1.096611
1.001631
0.966803
1.082166
1.030248
1.006624
0.975381
0.953918
1.024037
1.071971
0.944470
0.989120
1.071718
1.002324
1.038992
1.033118
1.039281
1.030926
0.998266
1.060630
0.984919
0.964441
0.974618
0.976848
0.935594
1.010553
1.039352
1.008164
1.060736
0.990596
1.038811
0.973039
1.089201
0.991770
0.933417
0.952649
1.001179
1.052619
1.026152
1.066939
1.040525
0.936888
1.055798
1.068655
1.090267
0.965807
0.998744
1.020133
0.988356
1.017475
0.978959
0.973932
1.040594
1.010466
0.976386
1.022087
0.966215
0.976861
0.990253
1.024908
0.923804
1.038966
1.072937
1.002064
0.977370
0.996484
1.066057
0.933789
0.998238
0.882761
1.065700
1.090731
1.019047
1.012907
0.972549
1.149866
1.054289
0.953941
0.970507
0.990329
1.007575
1.021057
0.999485
1.032171
1.036350
1.009453
0.943073
0.987773
0.990539
1.046721
1.044356
1.028323
1.043182
0.978410
0.952863
1.033712
1.011471
1.030500
0.977084
0.959826
0.903606
1.003201
0.925189
1.026125
0.962068
0.923464
1.014455
1.021196
1.063457
1.022488
1.040357
1.030726
1.027293
0.986648
1.003668
1.034479
1.037293
1.046642
1.014240
0.948052
0.900633
1.024724
1.009611
1.051099
0.925276
1.036651
0.904092
0.990546
0.996576
0.927504
0.995550
0.960962
1.015726
0.994294
1.033135
1.022789
1.013515
0.970000
0.998414
0.959140
1.127382
1.000689
0.935731
1.124962
0.941749
1.033267
0.918430
0.980154
1.099641
1.024554
0.991180
0.972100
0.998652
0.946262
0.945658
1.003804
1.062509
1.048034
1.000910
0.954161
1.046582
0.942416
1.015778
1.081385
0.968044
1.011553
1.015226
0.882118
1.039217
0.973314
0.986426
0.946458
0.956416
0.958171
0.957980
1.047117
0.958857
0.970159
0.956631
0.984487
0.985870
0.878909
0.938535
0.960729
1.003208
0.952250
0.979841
1.056830
0.996140
0.976395
1.002545
0.965161
1.015876
1.026183
1.037595
1.108774
0.950704
1.045691
1.061300
1.012925
1.007955
0.988519
1.033905
0.901657
1.051453
1.037284
1.027698
1.002634
0.940704
1.001604
0.978043
1.003609
1.062858
1.020900
0.962665
1.097596
0.929771
0.974783
1.017676
1.017333
0.978576
0.950678
1.036937
1.056573
1.020800
0.917582
1.011625
1.052293
1.119443
0.990635
1.044448
1.014380
1.029547
1.005284
0.995874
1.000789
0.999593
0.993100
0.931686
1.035699
0.990816
1.014608
1.004863
1.052574
1.040637
1.022243
0.969440
0.947072
1.092177
0.991090
0.971302
1.036361
0.988488
0.997852
1.016794
0.989870
1.059579
0.977771
1.006464
1.020153
0.961532
0.976894
0.956288
0.947554
1.045227
1.017873
0.958578
1.018607
0.988254
1.027009
0.975071
0.988616
0.984059
1.058618
0.962900
1.122376
0.941716
