0.063577
6.209243
3.108116
8.824275
9.075339
0.197424
4.562502
0.311617
2.162499
8.316679
0.317750
8.441619
5.590727
8.258980
8.178188
0.996725
4.483239
3.770417
0.275021
2.167265
7.290696
9.810585
7.158503
8.038188
7.626736
0.168880
0.785699
6.037616
4.336126
3.151999
0.180155
3.807725
0.835800
9.842147
9.543594
0.470272
7.415835
6.104349
9.740208
6.599983
4.422919
2.917438
6.583068
7.082483
2.393511
4.082365
7.162748
6.117764
0.743221
4.265653
0.447013
6.854644
7.593661
8.292284
8.968260
1.658472
1.790284
2.811751
6.539961
5.115234
4.493623
1.499277
7.041035
5.816801
5.324020
5.104236
1.583484
9.773230
2.124745
4.959911
3.242689
6.166355
4.344816
3.035171
8.989025
4.014510
3.458952
3.781710
6.050100
6.914589
1.719476
1.666988
3.015195
5.690165
4.563085
7.414157
2.921993
6.690015
6.744806
3.961053
3.114491
9.024313
2.760483
1.945765
6.534725
5.538505
8.086073
4.361434
6.192592
9.340549
9.891994
9.065980
7.575233
8.965542
9.222195
9.318807
5.828189
0.200936
5.643072
2.003403
8.082893
3.213098
8.941298
4.929993
0.657293
1.336855
9.469141
8.529438
0.536814
1.633008
5.472233
0.826033
4.875090
4.995399
5.058384
6.819866
0.069069
2.621624
3.265028
2.881055
8.375881
5.504917
8.774048
3.855955
5.246376
3.100271
0.642810
2.917720
0.700116
3.660787
4.385759
8.907717
3.253382
0.103472
6.932984
0.845884
6.844467
6.025006
3.303579
4.674312
5.662123
2.159039
1.395452
4.960371
9.785580
4.664927
1.872238
6.794663
9.231966
4.361787
4.872686
1.356496
5.143348
8.102912
0.198706
3.482312
7.406735
4.725446
3.304844
3.410006
1.464138
6.483246
8.824208
4.329779
4.847616
7.104956
5.239061
5.905192
2.067517
1.584057
4.331842
2.039412
9.902836
4.293929
8.577658
6.801960
4.110600
7.266690
1.593224
4.431495
6.671325
4.042978
8.227244
6.476912
8.308754
9.750093
9.800633
4.250065
1.054913
7.255691
8.646454
0.500508
6.812883
1.645548
8.532955
0.345532
5.196017
3.698174
9.280425
5.092101
8.012723
6.953449
3.393323
2.577516
2.926073
2.524789
1.107211
2.145447
0.444443
0.788870
0.789316
1.217539
2.554443
4.574954
1.973203
4.328680
1.395662
6.159085
9.317091
9.190313
7.417149
9.902743
4.904782
9.791592
4.734512
5.768747
9.120231
3.551023
3.042417
1.205410
5.456853
7.256013
5.040241
8.644882
8.312078
3.504703
2.209684
0.457528
4.417051
3.801975
3.165478
3.393628
5.127511
2.682004
6.389979
0.235657
8.084668
7.983014
1.139298
2.857562
9.520004
8.999685
0.533502
3.731061
2.091131
0.433388
6.902835
6.347870
5.428941
9.379785
1.820618
9.882689
4.475137
6.390635
9.239701
1.516012
5.453592
0.657746
0.902929
4.437707
6.629553
3.533322
9.525894
1.588610
0.228169
0.851014
0.918298
0.542005
6.179605
8.369357
4.344172
8.623056
1.390331
5.853503
8.234008
3.919261
2.845111
6.253212
0.113736
0.115941
8.943618
4.868870
0.029363
6.795308
7.203838
3.564353
7.922215
7.932919
0.689003
2.939744
1.156965
6.692277
9.436445
9.750768
4.325433
3.967549
8.206168
6.784167
3.213267
1.629399
0.813285
5.170277
0.300297
7.548718
9.098179
9.596845
6.284469
5.208403
2.946222
4.444911
0.220264
2.173239
1.403864
8.637912
7.978398
7.030407
5.482414
6.809121
5.691662
1.354793
9.552683
6.600229
8.021162
3.215059
7.355354
1.711175
0.348480
3.114069
7.327767
4.575862
4.845779
1.557608
6.809618
1.774918
5.505221
7.695013
9.900183
0.272714
0.622810
6.090026
9.720076
6.087315
3.927173
0.010426
7.413723
6.200617
2.575732
3.484375
3.228034
2.129779
7.331844
4.337002
3.707017
2.786836
8.150233
9.051811
2.014017
9.682087
3.480436
7.436782
0.324726
7.700156
3.891468
7.855899
9.852084
7.849139
3.225477
4.126024
7.948385
4.704274
6.388740
2.953112
3.224099
1.967835
7.701502
9.478139
3.793137
3.972796
6.900211
1.023731
2.482432
4.001365
1.431263
2.229090
7.806614
5.696064
4.263189
1.565318
4.446963
2.965694
3.956157
9.330423
8.731592
0.520907
9.060244
3.749090
0.337645
6.888397
6.201793
6.606312
3.868076
5.253139
8.614833
1.691746
4.854657
0.845851
3.581021
9.295325
3.603924
0.353458
8.587034
3.383380
3.675175
4.534117
9.868785
6.554560
0.427938
1.893176
5.182931
3.602360
1.982756
0.858814
9.703699
0.443382
7.927859
2.636495
4.538991
5.308240
8.174766
8.188667
2.365110
7.774387
7.451202
7.587490
1.115679
6.148042
4.337018
4.211741
3.950948
7.220482
9.179511
5.219819
3.337919
6.762619
7.774466
6.429778
8.345085
7.847234
2.891641
3.808889
4.173297
5.336880
8.011991
5.194757
0.782825
3.191175
5.194715
5.461350
4.279256
1.977095
2.343027
4.542102
7.428651
6.528656
3.417676
9.051253
6.543140
3.739715
1.369917
2.339377
8.176352
2.441404
2.662819
3.888234
8.755875
6.791945
0.334028
8.408061
7.177970
4.366762
7.176907
0.568639
8.991092
7.201356
3.020809
8.790245
3.261120
7.370930
6.341383
9.798593
2.629312
3.493614
4.723899
1.652637
3.458955
9.743730
2.598532
8.650726
9.021940
8.467277
8.570392
8.924997
3.356575
4.317447
2.368015
8.564469
1.485733
2.440177
3.387494
7.966286
1.314548
7.359713
4.735394
1.087855
5.510195
1.380517
5.564159
0.054913
9.159580
8.945138
6.955452
3.788800
8.296332
2.624191
2.438447
8.964784
1.466814
6.429771
5.464139
2.196208
6.184508
9.189793
9.794724
6.733258
5.581357
3.146313
9.869839
3.350439
0.819578
9.076116
0.601757
6.820965
3.338331
7.149852
0.912784
0.430816
7.702679
7.535114
8.602008
6.984025
2.940324
2.701806
1.859122
0.499231
3.101266
0.995151
0.458131
5.956172
3.860782
1.782308
6.625069
1.371474
8.578445
0.671289
2.700457
1.419181
5.799686
4.235065
3.268356
5.470982
9.103578
6.636479
4.164579
5.199001
2.328700
2.574598
7.121054
9.667148
3.817530
4.404705
1.434666
7.294744
7.673380
7.583365
0.290121
2.071484
5.153525
8.281997
0.312590
6.202874
1.018310
7.689338
6.665232
7.494061
9.982115
2.877327
5.105838
4.155180
3.218554
2.955255
2.428492
9.952206
0.529907
4.372267
3.478276
6.218937
8.073547
5.423349
4.260365
3.285943
7.179373
4.266562
0.008244
6.006674
8.350353
6.468771
7.463352
4.719760
3.327022
0.215406
8.783229
1.690029
0.450220
5.244928
9.374275
6.876774
5.646865
2.258714
6.832173
2.959064
9.186954
3.744771
9.517421
7.970201
1.833099
6.851594
0.914717
9.953317
5.513816
7.087917
3.397535
5.059639
2.246346
5.760787
2.945009
8.260569
4.621702
4.204969
8.145505
8.484929
6.038405
8.908341
8.636970
4.087414
1.661846
1.122692
2.544750
4.483284
3.940158
0.148305
5.082413
1.743084
3.288984
1.304097
1.099611
3.871953
7.436032
3.456257
0.506352
3.873724
0.493593
8.087545
9.609664
2.569339
5.446283
6.576698
0.456956
7.394025
0.925477
2.318557
1.881029
5.934885
1.028960
0.566311
7.149038
0.311021
9.514419
9.583018
7.895848
3.338723
7.189307
4.094577
7.697312
2.323526
8.831682
0.066299
9.542237
2.983286
6.103140
3.465753
9.742095
5.330913
9.017175
5.966291
5.197595
6.703433
3.336968
3.660934
6.319305
0.220730
3.418783
7.125095
1.007808
1.597940
6.113279
4.690662
5.415283
8.615820
4.368117
9.207579
6.011424
5.290854
9.708453
8.253349
8.513891
3.266951
6.249812
8.574223
5.734171
4.979794
3.230678
0.045959
5.829052
9.345371
8.724716
1.806449
0.826293
1.624626
9.008200
2.031758
2.671776
7.340286
6.099039
7.620531
1.562247
4.425661
9.938097
4.520938
3.308941
0.538989
8.070002
0.759939
2.279603
2.343319
2.144552
5.512355
8.754792
6.317974
8.912310
3.943130
4.092377
9.605426
0.657072
1.295720
4.850661
9.713483
0.151918
8.487447
8.070336
6.225025
3.837490
7.833944
1.464664
8.311731
4.981998
8.865017
3.068439
3.544523
6.513011
4.711533
1.577153
0.236449
7.389487
8.463444
3.754451
8.386064
2.834912
0.127643
2.932857
4.106576
0.129959
1.788438
4.679166
4.721243
1.228939
1.982937
9.000622
8.793487
4.935449
0.227423
3.135532
0.370496
0.009705
7.943473
5.771034
7.430853
7.418574
4.681599
6.402181
0.327838
4.924924
3.747025
6.131094
4.464423
1.104295
9.849457
9.475544
9.989353
6.626945
1.187896
6.601770
0.751773
0.720280
3.610552
0.709035
7.506082
7.568771
2.973008
0.980483
0.449706
9.254907
2.953557
1.518089
1.549936
7.207953
1.801960
9.125426
8.763832
1.140267
8.454615
4.549804
3.528779
5.563596
6.861894
9.873364
2.952970
7.702448
0.730077
2.141589
9.462923
4.924824
3.643137
7.316705
9.266742
2.490025
7.766222
3.401402
8.078649
0.965409
9.169044
1.187083
9.097279
2.151699
7.314841
0.525931
4.982253
8.706342
2.255683
9.532062
7.351533
3.498616
5.368425
5.651702
2.411639
7.435928
0.544142
6.627347
6.778452
9.196308
6.068206
5.647208
0.420771
1.603330
7.519253
1.334240
1.466647
8.561484
6.842506
6.814057
7.624944
4.099361
1.995362
3.163822
0.558979
5.979134
8.899979
1.534497
2.680296
9.522976
2.115592
6.572389
7.399461
8.776279
0.353370
3.335376
1.188001
0.100226
9.698326
6.707129
3.301503
3.204087
4.589925
3.886146
9.346466
8.775091
1.033172
3.630876
3.921270
4.006696
0.739368
7.926656
5.823482
1.628674
8.670027
0.899810
9.886898
2.501106
6.524696
9.141281
8.330133
3.095317
8.422877
1.031632
7.556147
5.195214
6.827378
0.993970
5.229978
6.123621
3.658660
9.029449
0.153562
8.378552
5.754140
5.382757
1.308925
8.311555
2.225587
5.777493
6.913208
8.744039
1.301936
3.559953
7.772991
0.801055
6.477893
7.166314
4.171412
6.363647
5.185757
8.405153
9.440456
4.822245
2.355758
1.174355
0.525063
8.557541
5.337403
5.258615
7.973767
2.660455
9.836146
4.908250
4.541214
1.073838
1.380869
8.128757
8.451630
9.778453
3.187456
4.907275
9.474600
3.383263
5.953780
7.059795
7.629535
7.887433
6.328712
7.656671
1.404783
2.482325
5.795444
9.999333
3.255017
3.870937
4.706112
4.356030
8.410851
6.830130
2.844386
3.072967
3.725405
4.514808
4.630646
3.230202
5.875857
0.322873
7.577386
7.880722
7.770187
0.227001
2.913452
2.530346
7.267996
1.390447
7.294454
3.029249
4.595746
9.777801
1.821142
8.467216
8.495449
2.747146
7.189566
5.425311
3.200184
0.970341
9.839086
8.371030
8.692329
6.826306
6.331732
8.729913
7.438236
0.602505
8.371008
1.853481
3.137994
3.257632
2.824813
2.038822
5.993503
7.375438
1.945627
9.218101
3.296382
7.592224
3.294934
6.892643
5.299294
0.185145
6.590365
9.921806
7.044262
0.847038
8.121682
7.321364
1.842676
5.172460
1.379202
2.497509
6.814726
3.286530
6.317342
1.128300
0.480965
0.818436
7.719702
2.252037
8.415847
2.787065
3.619236
4.873072
3.260944
1.235596
7.785786
7.820266
5.235770
8.473496
5.213281
4.528743
0.896608
5.005246
4.759007
8.550947
5.783884
8.737591
0.484494
3.035439
8.189866
4.933944
6.773207
0.502887
3.594622
5.505114
5.314952
2.202457
9.321940
5.619194
0.502592
8.108232
0.282497
8.955559
1.116474
1.542747
0.699207
6.711414
0.193770
4.057840
5.305581
4.516920
3.493040
8.076583
5.658430
6.918602
4.519481
0.645995
5.822564
7.239541
4.767190
6.768553
4.922598
3.869904
6.994322
4.369376
9.861740
5.071775
6.535393
6.798906
4.278928
6.707969
3.932897
5.561636
1.452305
8.093879
3.890394
6.733372
0.905173
0.681348
6.091058
3.265791
5.720426
5.800156
7.605933
6.947762
9.718972
5.177198
2.691420
8.316680
4.839486
3.430267
6.142044
8.000191
0.216072
9.046399
6.567375
8.950022
2.400480
3.554343
4.241186
7.169262
5.577292
3.474593
6.615466
2.763120
9.427423
4.794790
0.288630
8.084124
1.715166
7.210581
4.622129
1.277811
1.014528
5.768754
0.610410
7.507991
2.096948
8.391267
4.991841
4.021972
3.207363
2.225736
7.165212
3.330240
8.670614
7.652498
7.593107
7.290325
1.441419
1.529586
3.475933
1.514764
3.222392
6.005402
8.680069
3.815997
3.286633
9.560319
6.896199
3.107177
1.463693
1.823748
8.093694
9.574502
6.634117
8.143565
3.687073
7.330531
5.786086
8.565866
3.977216
3.188180
4.377880
9.640484
1.739993
2.966449
6.777068
8.377226
7.195948
1.179736
1.240591
9.512938
0.241574
5.570549
1.905657
1.066342
6.011903
9.626342
9.279097
3.926031
8.976438
8.376150
2.597863
7.919152
9.270175
2.758958
5.747559
0.751175
0.573057
8.054739
8.416779
6.018996
8.917884
6.887433
8.357262
1.741428
2.346270
2.025305
4.254788
6.325374
6.790775
5.492766
5.209229
2.349530
9.821611
3.147599
0.326047
4.704839
8.032058
2.824871
8.138182
0.616623
4.580949
9.699389
6.307216
8.701005
6.991840
7.131518
1.786341
8.435102
4.275378
3.878836
7.476726
8.608050
5.784730
1.690577
0.994885
8.109814
4.140342
5.835287
3.324272
4.627047
0.936263
9.267513
5.565044
3.402520
0.582494
6.245679
8.948949
2.064293
9.519959
2.093989
6.369659
8.866526
6.319919
7.242743
9.626969
3.942337
8.168406
8.509426
3.866924
1.649618
4.776749
6.570144
5.937417
3.735914
3.008445
6.951596
5.596010
1.453270
0.008664
5.597259
8.656584
7.008289
0.020379
9.869626
0.246209
8.401777
0.557766
9.834560
1.143702
7.681632
2.849756
7.147513
8.767359
9.348453
6.723388
7.731256
5.724279
1.176249
4.231039
5.624561
0.863120
6.242997
6.174917
7.416365
9.909753
6.775962
9.882970
1.555449
1.867743
5.128116
2.869431
1.669073
5.842486
4.108476
4.704237
5.601585
5.731555
9.716664
3.799081
1.689743
0.232997
9.871612
1.680204
3.784347
9.939320
5.952674
2.877553
9.327758
4.452610
2.191596
2.154509
2.147352
5.395592
6.956277
2.716556
1.964387
5.856237
0.166485
5.445222
8.415646
0.727817
2.318680
3.328395
1.858565
7.609385
2.705909
8.020415
9.717089
1.062239
3.669424
1.229868
3.482134
0.123247
7.373704
6.661985
4.009170
4.788769
1.309802
3.120350
1.578279
8.077290
9.978803
1.647570
0.701522
1.316446
7.884906
6.956666
1.364180
7.995485
5.078338
3.651456
6.762018
5.732915
7.152998
2.963517
8.639073
9.523361
3.262476
9.081656
0.557935
8.495422
0.943825
9.826818
1.104009
0.889354
5.711500
3.092335
7.278039
0.749640
5.855864
1.020513
7.914949
4.574139
8.418118
9.858561
9.410590
0.450457
9.097566
3.597809
3.770159
6.230176
2.547858
8.875760
6.441518
2.054542
5.812022
4.726165
1.161502
8.416121
9.622343
1.813354
2.865363
8.392212
0.839992
7.981345
0.465155
8.094494
3.278125
6.373078
1.052769
4.754267
8.943497
8.904690
4.503311
6.292012
3.576546
4.263473
6.282732
8.209881
3.552509
9.200418
1.334088
2.713359
3.001834
2.887150
8.822337
0.336623
2.820349
0.664713
3.214385
4.336101
8.693892
4.196961
2.807811
9.801718
3.035169
5.540156
5.213808
5.790545
3.785401
2.446663
1.671131
8.192906
6.508644
7.397423
2.805165
7.811062
4.003689
6.229780
7.546263
4.028962
9.770979
6.870989
9.243988
6.484657
5.250340
3.435857
3.587965
6.541004
7.513535
9.462289
4.329401
1.415213
6.229457
8.677402
6.213489
4.506678
4.045125
3.172390
1.315195
5.874529
4.076313
7.512930
5.687000
8.856365
5.579819
8.756639
5.596475
4.644691
0.151050
8.010899
7.013491
1.448720
7.823153
1.529660
1.312049
7.651476
9.808499
0.765384
9.337579
9.563121
6.203900
5.655817
9.680058
7.488650
6.109667
3.540163
0.900909
1.739111
4.710338
2.399439
4.658647
5.458696
3.425615
1.532110
6.121383
8.041156
3.100606
4.827243
5.070954
4.606394
8.750102
4.774682
6.925972
6.868222
3.171688
8.616562
1.936467
7.760386
8.198657
6.345519
4.178185
6.137321
1.322057
6.284062
9.868585
2.770212
1.026900
5.308542
2.293770
6.197253
7.130059
0.978325
4.460745
1.294172
8.731495
0.330532
9.867349
5.702390
5.959255
5.408702
1.046869
7.711751
9.663939
3.406198
6.267447
1.209166
2.008301
9.790302
3.453726
4.073370
9.816028
5.313350
0.077709
4.285652
0.236256
8.722454
2.656613
0.185226
3.235778
2.806981
4.023216
0.190973
1.514560
4.610156
7.987579
5.779616
2.751693
2.969167
8.900338
0.758661
8.885448
5.872420
3.119420
8.352872
0.442342
8.408916
3.569965
1.740472
7.748890
1.246799
8.865048
7.385157
4.325618
1.909647
4.529576
2.317869
3.588362
2.032695
8.937198
6.066247
3.971987
8.924092
6.918329
7.950380
5.508940
7.925624
2.404454
5.099520
8.958168
4.713643
6.577019
8.464128
0.584389
4.847516
5.223663
7.701592
5.098909
5.524922
5.750451
8.092551
6.009466
6.485275
5.925241
8.687461
4.696590
1.760051
2.773649
5.175415
1.665528
9.274384
1.626585
1.725146
3.367280
4.578347
7.673682
9.495353
2.311836
1.148151
1.259087
1.357480
9.592349
1.662763
5.504685
1.821105
6.313799
8.717472
5.468851
7.786027
8.884002
0.199095
5.190874
4.427361
0.939988
8.964288
3.374619
0.270856
3.463756
4.623363
1.498846
2.775844
1.725070
6.289535
5.365224
8.291930
9.660081
0.398126
0.839248
3.040443
5.630215
1.454760
9.786167
2.529526
3.574444
6.913412
2.344413
0.025587
9.214821
9.046303
3.261662
3.805068
1.386002
4.118710
0.553110
1.419947
9.499461
5.766167
3.439214
8.899138
7.375344
2.513164
6.248219
7.482401
9.936592
6.027689
5.647512
5.035058
0.081713
1.759137
1.482892
8.240178
9.382601
7.302326
7.829408
2.717560
5.971112
5.274140
8.084105
5.611607
8.484914
0.845370
3.686234
4.548523
7.006138
7.312517
0.023088
0.838203
6.371832
9.732183
8.296760
8.617826
8.453485
8.881440
6.031960
2.618881
0.861369
3.021333
9.116985
0.811468
7.012730
0.729788
4.527422
3.154200
2.238165
3.761149
4.459266
0.627395
4.060548
7.740223
6.437999
4.279321
0.400478
3.399680
8.253569
9.391612
7.073112
4.169023
7.734176
8.395477
0.057233
2.791316
9.353346
3.571123
8.406754
8.017841
5.972483
3.545114
8.344313
6.195952
7.965833
3.790537
2.865099
2.121197
4.015373
4.907706
8.785982
7.425769
3.331422
0.641089
3.233296
7.529454
9.252809
0.734133
9.937472
5.690372
7.262857
2.527077
8.149589
6.639338
9.560121
6.852767
6.091043
0.624220
2.705306
9.531888
9.652230
2.090567
2.852425
9.592245
6.741171
8.225475
7.193344
5.676445
1.933050
1.569443
3.505277
5.052479
1.749872
3.141802
7.835779
0.472072
9.602583
0.369723
7.661279
1.372954
0.016771
5.731373
8.783648
9.975629
6.004858
2.794313
2.118733
8.481789
0.618412
1.074364
9.809509
9.117103
3.741941
3.447227
6.145865
4.186426
2.121916
3.778759
9.015368
5.835022
4.160990
6.905611
8.837090
6.575368
2.320502
4.022939
5.637481
0.548936
3.882053
3.278367
3.491062
7.710485
2.043138
8.269865
9.528711
9.313865
2.757681
7.098820
8.262136
4.259219
2.064432
5.868676
6.424278
9.312901
2.183527
1.382807
8.659160
4.799017
4.212804
6.262620
9.104382
6.178926
3.257833
7.696383
5.274498
4.087847
2.579483
9.364120
3.243535
2.727157
4.156591
8.814544
7.022224
1.763433
6.040906
5.411582
2.178111
3.836365
9.367548
6.740886
6.793687
6.853501
2.867554
8.364795
2.362253
0.991841
7.067002
8.009005
3.536954
7.075630
3.340517
3.185363
9.150810
9.980077
3.322177
5.651640
1.193430
5.174559
4.316842
8.312301
7.644031
3.188652
4.665938
5.640092
6.127763
4.934802
5.129981
1.811993
6.233023
1.843431
3.716825
7.739393
5.225318
8.115244
7.524601
2.682711
2.704358
3.155187
9.254665
2.119992
9.877070
1.131578
3.971829
0.084551
2.882077
3.682167
1.467027
8.421442
5.039205
1.650659
5.272771
4.075156
1.485523
7.440969
8.066728
4.770479
1.895308
5.383867
1.874949
8.290056
0.795151
7.141829
8.560100
9.380051
6.152843
7.923651
3.861854
8.799517
5.170318
8.420313
5.196651
1.172144
6.748550
3.232029
6.100958
6.072052
6.681099
8.067028
4.806242
1.462334
4.808637
5.760463
1.643139
7.620882
6.089616
7.039289
0.283614
5.378554
4.566501
1.250399
5.477597
9.381575
1.817827
4.688303
0.894321
5.474881
2.899534
8.913747
0.993777
2.834378
1.712042
5.995024
6.746469
9.777118
5.980171
8.344834
0.232182
4.706529
3.894820
1.338755
5.721130
6.230505
2.546799
7.382110
0.367762
2.340910
4.093654
9.905092
3.883155
7.858087
7.042407
0.004848
9.969935
7.849336
4.073253
3.659044
5.528427
4.117451
7.867909
5.511928
6.459202
2.698022
3.564670
6.733930
1.437697
4.404253
3.675220
8.994055
1.703282
1.591975
4.698344
9.084521
9.270575
1.889753
7.310669
5.565071
5.116497
7.508552
3.254968
4.923217
6.069594
7.370427
0.402292
9.012159
6.453238
4.320150
6.019368
5.621792
9.827701
2.331311
4.011418
8.725252
7.343042
3.541774
7.689271
0.933137
3.451401
5.326167
3.931969
3.573251
0.426929
8.437301
4.939840
3.401939
0.191335
7.325010
2.163205
2.059573
5.323738
6.801122
9.853174
4.398930
9.810792
9.296232
6.178839
9.231530
7.061218
7.934167
6.187727
1.894552
0.866220
6.635485
9.498163
5.165833
2.044925
9.570529
4.252935
2.652087
1.601425
6.411755
2.107796
5.567592
5.939716
2.286358
5.929037
5.930298
5.300812
2.191443
0.472268
7.663610
0.038990
5.116530
2.608565
6.726601
2.131312
6.864387
6.383977
6.728961
7.806164
0.942675
2.473778
9.751585
6.612781
6.186473
7.440162
7.987844
5.923613
8.892297
7.846005
8.950691
0.540516
3.120042
0.723831
1.481631
0.350540
2.547472
8.377050
1.165741
1.062092
8.917215
9.742390
2.096341
3.997049
5.571175
0.824696
7.826280
3.813914
4.201307
5.460192
9.820499
8.800127
1.020717
1.918376
7.767348
8.063479
9.989928
2.780847
4.079854
0.780548
1.327540
7.767297
3.650904
8.246594
2.718246
5.671169
2.300240
9.117699
4.203825
2.606685
5.666598
7.486339
5.865026
4.143874
2.574101
5.911010
5.853892
7.006182
1.222709
7.020598
8.730767
9.935838
4.213400
3.416872
6.444704
3.208121
3.418999
3.013917
7.235978
0.633087
0.570094
8.578784
2.745903
4.736529
5.799837
2.638233
3.208073
8.637318
7.225448
7.727350
4.952588
5.617085
0.728323
2.803426
9.831814
7.193886
8.627426
4.548983
2.889732
0.117896
7.912148
8.591053
6.832882
5.240588
8.074540
3.113406
2.190023
9.620826
0.255377
7.274275
9.148990
2.523529
6.897591
3.010296
4.621427
3.042873
2.967150
9.219616
4.628458
5.079847
5.668160
3.436261
2.550634
8.034964
2.089247
5.941154
5.673319
8.056990
3.254748
0.683344
2.763710
2.034238
8.504609
3.258420
5.724380
3.982773
7.854034
9.369483
8.958460
1.546242
4.991149
7.704066
7.904915
6.917413
2.374673
5.327729
1.150087
4.367948
8.179180
6.179907
1.455380
0.286923
9.885378
5.776662
6.229622
1.816843
2.515092
8.422165
5.838202
2.598402
6.233718
9.417298
5.668343
2.637676
7.048317
5.070343
2.970589
7.871375
3.574082
1.285561
3.751232
3.941124
3.546468
8.003018
2.978465
4.822037
0.237364
9.093851
2.682049
7.650268
5.901878
9.014882
5.267956
7.246626
6.903414
0.560309
1.794726
8.277880
0.934781
4.412756
2.917939
5.861017
8.118645
0.599035
5.646191
3.249869
8.029462
5.275941
8.807487
3.783093
0.836025
8.774074
2.747612
8.135070
5.988414
6.756596
1.627589
6.924043
4.817367
7.222462
4.688603
5.117147
1.007806
1.779584
1.810506
5.570562
5.825195
5.053243
2.998278
2.109879
5.471743
0.918179
7.415570
9.406075
4.794921
9.134586
6.087949
0.593659
9.954630
4.442154
3.351928
0.663559
3.137561
1.008994
0.805757
4.603118
6.493733
2.124874
5.155653
3.997708
4.881151
5.853588
7.426712
4.871211
4.997730
8.869345
7.458980
7.283216
8.301448
1.039201
4.934912
3.987848
9.588497
9.340269
6.893580
9.256578
5.843570
4.864248
9.166806
9.858299
9.608168
4.884750
1.779053
7.366186
0.525680
2.226800
1.679629
7.055496
4.176720
2.596573
1.379228
0.577196
8.630989
8.988911
9.866065
8.694147
1.820973
1.167029
8.450558
4.873652
1.341241
4.514620
2.489451
4.373157
5.884530
6.012779
6.561126
2.358555
1.371202
4.915679
8.458921
5.569873
4.550577
3.624127
5.637625
9.313471
3.535461
6.735820
4.116064
5.518141
1.617271
0.650474
4.554929
9.016336
0.719628
1.246486
9.613701
5.899555
1.358679
6.566156
1.228922
2.212399
8.507430
6.067862
2.546818
7.963672
0.478897
8.375638
2.052434
7.575850
3.135567
3.665481
0.770552
5.499211
0.040263
8.378354
8.161110
6.745679
3.662006
5.469113
5.927198
3.699517
5.135633
7.078472
5.832069
9.988690
0.261560
0.006179
1.662109
0.042158
5.483810
9.779510
7.336010
6.115617
5.203490
6.626851
6.760129
0.327023
1.410749
8.441446
0.921446
9.986610
3.937221
7.094546
4.823394
9.924750
0.066758
0.084365
8.107428
6.030699
8.255134
2.276523
2.978476
6.819948
6.557024
0.050720
8.906283
2.870198
2.731873
1.632532
8.387688
2.900666
1.548646
4.674321
4.014938
2.705175
7.202278
0.283989
4.939368
5.426641
9.575825
4.607989
6.327865
9.111574
9.672905
1.381111
0.572531
0.711510
1.441535
2.023924
9.678436
8.683380
9.155534
1.554706
9.779400
0.156485
6.845364
2.009205
3.592069
5.244538
5.891334
0.222222
8.365275
9.570084
9.414105
8.458980
3.646791
8.384347
2.455816
0.018682
9.328748
7.085023
3.207177
9.899569
5.043132
2.213439
0.761087
3.297942
2.147595
8.360406
3.048571
6.534526
4.968109
2.115588
9.776673
9.411675
6.442168
9.943087
8.972329
5.513295
1.742992
7.688045
8.158250
2.408999
4.226104
3.248791
6.570220
6.440391
7.329598
5.951355
7.296894
6.871757
8.027158
7.197028
2.752137
4.331689
2.362500
9.435234
3.606491
2.751047
0.427407
3.510214
4.929028
3.068305
0.657625
4.071614
5.630120
0.756943
5.387059
3.764582
5.229058
8.219847
0.582812
0.259477
8.423389
5.585201
3.835235
9.534569
8.856638
0.007664
3.856733
5.354392
2.320595
6.362535
7.460304
5.864176
3.510057
3.817511
8.293567
0.348820
8.767509
0.517558
2.692267
8.635045
9.156741
8.987609
9.636345
1.597850
0.013833
2.068947
2.481943
7.075415
8.166452
1.021105
0.812823
1.321142
2.259585
8.695732
9.763089
2.704777
3.256680
5.448841
8.624535
2.504315
1.587505
0.731201
5.158473
4.783512
4.413915
3.730245
4.173995
8.772203
8.817932
5.829196
0.609554
1.582058
3.896379
7.764115
3.518099
6.197088
2.806074
9.129798
3.030386
8.273092
6.547766
0.166793
7.684992
9.871877
4.044364
7.643854
7.333104
2.861544
1.559182
6.851309
9.397059
6.925079
2.684958
1.687792
9.052827
5.755117
8.577556
6.596399
7.642845
5.735607
0.154823
9.740452
6.893351
3.492066
7.911099
5.482819
3.731789
2.379388
5.235295
5.164446
7.044593
5.368040
3.681549
3.145549
3.678162
2.073650
5.405524
6.285953
6.684507
5.458977
0.817648
2.235059
8.372303
3.558820
4.641321
9.290907
7.055085
5.063276
7.353114
7.195316
1.897772
9.244684
3.826593
4.298563
6.642290
8.735085
7.797448
6.286523
4.008721
8.540320
1.910712
2.975968
6.910285
1.530811
8.545596
9.636546
4.268895
1.509102
4.934426
6.690994
0.291535
3.086922
9.675116
2.779858
3.057728
6.646605
6.487507
5.714218
0.502174
0.879315
1.614770
4.568780
0.034200
8.298106
7.292822
8.525022
7.869777
2.648220
8.538136
7.775421
9.207451
8.434927
6.009926
9.041812
2.848282
1.597007
8.480611
9.403403
0.132412
0.325954
3.079752
8.800498
7.169509
5.540304
4.483867
2.878083
4.828720
0.663040
9.335954
9.058194
6.216964
3.047419
5.241302
4.345434
0.266988
6.744153
5.509129
9.531899
3.438539
4.677926
3.423117
8.667022
9.385515
2.114527
9.247878
4.810591
9.206918
4.572865
3.570904
7.910467
9.572446
8.496001
4.639181
4.783252
8.600445
8.501353
9.391001
0.563373
9.364213
7.068857
5.166183
1.651633
1.408712
1.981589
9.666599
5.017126
3.080621
4.423955
7.571998
3.368218
9.431107
2.671601
1.741097
5.704485
2.204971
5.659795
6.223290
8.466631
9.818890
6.363515
6.366214
4.001468
3.616382
9.579629
5.940941
0.722290
3.024895
8.203852
3.672917
4.748568
2.866134
8.040692
4.074062
2.494113
5.040419
2.858659
2.531049
3.323376
2.084429
1.948514
6.617191
2.097383
9.640184
3.072382
2.037266
9.516672
4.550423
6.964220
9.549121
8.243413
4.780333
2.388952
0.494269
3.804639
1.409897
8.554628
6.515901
4.739861
4.733483
2.627279
8.523758
2.041885
9.194546
3.132889
2.395932
9.616179
7.637123
9.499678
6.220650
1.464744
0.326150
0.928079
9.468718
4.903962
4.560359
8.900697
8.645525
8.486853
8.245168
1.641415
6.275407
8.200327
4.948683
3.752239
5.874858
8.073913
5.777898
2.334067
7.773970
9.190683
1.134739
3.956728
7.292978
2.100877
6.559422
0.151797
1.367476
6.539704
9.475120
6.285507
3.135124
0.108736
3.170874
0.862437
9.552203
4.325654
7.850634
4.130994
9.149089
6.156185
2.960398
9.852191
1.152176
6.923313
5.002061
4.159219
5.976950
5.499948
8.486876
3.500587
6.597344
1.636119
5.003875
9.896592
6.125716
7.720763
7.124030
0.564363
3.158296
7.938750
3.225280
8.958350
1.571912
3.915323
1.484677
8.606599
4.780823
5.765319
6.517297
8.101988
5.418452
0.257111
2.087888
2.096311
3.316536
8.200239
3.688789
3.418510
3.989466
2.032128
0.465238
5.771390
5.829078
9.589215
5.641508
7.516441
7.019157
4.129314
7.820315
1.988641
1.488798
5.169713
8.997011
8.039549
7.828236
8.250927
1.323012
7.423591
4.609408
0.197791
7.788239
1.625053
1.526579
9.761090
6.389119
8.203848
9.605737
1.863013
6.582676
1.024626
3.928623
0.307784
1.440903
6.434934
8.257703
5.738839
6.993546
4.908344
4.190681
8.719882
1.869194
1.466636
3.038929
2.158748
2.254479
6.601041
6.793282
0.013899
4.276124
7.142588
7.544689
3.247267
4.354002
8.853903
4.642746
7.754273
9.602497
7.530150
7.684606
6.921917
2.262796
8.343145
1.373207
4.378687
6.702913
0.667627
6.732116
0.682967
3.163318
1.351436
8.101744
0.649687
6.781383
3.917296
1.539952
6.516706
1.285504
3.589216
2.233523
9.690960
0.130882
5.258300
4.566640
4.946593
3.336133
9.773656
2.983532
1.707707
5.605824
0.319647
0.666817
9.346225
5.967362
2.066067
5.742363
6.951136
3.471766
5.084082
4.705245
7.027549
7.866958
6.332658
9.264297
6.390901
7.801278
3.167047
5.562891
3.225696
7.194909
7.018865
5.124455
2.331163
3.814253
1.349698
8.889696
5.137550
2.143784
8.419830
7.297579
2.303231
5.439265
4.758557
7.627434
0.397616
0.044931
9.235797
1.545109
7.392459
0.527565
5.271000
0.246012
4.413609
9.049210
8.039661
1.697310
6.903848
1.272184
7.579132
1.998784
4.946552
6.384558
6.864619
1.352071
0.946282
5.260925
8.049540
0.342307
2.384228
4.715891
3.109657
6.423207
4.974803
4.844117
8.125751
0.235047
6.664403
4.496070
7.384386
2.415567
3.827607
0.295437
7.814841
0.973125
2.601373
8.725554
8.389254
9.182080
5.421693
8.465241
1.944276
2.233444
7.725705
8.121605
6.867412
4.469784
4.251144
1.028979
1.911603
8.919717
8.131747
6.512698
8.639195
0.471136
8.107101
8.284908
1.862018
2.710614
2.420345
8.408896
9.268042
7.036733
6.883065
8.846705
9.856540
7.124127
9.628686
9.086904
1.791873
5.603200
9.381954
0.618323
8.545392
8.711493
0.371578
3.423228
6.328835
4.121281
9.264132
6.846559
9.054152
2.261639
3.307085
6.573572
2.351266
7.536956
5.543044
9.278419
2.496750
4.322942
4.364066
0.991857
5.481359
9.873569
0.107175
5.543369
6.387070
8.356513
3.704757
8.787703
5.420985
5.167545
5.872929
8.105907
8.170409
8.624804
1.637805
5.488912
9.053543
6.550346
2.643784
1.730239
0.460839
7.770226
6.775258
4.003047
4.365520
2.391639
7.246721
2.850697
9.784360
1.948399
4.576986
8.053997
8.490294
9.452482
6.540268
8.852308
8.633568
4.005669
2.778676
0.473704
7.645996
2.254470
2.580180
7.220998
0.577466
2.988182
0.995793
9.328188
8.803683
5.815791
8.321914
1.509515
1.579080
7.099438
1.413985
9.861695
7.208895
0.625313
5.857598
8.980305
9.817631
5.947465
1.260221
4.789914
1.851824
8.252292
8.913606
3.068638
2.233132
1.516704
2.593620
5.397434
0.136238
6.284694
8.965340
3.848486
2.451527
3.023310
5.799387
3.605651
0.244231
8.691951
3.150983
8.400566
0.476542
9.690502
0.442147
8.387725
1.894580
2.186245
3.877961
1.088029
4.936043
7.760684
9.098117
7.773473
4.679995
0.164892
4.842406
8.559973
7.910178
2.712684
1.856600
3.294329
7.446469
2.445708
9.675740
4.957820
7.703914
9.848044
2.378044
4.387805
9.828821
5.678182
9.231047
1.807891
3.698464
1.501600
3.127992
5.098931
4.281271
9.824719
6.588490
8.421281
2.830659
4.579728
7.964896
2.043389
4.235874
9.911992
1.096791
8.580173
3.724325
0.234270
1.325411
8.570136
8.219893
9.534870
5.196576
4.675630
7.362902
4.834977
5.903969
0.102660
6.165216
3.654676
3.412236
7.586606
0.935638
6.782620
3.101140
9.498223
9.445998
8.528572
5.646915
0.709517
7.626787
1.833227
9.736112
5.624315
0.367960
6.573260
9.600148
4.542443
9.260165
2.195107
4.960797
2.477667
6.193557
5.025595
5.657790
8.646535
4.261935
1.115028
3.492043
2.103591
3.097007
4.084337
9.162605
0.020048
0.774252
4.056626
6.566246
0.660652
7.184773
0.665212
9.986735
5.945485
6.166936
4.457852
8.308370
2.058113
4.638202
3.988350
2.086210
9.282623
9.613981
1.188477
9.946976
0.501122
3.840017
2.281525
6.902171
6.079031
4.197980
0.307256
9.015432
0.802754
7.217461
7.385528
1.859413
7.032965
3.993981
3.184503
5.918694
6.387816
5.133859
6.948524
7.922609
9.155081
5.315042
3.946057
7.757039
9.736581
6.902197
6.994894
9.922746
1.054884
4.612191
6.269661
6.676251
0.647299
7.085698
6.886997
1.101916
6.789589
3.215457
5.151779
2.445686
3.954128
9.327409
2.162602
5.163089
0.197400
3.301541
4.045432
5.716106
7.508853
1.406088
8.320467
7.404897
2.395748
4.615527
9.973988
9.953188
7.753814
6.420461
1.584646
7.059695
9.392450
4.864406
5.190452
9.973924
0.935929
5.967824
9.183090
5.654572
9.456143
4.246714
0.618067
8.618547
1.170731
2.590971
6.114110
7.267753
0.175996
6.328953
9.275109
8.119669
9.069545
8.217630
2.250084
9.992766
9.423170
9.132430
3.705061
7.531725
2.841316
4.394258
6.299978
2.746667
9.575280
5.568682
4.059309
9.052902
9.727614
5.743281
8.865725
6.514886
4.782812
2.079682
6.549541
8.997819
6.890850
6.296990
2.134917
9.242668
1.248875
9.290771
5.208045
9.796319
0.555120
6.304993
6.655880
0.689449
5.118880
1.194292
1.962342
7.594958
4.539000
8.548021
3.311504
6.235228
1.782075
6.251001
6.293700
3.593098
2.671880
2.108040
0.471146
1.497502
0.729652
0.692577
2.630919
1.300497
8.461032
6.713777
5.962118
7.935028
5.571443
9.408457
3.298893
8.493454
7.666300
3.277573
2.341921
3.382041
9.696268
8.312031
5.651505
7.033530
8.255095
3.943654
9.155546
1.265892
2.735698
9.177008
8.038998
2.217412
3.496973
2.884841
9.973157
1.154671
5.391757
0.236923
1.104973
1.345912
6.728921
4.162465
3.105348
7.038164
7.090917
1.180592
9.368483
8.232163
7.022932
2.660671
3.871125
9.627383
4.637643
0.645368
1.970096
9.030156
5.336486
9.998967
3.162676
6.430150
6.075901
8.306378
6.223365
2.512624
9.457962
7.168799
7.505299
5.326137
1.915000
3.366407
3.614482
5.117846
7.435854
8.190351
9.787939
0.653172
3.876093
6.986271
3.777444
1.634320
8.763988
3.825604
8.087576
6.679286
3.078073
2.851743
2.495142
8.668434
4.458451
4.990685
8.963240
4.369663
2.002060
7.656971
0.763924
0.687738
1.063834
3.205447
6.304442
0.324632
2.346620
9.109467
4.227597
2.083306
6.309605
1.875014
2.190316
1.724203
8.040908
9.735755
4.813351
8.722650
6.993808
2.679249
6.644170
1.662243
2.132875
0.535894
7.572015
0.203623
4.544711
7.523891
3.279266
8.523009
6.799636
9.337660
4.525262
7.125320
0.748180
6.438101
8.629302
2.634165
1.141557
4.390617
1.192332
3.958317
8.216516
1.050879
2.137269
8.150094
2.315592
2.686835
5.394354
6.534734
5.456336
8.993745
3.525707
3.320880
3.843178
8.678794
4.161780
8.813034
7.739586
4.499830
0.192052
4.287564
3.537278
5.726165
3.723588
6.084503
0.093257
2.544730
5.366536
0.707586
8.851481
1.087173
3.453673
2.796988
6.807163
3.680553
1.624393
9.586082
6.932916
8.252790
8.713882
9.630238
6.981431
3.570540
0.247686
4.653133
4.816329
3.232966
0.446931
6.619769
2.854960
9.484209
2.597534
5.397591
7.834908
2.074785
4.279674
3.642634
5.091849
0.042277
0.678701
6.070601
7.262993
9.642626
4.358175
9.551397
7.687748
9.413271
8.466151
4.085139
7.834390
3.205024
1.547018
1.836220
0.966588
5.142461
5.816987
3.600925
8.657047
4.887442
3.762552
6.923507
6.458305
4.833962
1.964883
0.996512
6.648636
8.809234
3.313909
8.767387
2.570638
4.029060
9.489766
9.274569
0.242070
9.505277
7.386213
0.721178
6.238465
7.803259
8.678234
5.260759
8.932339
4.511096
7.486041
5.431822
3.216364
7.013053
4.681692
2.982421
5.727204
8.458136
7.916284
1.000119
9.746727
6.061776
6.032086
8.377483
9.399666
1.581878
9.365083
3.133473
2.222403
6.036646
7.994359
5.854428
2.719113
9.226504
5.830896
2.772739
3.331711
0.279192
8.267611
8.994235
0.640156
7.653988
5.179577
1.908078
9.919279
4.153129
3.005378
9.039900
1.828067
5.551851
1.597095
0.013362
5.126025
3.629859
3.831505
1.203482
8.314587
3.665890
5.746221
4.663868
1.632898
7.909804
3.004269
4.104652
0.082779
4.206486
4.702859
5.841569
2.307195
4.813020
8.750317
4.009431
6.551071
0.195516
4.887791
2.555065
6.552332
4.962173
1.027965
0.262143
2.052782
3.381840
3.590291
2.527455
7.465416
3.419491
2.329222
6.611685
4.181392
9.746939
5.508984
0.754584
6.907098
4.574443
6.674204
7.608040
8.458694
5.741354
0.797609
1.491688
2.841347
3.476847
2.947263
5.396725
8.418713
8.506308
4.836300
5.941768
2.784298
7.722416
0.544339
6.568374
5.759784
2.497947
4.321654
6.858208
3.964843
7.286205
5.465175
5.995674
3.074434
2.759403
7.375308
7.890808
5.162210
2.314846
9.975304
5.692473
0.636626
9.267958
5.368629
4.036112
5.185389
5.683289
1.159851
7.724517
0.177474
7.205864
9.091395
0.125772
1.494564
3.133058
6.312040
6.820934
4.066320
8.353047
7.780108
1.732300
6.867023
7.424044
4.982436
1.520913
2.030923
5.663586
2.523133
9.496788
1.323478
4.805468
2.511352
7.173331
8.934095
9.623983
2.514914
4.077300
4.894526
9.002033
5.734779
2.309974
0.452934
3.243895
0.639264
6.822109
6.671400
4.117184
8.782932
3.853624
6.164444
9.875916
0.941874
8.366444
7.921974
7.793058
3.899784
4.865086
9.959897
2.874839
5.780610
6.479800
6.692781
3.415273
8.113503
6.172348
6.753219
7.455172
2.719134
6.776542
7.250618
9.801421
4.526867
7.249552
5.887673
1.149971
0.677351
8.648985
0.743761
0.520969
2.727866
2.708001
5.266888
5.915957
7.467868
4.650783
4.644717
7.064698
5.829109
1.715727
4.936254
9.064038
3.512468
5.475874
6.852936
2.674022
3.281007
3.598029
7.895443
1.358732
3.233417
1.739555
7.518166
3.092961
7.080883
2.974486
0.213290
6.015400
6.980284
7.408991
0.391650
9.747983
6.740704
7.796107
8.629985
2.315706
1.170900
4.343410
3.988751
2.221349
4.036331
0.837635
8.439326
3.926526
4.575955
1.338343
1.012293
3.588112
0.211990
5.784656
4.677433
7.253900
2.509093
5.656411
3.368661
0.666838
1.814116
0.611810
2.231712
1.255009
4.235770
8.271751
0.865311
8.750531
7.506557
3.886207
7.533523
7.425705
4.431174
8.427576
1.431719
9.429540
9.634259
6.159730
9.852100
2.213801
9.160942
8.140372
9.333938
0.614428
5.747922
1.215269
7.396447
2.578609
5.283751
1.495021
6.535150
2.740418
4.554521
5.690894
7.427733
1.813098
4.284245
2.300892
1.076375
6.391634
7.875714
2.598977
3.707308
7.332889
1.559974
4.278593
3.994971
0.831864
7.311574
7.764049
2.626971
4.359210
0.258471
7.552770
5.157418
0.267648
8.923217
6.925956
0.778248
1.981660
2.619649
7.403320
5.261003
2.463108
1.622109
0.444469
7.183140
2.013084
0.516032
8.708556
5.362100
1.023891
2.889626
8.554761
2.653145
0.547452
5.310645
8.855313
7.411116
5.237390
4.411688
2.518458
4.246570
4.882641
3.188668
2.532213
8.094731
5.679023
7.656453
0.721636
8.247447
4.735724
7.359251
2.820219
1.619994
9.992924
4.248689
7.080626
9.106845
0.976664
7.100251
6.651618
5.073980
8.134238
0.482389
5.938847
7.144121
2.087044
5.249019
2.213163
5.934367
