3.491508
9.296850
6.044050
6.616909
1.463420
0.615460
8.764154
1.526665
7.890324
3.501428
9.269623
4.115485
2.545974
8.418085
2.734845
0.934691
2.784848
9.655115
7.746277
2.308192
4.767872
5.370178
1.954655
0.410351
2.356419
8.330333
6.159351
8.208403
3.853747
9.414354
1.349752
8.243549
5.712740
0.340296
7.236106
8.671332
9.474662
1.651967
0.576723
6.398835
6.701597
4.311340
9.007463
5.667358
2.797261
3.850107
6.159727
6.101814
2.883169
5.006982
7.678075
9.471317
1.632743
3.906831
5.784094
1.936648
3.951285
7.722474
1.455420
2.055155
0.676863
4.380898
2.103155
7.628750
2.081412
2.965063
1.633304
0.507682
2.752086
6.780668
5.207027
4.788952
3.321159
7.220928
1.236187
5.769385
5.363823
3.077334
6.419678
6.078738
5.495428
9.207728
8.686131
1.577242
4.970127
6.714942
1.889032
0.968149
9.305283
7.517223
2.840949
0.070900
8.326116
4.196272
9.748792
1.279266
2.823732
2.360543
3.349735
8.000729
4.800560
4.674312
6.552079
6.838883
1.290421
9.709071
3.847769
0.737760
0.792283
5.230128
1.525972
3.592928
6.803551
7.695683
6.504652
9.460014
1.864964
5.557095
4.363625
1.392336
8.580750
0.601676
1.143029
4.420959
2.626025
4.084776
6.914275
8.898202
7.932999
2.903942
3.602062
8.913795
0.301384
5.383554
0.590819
1.796894
7.840848
2.483722
0.656279
1.210189
8.665794
5.163753
1.215685
3.902785
4.135516
1.203847
1.701620
7.099553
9.386099
8.160404
9.913812
9.765711
5.644640
5.211275
8.342790
4.558149
6.997510
0.398014
1.897267
1.013840
2.187716
1.166719
1.241817
8.163559
8.912970
0.969663
8.120440
4.088696
0.463509
7.402842
8.005153
9.814939
7.395804
3.272629
6.072217
2.075825
3.254384
9.352712
0.315620
1.118559
2.999902
2.307613
3.163238
6.055518
8.441429
7.018299
6.347539
9.040917
0.556020
1.390167
6.044874
8.348380
8.776376
8.496845
3.880341
8.785491
2.830353
4.803367
9.590642
0.354721
2.602906
4.621101
8.051815
3.435884
9.445261
8.306962
1.381280
7.044915
4.487593
4.806010
2.773305
1.057569
2.324993
3.161127
5.708047
0.974783
0.049701
6.153751
1.119632
2.632070
1.999816
8.977066
3.049640
1.002240
6.750791
2.123198
2.517071
4.451066
7.482288
1.943789
3.342129
3.844642
1.263446
8.195361
4.432905
4.302080
1.895984
6.281945
9.438354
0.601733
6.188238
2.716997
7.291547
8.528177
9.802042
6.790124
8.519949
0.525393
3.553394
1.384027
6.573707
3.651731
8.956571
9.700965
0.806093
3.930406
7.866430
5.898531
6.129782
0.542800
8.818220
2.851694
6.079584
0.707087
4.147897
2.515175
6.410955
7.939850
9.510530
4.058930
8.065176
0.013018
5.240654
5.580729
5.385956
3.201825
5.578591
8.183301
6.459177
3.822914
4.364843
9.388733
1.740773
0.638871
0.532642
6.955215
9.975827
9.406110
5.303710
8.060113
3.130736
7.459799
5.566490
2.721635
9.326733
6.301455
6.696161
4.384296
3.302250
7.924351
8.675206
3.332914
8.759501
2.094350
2.796786
5.099061
7.350763
7.825974
7.346538
8.469198
1.487317
7.133926
6.848564
6.428144
2.580139
2.061927
3.226972
1.910074
4.558383
2.753033
6.559247
4.309526
7.735329
9.675055
3.585361
7.294616
4.097398
4.644505
3.886562
2.616978
8.019727
9.790706
6.769924
1.097783
7.973962
2.462568
1.192779
3.040915
1.062156
6.060186
7.321474
6.817382
3.641293
4.022742
2.702747
1.257583
3.017646
4.492490
2.533604
0.312709
6.671206
8.864771
6.341177
9.190684
2.992687
0.351235
0.961467
4.003959
5.662639
6.565152
1.172935
0.967899
4.189834
1.241408
5.146567
3.822182
2.886002
7.470606
7.334406
3.092442
3.844718
8.269858
3.788225
0.191172
0.511185
1.073613
0.305212
1.743884
1.738524
9.856145
6.855369
0.755677
5.611263
8.320332
5.692997
7.757062
9.633367
2.229743
2.607232
8.939529
0.804305
3.462883
7.082383
1.544460
9.510649
0.995958
5.408650
5.361191
8.858768
4.494233
1.535737
0.274194
6.273801
1.240958
2.104662
2.831115
7.117306
5.513234
4.831739
9.412140
2.185887
2.749514
3.008040
4.363824
3.717483
3.437563
0.600635
9.305996
9.538956
7.425402
8.305166
5.269470
2.989758
1.524400
8.534783
5.970785
6.002823
7.661693
9.172668
7.098601
4.449625
6.858335
3.096505
2.041090
4.071913
9.191708
0.684339
0.888384
8.352389
9.081491
8.534107
7.934707
9.530814
3.301639
8.758052
4.148620
2.169983
5.948626
1.343138
2.451017
6.654620
2.900086
2.206700
3.776577
3.381247
5.409697
0.647662
4.514180
7.907444
9.153383
1.111622
3.231274
0.209595
0.484619
2.221543
8.758366
1.809304
7.120971
4.724251
3.419765
6.384620
8.557772
1.817806
6.604327
7.287204
3.637908
7.770795
6.915930
1.011654
9.449030
3.975662
3.335338
1.781653
5.858355
0.880012
5.388029
9.648522
4.071957
5.881564
3.722172
1.789611
9.361968
6.128519
5.865209
6.642801
3.741606
3.125824
2.839818
5.958385
5.511549
2.138509
4.157709
1.503426
0.356842
1.134364
0.855287
0.118095
0.426062
1.492852
7.052402
9.364743
0.507323
6.871924
2.918560
6.871019
2.138656
5.609159
4.262421
6.898325
8.581160
3.002476
3.030977
6.833679
3.929360
4.753057
8.954113
1.523346
7.464876
2.153145
1.104942
8.405114
2.487760
2.255787
2.573878
9.671617
1.866913
0.580735
2.089442
7.793875
7.506881
2.559694
6.987332
1.829468
9.824775
0.729059
6.298950
9.813034
5.681689
3.602893
0.080500
5.199368
6.444586
9.701771
3.059337
9.970551
9.375283
6.267549
1.974532
0.929726
5.344367
2.418993
2.414160
6.956734
4.982705
2.043569
6.887014
5.374133
4.772357
1.005829
4.773292
2.937798
1.948774
2.146831
1.330648
4.625885
1.325875
7.343176
1.894174
2.280005
0.318515
2.947931
3.542309
6.145689
6.399368
1.370056
7.280814
2.322752
9.304346
6.966071
8.494192
0.050386
8.767512
7.946608
8.202819
9.686241
5.965417
1.132349
3.887269
1.988207
3.380820
9.740383
1.724648
8.031309
0.702674
0.058710
1.799130
2.447375
9.856212
3.880046
9.363573
7.357180
3.473787
1.677670
3.773068
7.102053
8.833840
4.339632
9.756869
3.867695
2.337978
8.810451
5.597423
7.109437
2.061147
7.437994
0.341019
6.817961
2.871005
8.164728
4.994683
3.573137
0.413595
3.500107
9.246579
6.484921
9.489670
2.039972
8.949142
3.544358
1.283466
3.077807
3.240097
0.373765
2.196492
7.780308
1.674800
7.027436
7.154872
5.205624
5.958862
2.841630
1.282668
6.967664
5.298256
8.154693
9.650115
8.242107
5.947513
6.509301
7.046313
0.896184
1.447612
6.844409
5.872640
9.541782
0.670365
9.089903
8.341684
9.586705
4.737245
9.720049
2.297210
5.007312
4.319069
8.399386
0.596491
0.808765
1.248540
4.441160
9.733265
6.175502
0.485612
9.519123
6.650664
9.658803
0.609251
8.534006
8.870186
6.621235
7.224611
3.004763
4.039664
5.031534
6.165684
2.649368
4.431060
4.258314
5.125426
8.755033
9.622361
4.279876
8.026387
6.670795
7.677203
3.913868
5.982827
9.116939
2.704108
7.813187
5.716395
4.732565
1.686168
8.071492
1.068454
3.349959
7.883262
1.781430
9.717554
2.646766
3.730782
5.997372
4.796046
0.581489
3.686642
7.098633
0.108112
7.713502
3.524183
7.399979
2.933571
3.012799
7.572453
4.901837
9.860068
4.569105
6.958164
0.546799
2.925574
9.918468
6.668332
8.922857
2.415901
0.438590
6.479838
5.666205
2.074864
4.140596
7.490139
7.714550
0.213182
9.576805
4.362151
2.418837
6.956903
1.322842
3.706250
5.366305
4.944047
1.251910
5.866588
1.517550
6.540886
0.493813
8.549058
8.711341
8.901481
4.244980
5.667227
1.209319
9.960951
1.339781
0.774430
3.606070
1.573907
4.993981
6.141341
5.283627
9.737704
3.434918
5.378257
0.812105
2.611443
7.469414
9.914643
4.149257
1.275839
1.850069
6.723278
6.287879
4.072853
2.243818
5.799926
1.420830
4.066996
0.923620
5.930997
9.049812
6.338224
5.677115
5.494483
8.892441
4.943954
1.128182
1.314177
6.611102
6.367826
7.414325
0.117721
6.421834
4.214670
7.091308
5.987673
3.554193
7.160109
9.386537
9.507735
8.174425
8.958027
6.174620
5.760588
9.207110
0.820798
3.566956
2.372357
1.292449
1.154856
8.395559
0.066819
3.133363
3.378075
6.924837
0.705790
6.044699
7.802425
8.301621
5.046269
3.409351
3.232524
8.938128
7.148979
0.676532
8.536948
6.959805
4.728940
8.069588
1.033872
3.670462
8.962978
0.255178
7.617195
3.467502
1.731599
6.582866
9.317757
6.025658
5.948527
7.826858
9.370657
7.324701
4.864676
6.990763
1.932025
4.690308
7.718319
2.350461
8.698549
8.497459
8.718868
5.438247
8.273565
6.775936
1.490631
7.324764
7.136536
5.434535
2.457209
9.857864
8.400598
9.920033
0.313291
6.791695
7.075589
5.820341
4.526875
7.148361
8.791015
2.779110
9.711254
2.453666
0.313351
6.563198
2.369535
4.107461
6.181517
3.200555
3.852696
6.932578
6.098145
3.425966
2.317846
6.948599
1.587201
3.124241
5.614355
4.132598
0.679795
1.760133
7.297853
9.039470
0.980733
1.004299
0.541472
3.238852
0.734619
6.280448
3.186411
8.681263
7.026877
5.417287
4.524570
5.353585
6.031596
4.921290
6.293503
5.253498
6.419219
4.123691
8.409220
3.793991
5.625017
3.461023
9.964960
1.379676
7.415060
5.389137
0.565087
9.478527
5.410603
1.234311
1.636486
2.227673
0.982421
4.538814
6.562084
0.865616
2.623638
6.024461
6.279204
8.006521
1.653051
0.885471
5.260537
8.913160
9.199708
2.316299
6.772741
8.007372
4.394213
0.609105
6.549590
5.677497
3.342497
1.721599
8.295241
1.242753
0.421851
5.116241
9.330201
0.038027
0.000688
6.408726
1.048579
9.273168
1.002020
0.843230
7.662727
8.616137
2.234887
9.336055
2.038963
7.962959
7.161622
0.841070
1.513568
0.580645
6.457698
4.758955
3.361835
7.597934
0.926312
9.972357
0.428084
6.325386
4.748807
5.165661
8.954453
3.589447
6.126915
6.778405
7.502176
8.573272
2.979850
4.136660
1.376030
1.931531
1.131125
1.606945
0.221644
4.112885
8.736283
3.668254
7.258769
5.459283
0.575044
8.838990
1.648029
5.114559
2.752781
4.981359
7.359263
3.461450
0.730810
7.820418
1.690674
9.619563
1.741452
0.144874
4.228580
6.097739
9.683062
4.387077
7.615664
0.533454
1.141583
4.354968
7.556066
6.727568
8.012640
9.055604
1.141782
9.379620
4.432983
3.183188
8.956766
0.775384
9.538047
3.971432
0.608655
7.973482
1.692524
7.346687
0.173269
0.056298
6.404973
3.786106
8.183054
9.826834
5.412592
2.865337
1.088534
0.696760
6.756483
2.940878
8.222990
8.020079
1.199886
9.050122
8.030494
3.535004
4.060973
8.692868
0.755832
0.528714
6.152679
4.603689
7.960026
8.507393
9.332340
7.158801
9.346287
1.909290
9.399301
6.126779
8.714195
5.116786
4.609283
9.761859
7.453907
7.865486
2.107188
3.169644
9.299805
7.596875
4.797953
0.626452
8.116158
7.359411
0.038324
5.560589
4.554450
4.040286
9.710157
2.333769
9.332740
8.708868
6.435383
3.812138
6.853455
9.221289
6.542588
0.387993
1.365018
2.144248
3.865585
9.021875
3.798891
0.906390
0.148031
9.863686
1.887723
3.999263
7.498238
6.387478
6.716677
5.063247
0.099619
4.306010
3.400039
3.153450
9.658635
6.059262
2.191165
9.224628
1.964662
7.129154
5.237827
2.182967
8.191764
1.773750
8.297624
5.774625
1.007246
1.467503
5.122155
5.166392
2.942358
0.075414
2.170220
2.658484
6.021548
7.597840
0.985261
8.373713
3.094977
0.703041
3.890913
4.484516
0.324634
6.347178
3.386421
2.795790
6.939432
2.028240
7.878594
0.976184
7.853838
4.793788
0.252720
5.190654
2.455628
9.893604
4.517913
1.804272
6.772395
4.522064
8.122168
1.757020
1.041647
9.543803
8.463974
7.382697
4.480634
9.416717
2.600742
4.690776
1.627030
6.037451
6.983867
1.654867
7.480041
1.018234
3.423877
5.737546
7.261600
0.189565
5.108533
6.259617
4.129334
7.796642
4.773879
4.319401
4.207296
6.576271
7.808537
7.464832
5.395711
7.081656
6.970590
7.830097
9.839132
2.987702
6.080645
9.141923
0.875708
7.809455
9.760123
6.803855
9.720831
3.970683
4.124108
7.970127
7.765627
8.515932
7.090196
3.083094
1.246832
8.445789
7.545042
0.490844
2.578705
9.697141
7.904020
8.550496
9.759519
6.251530
6.776500
6.838497
9.575602
1.719664
9.644351
3.029403
5.644412
0.198909
8.137896
8.521013
1.219602
4.571148
4.511569
4.607090
4.728281
2.441903
4.227932
8.197735
0.829181
5.134886
1.576710
2.731989
2.461714
5.332000
0.759205
7.197655
0.619312
4.006626
8.718398
2.207012
7.847740
4.708847
7.344758
9.567165
0.109157
9.687852
7.315108
5.162881
0.574574
4.898143
8.304224
1.974797
0.051098
2.193744
8.144382
4.481953
3.397408
0.733173
2.169767
3.464633
4.834321
4.591123
8.999933
5.965895
0.634863
5.626851
5.343918
9.327009
8.599722
7.166652
7.588399
8.912169
0.337671
2.171322
2.782731
2.611320
3.485428
0.889416
2.182427
5.013441
3.415781
5.664089
8.851193
3.178445
1.717814
9.912786
2.681165
2.421634
5.538730
4.371846
7.971767
4.431831
3.122706
2.010055
7.174300
9.793415
4.820820
6.135488
5.220273
9.172095
6.902167
5.058545
9.797347
8.302522
4.619096
2.871598
3.863816
2.680424
9.066203
9.819919
5.073350
8.962489
3.797136
0.765876
2.079991
4.974483
0.745977
6.669520
2.316676
6.877712
0.668564
8.328625
1.807821
1.538918
7.090973
7.720244
5.202155
1.610199
8.454671
8.400637
5.888935
8.657298
2.949717
0.290846
9.021060
3.981292
6.307473
5.143254
2.447311
4.231954
8.943112
1.967542
0.067477
3.039762
0.315518
5.681474
1.853306
0.112622
1.647009
3.454122
5.798968
1.184811
8.101942
6.174648
3.629987
4.520759
0.325936
4.564082
6.066751
2.109499
5.361614
2.800509
8.344712
3.313141
0.744665
0.462837
4.291968
5.244546
9.613180
0.023981
0.709095
9.283587
3.428151
0.493122
2.351233
0.387823
4.172565
8.289071
7.358345
9.986910
2.289057
5.505661
1.536973
0.788052
3.642564
4.163676
4.383533
6.958268
5.453002
7.061332
7.257239
1.946506
7.312119
7.928468
1.070299
9.939729
3.554871
6.925376
4.365128
8.561374
7.492439
5.981807
5.751065
9.597261
3.472175
5.495699
3.541969
5.635989
1.671492
8.052652
9.882233
3.713510
6.366531
3.423120
5.926545
4.743124
6.442666
1.319718
5.980153
3.685916
2.484643
8.560205
2.377454
4.280154
6.375137
9.149877
0.312635
1.282858
6.080661
4.880569
0.035001
9.556127
7.425975
2.224526
6.812628
5.269321
3.009150
3.706736
3.719764
5.088815
9.638770
9.731752
1.264285
7.723177
3.712116
4.926117
8.129054
4.794776
7.206649
2.135712
5.974884
8.051194
9.977626
4.226528
3.416297
9.163030
8.828761
9.234766
9.410228
3.055331
1.237792
3.750405
8.312858
7.125723
7.306635
2.018924
0.786988
9.795046
8.582723
3.413496
5.212781
0.361952
7.009727
2.333085
1.660729
7.366483
1.864294
8.459175
5.765060
0.938344
5.814342
0.815567
6.185883
5.388812
3.124918
1.076049
5.857919
7.326230
1.070799
9.937631
2.231500
1.476124
7.238792
2.071584
9.779231
4.676614
9.201585
8.758815
1.511331
2.622775
2.590900
8.358928
5.832440
3.165376
8.881818
9.998582
3.311148
7.547811
0.269618
6.999745
1.240926
2.731219
3.588812
1.117152
9.616567
9.310692
1.232374
7.315951
9.966593
1.662981
8.049690
1.758966
5.540852
2.736029
1.995379
2.279559
9.473598
3.009105
5.323583
7.519911
7.238088
8.085904
9.637972
8.218670
9.353538
7.819969
6.283966
5.444539
1.220206
3.973807
7.071409
3.480282
7.168286
0.406131
0.221831
4.070137
1.926738
3.794919
8.483486
5.454602
0.926167
5.233711
1.148188
3.168613
9.148588
7.496181
6.032765
4.248635
0.700914
7.822952
6.176568
7.616398
0.156509
8.697711
3.020824
4.833172
7.883832
9.858696
1.801213
5.047975
0.692995
6.150865
5.813333
4.212470
2.774655
4.963413
9.364303
0.148203
9.280316
4.954920
9.640535
2.524779
5.031893
2.064407
3.613275
4.927250
3.964870
3.162474
1.765866
4.205629
9.440038
1.848148
0.787751
9.431400
8.360906
1.222084
9.794576
9.710012
2.097226
1.423119
0.087012
9.666599
7.695671
6.848949
6.406915
2.341602
6.057498
4.334427
7.357278
8.685459
1.191352
7.574526
3.153163
6.195449
7.507187
5.299255
3.933213
1.570894
3.096646
7.292972
0.117726
7.740315
8.501622
2.070587
9.108998
1.546905
1.827420
1.921226
6.228998
1.098954
8.299272
4.666976
6.618156
8.594630
7.304761
4.336571
5.191946
1.451943
6.293485
7.070453
9.741155
0.924051
0.543157
9.408848
8.574221
2.210741
4.818269
6.429463
0.186921
5.045346
0.079932
9.768888
1.113350
4.078544
8.354786
1.923699
9.706554
7.642198
1.190854
0.415794
0.079189
2.152333
0.234405
6.139960
8.405478
5.176358
9.010893
2.319586
2.487222
9.869409
2.329310
1.962882
6.836780
5.052821
7.652076
4.248319
8.372580
9.976695
4.796380
7.545142
7.463391
1.502469
0.249136
5.622212
0.927935
1.217132
1.447509
4.405759
3.388729
2.528038
4.655481
7.131183
1.525318
3.185354
6.904739
6.039762
3.703731
0.035979
1.303827
5.797346
0.519813
3.829546
4.654897
5.277865
5.176281
0.142270
1.609289
8.451677
7.230099
7.848956
1.056413
7.822889
7.769910
7.589939
3.909877
3.023204
2.042282
0.078594
8.633758
4.366200
8.275688
1.862381
0.736465
0.470482
8.671758
8.510743
4.788722
5.331711
0.953915
2.890640
9.555563
5.575717
1.759474
5.183059
2.206136
7.239292
1.565017
0.937128
7.570047
3.819452
1.191654
2.556101
0.428464
0.415152
8.443499
0.065167
7.243771
2.568659
2.280963
3.179498
7.706051
0.067693
9.508430
4.662606
2.773861
8.212790
1.753878
2.983887
8.020075
6.156234
4.243654
6.901492
5.604180
0.213862
9.049824
6.269815
3.570353
7.262860
9.146717
9.370900
1.291292
4.977176
5.238237
5.691681
4.160402
1.826919
2.662575
9.462811
4.954574
0.536136
3.776821
5.811560
6.494888
1.401228
5.494789
8.141022
1.456495
8.483865
6.283307
9.648887
6.667249
9.210168
3.815711
1.825575
2.992631
5.647743
4.238333
1.711848
7.261879
4.616330
2.412158
7.397351
9.854850
4.690174
7.823354
8.757777
9.386468
9.751143
6.757744
2.718765
2.352632
2.793373
1.105481
6.061166
7.401164
1.749282
4.221663
8.880404
7.873794
9.430291
2.577126
6.710105
2.994010
3.036362
1.697684
5.189714
0.374521
9.341493
8.016715
0.074286
2.138764
5.346738
7.517861
5.736427
0.828811
7.267763
1.439113
1.888614
3.990647
0.819369
0.099666
7.874700
1.486753
9.303695
9.731592
3.582556
5.233827
5.692666
8.153034
9.700737
6.401796
1.549119
0.247877
4.285159
8.065776
1.124417
6.879016
0.072258
0.778290
4.991104
0.173315
2.068325
1.928908
9.385844
9.442398
0.749188
4.854775
0.211116
7.984077
3.351118
0.352512
7.217441
7.674102
9.192903
2.516557
4.764555
7.477662
9.080577
1.045252
0.417348
2.438741
7.837602
0.382195
9.971337
6.207982
4.341363
7.531831
1.062096
5.633006
6.581717
1.600951
7.387299
3.092714
0.463630
4.321181
8.367740
0.050340
4.392730
0.998056
7.607021
6.602753
2.989190
6.203556
7.902631
7.814144
4.885869
6.285256
3.032236
7.553883
0.670924
3.962034
2.514907
8.451368
0.685629
0.663697
6.008469
9.316248
2.393780
9.306863
5.582714
9.406516
6.988658
7.285873
9.055512
3.681474
8.285464
7.875021
3.278314
8.786201
2.133404
2.213771
7.611712
5.992926
1.431140
4.612414
3.808085
9.932127
2.318540
3.553016
6.160509
6.710238
5.335968
0.778606
0.821313
0.138905
6.891184
9.057873
4.115409
3.915714
6.367143
4.077071
8.045547
0.832657
9.080554
9.150041
4.191646
4.151246
4.719881
7.359764
5.979595
9.710126
2.059074
3.778037
1.650629
4.114159
1.393049
0.316533
7.897011
2.337261
2.251752
2.796316
9.189368
3.635973
4.897222
3.335968
1.898332
7.560242
6.925478
4.401380
4.212964
1.983649
0.495927
8.109355
7.393514
2.422668
6.465286
1.499456
8.876778
9.629753
9.584192
0.484873
9.563004
6.548093
1.479402
0.137287
1.748372
7.538992
6.178650
4.879880
4.349959
5.620803
5.187308
7.287948
5.159491
5.217377
8.752633
5.618680
2.774504
7.354267
0.627664
6.683476
4.461659
8.096684
8.870759
8.481284
0.075157
0.497449
7.214311
6.189549
4.719451
4.061167
3.817486
0.465402
5.418035
9.120819
7.858387
6.198549
7.353662
3.892980
9.855670
9.581518
7.971535
2.103101
3.082712
3.444336
5.504674
9.360754
6.865051
8.783214
5.910258
3.051091
2.667780
3.432130
3.196565
8.585793
3.536589
9.904331
2.289335
2.894519
8.482718
0.983367
9.183818
5.429315
1.009165
3.238498
5.194807
3.153292
0.066878
9.703249
0.203213
4.166574
2.315526
8.313350
9.013944
1.082382
5.839021
9.337237
7.410426
4.553981
9.128507
4.640705
1.829605
8.449046
0.276672
0.776065
1.605007
0.131291
8.103426
7.757276
6.707736
3.783886
1.321570
9.549641
5.567775
8.642171
5.646007
9.799733
6.508144
3.460033
5.744524
6.203493
0.683280
3.725514
5.691639
2.731597
1.575651
3.128608
9.616159
3.030395
0.598249
4.784302
6.348545
9.143864
3.329814
5.850720
9.107839
8.600816
9.073890
4.342246
5.741493
3.893411
3.590352
1.308876
0.830372
1.541234
0.246250
1.449069
4.215721
5.291598
4.674723
3.144265
5.276115
4.228983
4.197975
0.677369
0.411798
3.851135
8.749657
9.116210
4.844469
2.678808
7.438499
2.004729
7.028300
8.251219
1.964592
6.029588
9.908627
6.613005
1.122490
5.775342
4.095879
4.810800
2.302332
3.874029
9.667322
6.350937
7.546602
7.743733
3.724263
5.185160
2.609189
9.670574
1.252538
5.234882
3.891384
5.790390
5.250937
1.628114
8.654945
7.038485
8.078561
5.914061
5.695724
6.368515
2.548308
6.286161
4.593337
5.141160
3.702383
9.475974
8.878015
6.746904
1.083400
8.165650
8.032842
8.212445
6.730510
6.401314
6.807443
8.619252
9.831928
6.563859
3.028373
1.652833
5.533034
0.308435
8.036737
1.584732
9.850933
7.535060
6.528154
4.129179
1.293957
8.840915
8.144776
2.004042
6.207411
0.246584
9.235071
6.083151
1.660325
0.655251
8.328981
7.065974
9.280717
7.156585
0.256308
4.108087
2.451368
6.778609
2.846652
4.027869
5.544420
6.994027
2.643566
7.042672
0.596643
4.543637
4.152530
6.334559
7.262048
0.945258
8.997625
8.616735
2.005426
4.462414
6.234725
1.632135
1.828977
9.065779
8.365360
8.410962
5.889990
1.930144
1.636563
5.658990
2.707357
4.530287
1.707218
4.052861
3.848278
6.704703
9.739425
6.521732
8.681500
2.271244
0.747090
8.234422
8.989898
1.725865
7.091709
3.934990
8.708307
1.234860
9.980792
3.722126
9.351004
2.014894
8.281017
7.985986
2.042417
5.646860
3.089818
9.566569
1.376598
0.499331
8.389744
6.222744
0.182240
9.522426
7.800756
8.613294
8.290884
2.727392
2.450568
5.103776
3.633605
9.031233
1.851322
9.430908
3.159946
9.456687
3.731171
7.047969
7.673368
3.283803
3.396916
4.967034
4.556356
4.574711
8.676959
5.031174
3.450927
7.911314
0.041329
3.700734
5.856224
0.897281
8.987781
3.489400
0.928300
9.552326
5.335014
7.321382
5.130875
4.659585
1.296438
6.488050
7.095919
8.618013
2.932733
6.130495
7.910735
2.396641
0.431820
3.660436
3.118049
9.617732
9.614907
8.402109
0.139488
1.289977
1.759166
7.247602
8.220881
7.864693
5.550629
1.165650
8.017662
8.758586
3.162377
1.468001
7.016223
4.228721
5.557634
8.681821
2.428355
1.306771
6.413985
3.858220
6.439209
2.713977
4.948615
2.219654
2.496777
1.107908
3.638040
9.388408
5.487270
7.362411
1.847996
7.048525
3.145257
2.656329
0.911937
8.367795
7.844923
9.596467
3.140089
7.075583
7.509638
1.094158
5.413965
3.236336
6.128356
4.706302
3.746180
6.575191
1.037741
8.873842
5.372399
5.431759
4.264848
8.579539
2.588677
1.085584
3.285478
0.999337
8.916436
1.322616
9.716644
7.812185
2.046897
0.140399
7.068342
7.598872
2.964890
4.739713
8.868653
1.366827
4.387237
0.171707
8.309253
3.771010
0.075972
4.825035
4.348748
3.023323
1.024686
3.042750
5.981771
0.887345
1.658572
8.536283
6.762010
6.839725
9.820338
2.775704
7.860479
6.049944
6.293026
2.667286
9.116241
5.247497
6.129447
2.395437
1.849260
9.481679
3.977606
3.979067
8.588641
7.374912
9.365773
8.044839
2.895278
4.482480
3.912189
8.256852
4.718492
5.512658
9.563705
2.235270
7.789447
0.383968
6.636143
2.186628
9.551334
1.396040
9.391958
5.623055
6.761841
9.844665
1.815818
2.924415
0.238585
1.508231
1.749403
7.654692
7.775833
0.000745
1.873980
3.406056
5.560475
8.626312
9.136152
4.979248
3.799590
3.788417
1.306023
5.437011
4.661392
6.622488
4.909546
5.264423
2.381597
7.330014
4.268514
3.088641
8.225965
5.432169
5.734887
0.657855
9.425863
4.564360
9.128692
7.795512
3.285655
3.151809
3.902515
0.937925
9.941194
7.893708
6.070602
1.858787
2.907998
2.434551
1.385722
6.470709
5.639497
0.134011
8.935963
4.185963
6.337140
7.655264
9.987505
2.157765
3.423461
3.291448
9.768631
6.191133
3.811371
1.919724
9.185596
2.892494
9.084267
0.226955
7.488640
2.626822
5.081323
5.499917
5.346378
1.179540
6.692914
1.235089
7.472852
7.143618
9.988281
5.416400
2.919589
3.711462
4.084368
2.668399
6.163055
9.714421
1.448022
5.047830
6.928856
8.807961
2.060417
6.446659
8.884527
6.583911
3.654014
9.477176
6.568408
6.969460
1.891181
4.411184
4.317294
0.303201
7.610461
7.543629
6.923084
6.893448
7.938749
1.552655
4.651237
9.152585
6.654383
8.120617
7.178449
6.737690
5.595869
1.164925
1.228898
2.154065
7.168954
5.097912
5.796444
2.760327
4.598061
5.808164
8.985893
7.050650
2.654444
7.217950
6.072170
6.459974
4.265349
6.254952
7.006191
3.945323
0.682645
4.093220
7.058444
7.582610
6.370769
6.964912
8.055044
2.074514
7.766119
2.616863
4.464509
2.895900
1.118604
1.259086
8.589358
7.346945
2.193551
3.665501
0.325451
6.628461
3.237430
1.077259
2.067547
9.248506
6.747838
3.844498
3.259713
4.998729
3.460441
2.693849
2.651547
0.858037
4.992945
1.232283
1.964673
6.641150
6.156860
6.902675
6.868095
6.185603
6.848380
8.159616
1.705606
0.223918
5.072280
9.690145
1.408296
9.893881
5.189811
8.104362
4.175533
5.398902
6.549955
3.282046
8.793066
9.794067
8.726813
1.299582
6.042908
8.228545
0.967302
8.030582
0.734266
7.311249
2.422930
8.081674
9.541836
3.756137
3.531031
0.540891
9.057316
6.946373
6.081118
4.951221
3.597179
1.214501
5.766574
6.247633
6.022664
6.030438
8.305180
9.765061
6.434820
2.518414
9.616649
6.932714
5.993014
0.907423
7.935416
0.072690
1.385824
7.288434
2.437699
7.268741
3.247491
6.047466
3.413660
1.960902
9.852513
2.900397
8.721125
0.309289
6.365162
6.596382
2.367495
4.842172
2.232195
5.641473
3.881236
9.990543
1.841871
2.886465
8.222036
3.900837
8.774103
6.602172
1.750775
1.132091
1.767730
0.561596
1.678518
2.265061
9.715562
5.203276
9.468472
1.876481
2.645931
4.095575
7.394611
2.222421
7.755507
9.585186
2.486653
0.629911
1.744098
1.757255
4.681962
4.700636
4.998225
9.207566
8.445729
4.927184
2.859490
7.237125
0.360510
1.186985
9.272544
2.939170
2.533396
0.707977
1.547925
5.296777
3.998420
8.413144
7.578908
8.302163
6.978796
5.128421
7.067136
6.977217
9.288109
6.979973
2.681904
4.623400
5.418306
2.150733
5.378109
5.676756
5.536032
4.325628
7.036231
9.538055
2.661224
2.993730
3.642613
5.446756
8.957718
3.909368
8.111437
0.511693
8.969242
6.202516
9.542521
3.248334
1.616133
1.391945
4.986803
3.306715
9.575870
7.876240
9.076210
3.417918
9.388015
7.643374
1.232054
0.181221
8.103214
6.803106
1.187529
1.009604
9.567963
0.771236
4.354610
3.715999
3.453628
8.753778
5.805887
7.766908
1.218137
5.222060
8.634495
6.549340
4.526635
5.502679
7.383021
0.277924
7.914059
1.454338
5.799628
3.527757
9.673653
0.307316
1.065334
9.939974
0.065281
6.307538
9.950484
1.770801
9.770096
5.456761
5.538322
0.030013
4.352253
8.879279
3.647052
1.236678
5.573559
9.119186
0.080523
3.611712
2.562550
3.209647
1.408877
1.672845
2.019745
1.713574
5.296513
2.730964
7.721344
7.719519
7.536870
0.263609
9.684355
0.528254
3.894363
1.527450
1.136623
6.137616
9.163542
6.445119
3.606404
4.296741
9.499387
0.836810
7.130014
5.589712
7.067918
7.119229
0.873373
0.766963
1.181588
0.624920
8.088627
3.511247
2.843720
5.928348
4.475842
8.386499
7.011558
2.781778
2.324479
0.542431
1.977699
2.021300
6.561666
7.193494
0.073409
3.149014
7.833750
3.580669
8.297134
4.353813
9.299872
9.051770
3.585941
6.225672
7.172709
3.420941
2.131478
6.935225
4.265731
5.213820
1.931231
0.145725
5.792087
3.523149
5.388160
3.723269
3.288844
5.014637
0.562479
1.015870
8.708292
4.646106
6.000065
1.279718
1.753831
1.592060
3.365803
6.143396
2.571083
5.698356
1.137599
8.714705
3.599121
8.315276
8.318776
3.988562
1.187084
1.935418
5.033079
5.045159
5.581985
1.878299
7.427958
4.554531
9.057272
5.912914
7.148536
6.885087
9.629519
9.662390
6.197876
6.023695
0.574899
9.328604
6.832484
5.309749
4.954852
4.870345
4.652608
9.255780
9.452864
0.450057
9.908772
8.722333
2.022062
8.982160
9.676621
1.476053
1.392972
2.896792
5.684902
7.973976
6.258564
8.957026
2.115953
6.721527
3.765130
0.548471
8.993716
9.852258
3.719851
9.243042
6.926446
8.027602
2.664148
0.341003
3.426718
3.628339
0.537729
4.354270
5.066395
5.740329
0.464856
9.419596
9.016972
8.119026
2.296756
3.881331
6.703537
6.724154
7.550261
4.483193
1.137348
3.692384
1.722948
2.052593
5.377266
8.494328
8.549732
3.508939
2.592809
7.575861
8.860953
0.348693
6.830407
2.108792
1.567136
6.087412
8.673173
8.558291
8.398514
1.813221
5.831404
0.417852
4.400867
7.917931
2.671414
6.187425
5.809467
3.774083
3.485228
9.579233
3.473479
9.996587
7.182678
1.671580
9.776349
5.977680
8.760412
3.322357
0.373056
0.939860
8.732283
2.303045
5.753505
6.808077
0.139220
2.723451
9.495081
3.755908
4.482184
5.388856
1.023989
1.059595
6.456789
0.247823
6.164484
9.147068
3.433954
9.668798
3.217222
2.723638
8.979939
4.042359
0.997219
8.262725
4.724330
9.031639
9.941081
1.792062
8.963557
6.992947
4.410900
7.750801
6.641455
3.739612
6.351171
7.431472
6.675581
8.707359
2.680594
3.184796
2.780198
8.447080
4.700823
6.988577
3.900723
3.178455
6.158510
7.140810
2.489751
8.405596
2.190784
3.120267
4.847157
7.833769
5.213809
3.072222
0.797404
9.816133
2.743142
0.975827
3.960334
5.601571
6.420424
8.840749
4.823508
4.499429
3.023559
1.858254
3.027281
1.551769
3.333685
3.384766
6.524722
9.982945
5.791336
7.310329
3.581187
4.257094
1.510603
4.539922
1.579566
3.385571
5.236707
2.871651
3.606924
9.439484
3.566223
0.471094
2.733601
2.140680
6.057281
3.690146
1.600111
4.788295
1.143244
7.235698
6.135146
5.106530
7.111084
3.164007
2.369300
8.505907
8.239163
9.345505
1.299910
8.476583
2.068894
9.868225
4.216162
4.606238
9.456578
1.758510
8.776223
8.516546
3.896559
3.550129
8.543386
5.433135
4.710012
0.624410
8.447539
2.530954
5.403446
2.101491
9.610771
1.424465
5.790134
7.324455
0.410780
6.125725
3.066692
5.232947
9.651694
3.763116
7.563257
8.979243
3.704393
9.442386
5.014077
4.432635
8.439777
2.266989
5.953056
4.532197
3.120483
4.650556
5.307942
8.337073
4.030239
4.282187
3.312365
9.320375
2.063671
8.482524
2.725440
7.650980
6.527736
0.765552
3.218692
6.627915
9.341632
7.603088
9.695519
1.210609
9.450953
6.419579
4.782873
3.980240
3.980111
5.634263
2.559869
9.810879
7.864405
3.154875
3.292050
4.864419
6.616717
3.684432
9.842503
3.558424
7.536712
6.007991
1.896071
6.469946
5.031314
9.613134
9.451130
1.748100
6.117441
7.835925
3.102923
3.263246
7.755432
6.798402
3.894988
2.785505
9.024407
9.069049
4.642376
6.506979
9.631944
8.233627
4.728994
5.600945
1.226671
4.741836
3.116600
3.370541
4.524561
9.725394
1.775093
4.879503
7.899577
2.686216
5.516606
1.742198
8.960321
5.075788
1.769190
2.377338
0.286798
7.849334
5.683440
7.246528
3.807551
7.334909
0.083039
2.648313
9.763330
7.562943
8.866440
7.095030
8.633771
9.215600
7.625929
0.889998
8.787852
4.338748
8.120635
7.437139
3.472441
8.346519
6.031755
8.677592
4.951706
7.150956
5.225477
1.509238
8.792324
9.545802
8.232816
4.565635
8.361006
9.589232
6.592993
2.119674
3.168353
5.098495
0.766890
4.726115
2.044492
2.180466
8.822246
9.519324
9.402355
7.132732
6.595088
1.299561
6.052591
1.111282
0.378101
6.959669
6.070761
5.269207
0.854290
4.905415
2.952101
0.225740
9.206394
2.418766
0.264139
5.748372
9.187226
6.039026
6.069561
7.939780
5.828460
2.492026
2.247582
3.153713
2.492400
7.186254
2.960160
0.979539
5.936296
0.500480
4.597679
5.063668
3.962577
4.971566
4.866173
0.734301
3.814116
5.151923
3.473724
5.771282
4.398121
5.609247
8.774989
4.331167
2.347594
1.923633
4.159986
8.075116
4.474445
3.987840
3.407228
2.872213
9.074553
4.419818
1.861891
2.663382
7.993094
9.124416
4.654860
5.027852
2.076475
5.108009
5.370888
7.072344
3.430581
1.174917
5.234672
6.498097
2.222176
7.701120
4.124013
9.787348
7.433642
3.058392
8.106454
6.977234
6.899034
9.684354
7.331633
0.876695
2.453728
9.310155
3.459128
4.809815
2.694586
1.078953
2.249671
5.400578
1.152103
0.348240
5.684831
5.057399
5.215222
8.684525
2.235153
8.265610
1.438725
6.874118
8.964454
0.346595
2.937340
1.469505
8.879642
3.834523
3.839231
5.330158
6.539551
4.210134
0.892742
8.051879
7.651480
4.436481
9.773894
7.219579
2.251787
6.066134
4.676118
3.735354
0.760944
1.728296
0.074305
2.281389
3.268145
0.057191
6.067003
8.414848
5.774004
6.170351
8.178439
8.695393
9.355761
4.265758
1.551397
7.980982
7.291469
2.929722
1.216869
1.849622
2.299707
8.995003
6.365450
5.948651
8.884712
9.907644
4.024166
4.270660
8.839734
0.159554
7.195268
8.091971
5.067760
0.825396
5.909649
5.344674
0.209820
9.334661
7.610621
9.649939
7.107866
9.687325
3.854331
8.687759
7.293753
1.573799
5.415908
7.173029
3.690728
1.909534
5.793508
7.507682
6.973672
2.775665
2.882869
8.608142
4.664464
4.515461
9.208144
4.888567
6.421010
2.296853
5.909915
0.414899
9.737183
2.792838
9.071663
9.721457
2.223890
1.937670
1.984105
6.425694
4.586082
2.867755
0.326656
5.581735
8.566525
2.456866
9.847506
2.021274
7.448973
7.671411
5.007929
9.406384
9.483109
8.567485
9.899035
5.354301
9.059668
3.634681
8.358167
8.933196
6.157693
8.151599
9.600850
2.702191
8.125135
6.103233
0.849201
0.183595
9.000586
5.547161
4.237418
1.362745
6.921261
4.305673
6.468552
0.713976
0.483879
8.666461
8.913300
7.933907
3.534513
6.526636
0.605264
7.955935
5.807913
3.628433
2.161994
2.080593
7.905869
2.460840
7.092212
2.444744
5.840622
0.283301
8.765555
1.765068
5.891807
7.402450
0.587246
5.051360
3.785426
6.787437
4.690447
4.204223
0.016890
4.914468
1.035128
1.973446
9.346869
0.226452
9.982816
5.770668
1.657611
2.389247
9.292207
8.876573
2.241461
8.406230
0.547640
4.465546
1.792845
9.408546
3.981433
8.181806
7.906906
1.826515
0.596794
1.441883
8.315392
6.270580
8.200997
0.197090
4.613910
9.361067
4.245827
7.856179
7.104465
0.339351
1.507538
7.590521
6.611417
3.602561
6.461237
7.690182
3.234050
8.427076
0.085860
7.566989
1.394672
0.227398
8.925581
1.753085
9.865646
7.302034
1.212171
1.014847
3.905213
1.850365
5.415391
6.984632
8.319439
9.963619
6.061569
9.215022
8.704978
2.914070
2.420679
6.135552
7.256117
4.790332
0.498267
8.770928
4.186230
2.778311
5.112709
4.942329
7.332474
9.327106
5.003699
5.884739
1.832194
0.823151
6.382395
0.269633
0.473821
1.893405
2.598445
1.848355
4.985715
8.712366
3.650842
3.152365
3.933799
8.436950
6.610610
4.501917
3.333029
4.406592
1.260674
2.365112
0.699493
1.592945
9.969224
0.535841
1.033356
4.545623
5.206438
5.524562
3.885808
3.687817
0.323429
6.700753
2.602263
3.961919
5.222279
2.055452
3.380509
0.273379
7.630283
7.579015
1.782431
0.016584
9.160849
6.604614
2.109934
6.353415
2.920882
5.758928
4.613429
1.069045
9.508307
3.755760
4.733577
6.737229
5.233701
4.464687
2.580238
2.571214
4.254856
7.378212
6.186571
1.524676
9.904561
2.393891
4.920752
0.935222
3.201639
7.815953
2.829886
1.804270
8.411942
3.619717
8.391938
1.696865
3.761365
7.823651
7.217101
4.346191
9.705821
8.791360
6.386644
1.668341
6.687320
1.847651
1.634280
5.961719
5.188778
9.068931
7.645175
5.656947
8.200240
1.481468
6.451070
6.205529
3.563741
9.306241
7.461880
0.863364
9.576483
9.568142
8.969325
6.487926
9.218985
4.482754
4.222181
6.829070
9.232292
8.203802
3.981411
6.310719
9.634222
1.004715
4.539140
6.512431
5.204558
1.659431
9.434512
4.691803
2.623601
2.929766
1.779068
8.207340
5.957116
7.030458
8.520245
0.683104
1.614138
3.974052
8.952713
5.821513
9.450034
9.337151
1.928118
1.244419
8.682569
9.975529
6.690923
8.448137
0.338621
8.197924
8.361792
9.298158
0.237203
8.115834
2.236578
5.079428
6.346552
8.602633
2.253067
7.216520
0.550439
0.632348
4.748874
9.025405
9.589453
2.153286
9.720058
6.857723
4.712127
5.811713
7.313561
5.992785
4.329714
2.087537
3.519490
3.786865
7.130685
3.122516
0.684133
2.441186
1.703055
7.577546
6.049489
1.025846
7.405931
5.229562
9.433132
7.451730
5.518696
2.997079
3.541528
0.192597
1.058501
0.776540
6.108757
0.707476
4.066950
6.860168
3.312429
5.582994
7.379653
6.691114
6.140730
9.621473
4.164318
1.093039
6.216562
3.691449
9.439974
0.967308
8.526107
5.332461
7.507610
8.055662
8.331362
9.189296
6.978779
4.835070
0.264022
4.086560
2.673148
7.545914
1.588058
4.189993
5.921422
9.082548
8.111254
8.663177
3.709541
5.790157
8.355158
9.142224
1.366901
7.737355
7.580441
3.242548
3.172651
3.608137
0.371386
3.467895
2.555637
4.855800
1.523667
1.239366
8.345966
7.899064
4.907186
4.694245
7.494503
1.755100
4.676177
8.848941
7.714849
1.136364
9.585423
2.015051
3.272602
9.173841
5.908041
7.179855
0.140885
8.482064
4.764621
9.498551
6.561718
3.529314
9.042577
8.616938
3.193751
4.554083
7.838502
5.366694
3.746018
7.951261
4.508228
7.787595
5.198183
4.957525
9.187490
0.962801
3.247310
9.131199
1.154652
0.592213
8.929560
1.559155
0.110872
4.649117
7.927087
2.084861
2.228982
7.711214
6.296803
1.013617
5.494149
1.852566
8.171083
8.292722
2.306550
2.336563
0.468211
6.415537
1.043555
3.222730
6.163449
2.927726
4.059680
1.631983
6.102517
8.615483
8.175733
9.715557
8.577396
0.721090
5.784852
3.091036
9.167280
6.526531
7.053066
1.951847
5.004406
1.800713
5.860353
4.152811
0.649778
3.124232
1.907948
0.657074
5.385995
4.440143
1.204538
3.529329
8.795794
0.200930
7.728238
7.763164
7.101092
6.703906
4.962652
8.567353
7.057749
4.847403
5.811052
4.631843
7.899755
9.393088
3.832049
2.180658
5.368083
0.326246
5.271013
8.433061
6.870723
0.636832
7.515183
1.237333
9.572682
6.112773
7.665938
2.807137
3.389905
8.232348
8.275691
4.388694
1.695439
2.817945
8.342791
1.823881
4.927661
1.385138
0.317668
3.897538
1.740736
6.121702
3.218316
5.649955
3.687827
0.049431
1.147086
8.099765
7.114967
7.250206
4.086084
9.536883
4.367540
9.097578
3.768152
2.587898
2.398449
2.886389
3.093608
5.838613
3.973636
1.889912
9.758267
1.957011
3.538921
0.800265
6.118748
7.543175
7.033633
7.267371
4.810417
5.951115
2.357997
2.757296
3.498329
5.962631
6.444593
1.676090
5.264391
5.147879
8.578892
6.115051
7.027558
9.626251
2.562822
3.974839
7.484938
8.604823
3.078942
0.549068
3.277314
1.746485
7.781264
4.168824
3.153182
8.531096
0.144942
6.771596
9.464228
1.654780
5.651000
6.392045
0.070018
6.047340
4.627005
3.424455
9.903684
0.562677
8.634448
3.934255
8.580455
7.447946
1.352430
0.319547
9.707297
1.061294
4.377800
6.925234
8.747408
3.032136
2.504492
8.363942
0.401523
7.879967
9.613297
3.641498
4.091331
5.740751
5.640144
5.872594
5.667815
4.759623
3.189590
2.100737
5.265064
1.106627
8.414278
0.320912
4.413918
6.977860
2.178228
5.198311
3.899363
0.501252
8.551304
5.705137
4.688674
2.282515
9.888513
5.242187
