5.504444
4.908786
7.427605
0.709218
2.315859
2.748565
9.328146
3.287432
6.161246
3.904473
2.390405
6.709414
6.884661
8.321978
7.347957
9.418748
1.377905
4.151453
6.294086
5.685365
9.113258
6.366526
5.344306
5.263064
6.753191
7.526319
0.066360
4.723528
2.576265
9.500963
6.719781
6.312948
1.275852
1.623975
9.127342
0.268510
1.129143
8.599175
1.584543
3.598204
2.672718
7.036202
4.470926
1.499812
6.279878
3.194623
7.340557
4.727712
0.423265
6.907760
5.048845
4.154736
4.252098
0.510151
9.229321
4.478149
0.622605
1.449932
0.225310
5.093607
1.463276
4.813057
5.360862
7.023050
6.551933
5.317791
9.073434
7.897413
7.174186
2.222818
3.740345
6.847991
6.633960
7.239365
7.506091
1.966039
1.539948
7.680150
3.894004
4.102216
4.890353
0.990788
0.863405
3.294093
4.779085
3.293909
9.148571
3.314687
3.453356
6.922849
0.655698
2.863435
8.565703
0.602707
9.678157
3.657797
5.203169
7.923845
3.481018
8.087949
6.214063
4.847559
7.900323
7.019921
2.505303
4.007780
1.813849
4.429561
8.437613
7.074321
6.998946
1.837880
9.706458
4.844650
1.406363
3.401882
9.395654
1.976412
9.582620
9.673686
8.854831
4.818302
4.151318
2.502703
0.415252
1.358330
0.530658
9.801610
6.132509
2.803183
9.240755
4.393095
5.357387
7.549669
1.512898
3.245118
3.335014
8.043713
6.496756
2.362087
9.252301
2.353200
1.866640
4.821780
3.869186
9.973549
8.772671
2.251779
2.609045
3.357917
2.936789
1.289172
5.076942
6.497585
8.196347
7.053789
1.811178
4.331237
2.791101
8.331038
3.299922
4.496867
2.433809
2.371579
5.707419
4.023256
0.256345
9.863576
0.173556
5.735915
8.860605
1.733440
9.966355
0.612120
7.836524
8.286877
6.389947
4.183303
1.575788
7.324979
4.205723
5.077241
3.248372
9.009900
5.830912
3.729379
7.182662
8.960057
2.327392
4.259265
9.838881
2.960841
5.049692
5.231459
8.349497
4.937849
9.707693
8.210434
3.309117
5.226548
8.785161
2.759124
1.124093
6.190490
2.958866
5.635297
8.176251
3.405870
1.191473
5.113986
7.138687
2.117776
9.429785
6.881452
2.814802
7.979329
2.004343
0.581273
9.135876
9.325706
3.909003
0.855139
6.998973
5.272167
0.286254
6.244064
3.140118
9.981380
9.256582
6.257041
7.594940
5.622060
5.629364
6.769864
6.407626
2.748093
8.364935
1.612126
8.215295
2.903989
5.639097
3.252392
4.822951
3.235150
4.404172
0.671614
4.319390
7.815340
6.920841
3.117013
7.160812
5.904162
2.000472
5.018707
4.943673
7.837788
1.537403
3.644264
4.867033
6.551920
2.260911
4.781911
7.787209
3.288552
2.639016
8.074629
3.931509
1.393503
6.580886
1.862486
1.647603
5.845238
8.888176
3.235566
5.339627
4.743251
7.726017
6.629981
6.957882
6.337972
4.322693
8.222450
9.585264
5.717479
9.599259
6.284253
7.250193
6.021641
0.763579
9.500896
5.138986
6.395067
0.314667
1.579958
0.147503
2.719449
7.487185
1.629642
1.711622
8.640627
9.338245
4.129817
0.193080
6.328953
0.719606
7.007568
1.396185
9.286633
7.617382
6.506329
6.024369
4.852044
7.998840
2.993389
9.317100
0.850503
9.285160
8.286327
8.940644
7.047174
8.336844
8.929981
3.824073
9.795668
8.996828
0.374115
0.560240
8.745519
4.585572
0.723424
4.682645
1.615069
6.311418
8.496383
6.325718
3.276245
9.541313
7.431909
5.035519
1.085954
0.736179
2.138972
5.580396
2.074454
1.343092
2.847111
7.500612
3.224768
5.123263
2.278807
9.938328
1.254824
6.180851
9.202112
5.276442
0.645564
6.074580
4.460284
8.068273
8.012853
2.830919
6.653221
9.924024
8.687906
0.910065
1.694293
5.498075
5.854227
4.435100
8.363693
0.850970
8.330917
8.919466
8.121531
6.032443
7.311580
1.117118
1.778154
9.615059
5.816711
5.319328
7.317857
5.488587
3.234639
8.928501
7.592604
6.215215
1.911218
2.595136
7.605414
6.818333
3.535450
1.028125
8.540334
0.747074
8.891051
2.611611
4.411068
5.777678
6.524103
0.763645
0.537837
2.084691
2.979999
8.445075
8.024352
3.337281
8.937210
1.464706
4.766892
9.171498
3.667438
5.835162
5.611940
9.873333
9.099011
5.425514
9.020151
0.276708
4.571651
9.890698
0.339496
5.010672
7.352155
1.806901
7.868861
2.283530
1.682046
5.249282
6.976775
9.193914
3.563164
5.188917
2.093199
6.544006
3.532410
7.253940
0.312907
9.979748
3.719428
4.085632
3.624279
7.260695
9.471058
6.985983
0.156822
3.987299
6.790217
9.888201
2.649878
4.515204
4.288134
0.437878
8.075410
2.083180
8.651187
2.803090
9.118952
4.583408
5.262524
0.796595
0.553194
0.665569
2.936365
4.933447
9.156119
2.738497
1.954322
7.086397
2.967085
3.873164
8.595554
6.907466
3.705028
4.197514
8.202141
4.259418
6.077275
1.850572
7.467991
1.315261
1.356122
2.330691
5.013247
0.137934
4.516484
2.658995
6.122695
9.857786
8.134167
6.053083
1.563851
1.702903
2.905801
6.946868
5.485574
1.800981
5.634030
0.670870
4.194686
2.672526
0.400483
1.632241
2.691616
6.379071
1.866647
8.726432
1.644269
3.386528
1.963065
5.653835
2.058525
9.884419
3.061501
8.203282
0.193074
6.049406
9.745056
5.190244
9.965291
2.150775
5.237149
3.717205
1.692347
9.455970
9.257480
3.560330
5.336816
3.668780
6.542384
9.036959
9.323195
7.136615
0.446722
7.824597
6.121392
3.449759
9.789863
7.640265
9.356000
1.241234
9.009037
8.615233
0.168096
4.874170
5.560163
1.857706
4.500834
5.981372
8.217056
8.777569
4.905117
4.575666
8.330399
5.075950
1.221338
2.477625
0.926463
0.596824
3.057764
9.250548
4.462024
2.541614
3.788216
5.510015
2.860925
4.326447
2.562876
5.673033
4.026319
5.199817
2.065283
8.420698
2.409536
2.905003
7.466090
9.662195
0.484481
1.663451
6.728891
4.267573
0.897118
9.390141
7.596856
1.238887
1.003193
1.335491
4.725207
7.768821
6.455615
1.358145
1.692136
0.781168
6.972557
0.632277
2.197602
9.613161
8.533097
6.684081
5.310760
0.834753
1.313410
8.634211
6.415343
4.919660
2.312174
0.760098
6.437617
3.143348
9.985261
0.212932
6.302375
6.249611
7.433362
7.502290
6.243388
3.289969
2.695069
8.281883
9.225990
8.996825
6.188718
6.597242
6.479220
8.627994
1.887788
5.408282
1.532587
2.137976
1.520240
1.041340
0.727923
4.385688
4.826028
9.608275
2.845433
0.863934
3.384681
5.752126
3.492421
0.985440
0.434016
0.848129
8.108219
0.494374
2.446361
6.529957
2.374256
9.740161
7.322252
0.765913
4.708228
7.365223
5.668302
7.401448
4.234775
3.276939
0.071710
4.575756
7.664250
4.103590
9.819949
5.352697
0.660233
4.271415
1.409244
9.060403
4.947724
2.620018
8.614110
9.720632
4.525508
2.683146
2.634959
9.378292
2.061291
8.043790
4.841707
7.028377
9.953730
3.044044
2.152808
0.641493
7.300269
0.576310
2.188253
9.655136
7.137875
3.889751
8.290600
8.038816
0.614313
4.005888
2.690152
0.096659
7.492428
5.891238
6.819828
0.210700
5.903640
5.807615
6.772556
8.484353
6.635729
4.453415
9.867877
0.662808
9.318698
9.011839
6.049735
3.919398
4.444783
3.135890
1.124134
8.490045
2.448967
3.207217
3.033126
4.548865
3.389530
6.733547
0.938510
7.600755
9.085198
8.272258
8.814782
9.826752
4.640406
0.762571
5.603092
6.133848
0.743558
0.535934
3.071130
8.473918
0.467552
0.571596
1.088674
9.287774
9.911886
3.929356
9.682412
3.301556
3.716396
7.768170
9.740006
5.886110
0.598456
8.592342
8.614812
9.971955
6.231226
1.052630
9.034928
2.817819
9.850513
1.125221
6.895514
2.694300
0.300824
7.586213
7.613872
8.944381
3.696958
6.512715
7.985907
9.043221
6.618908
7.762955
8.356736
2.630193
2.800932
0.363916
0.873427
3.705566
2.490150
2.854998
0.711285
4.765938
8.757787
2.355789
3.547118
4.732190
4.545649
5.001889
0.481009
9.396740
0.670332
3.317516
7.000345
8.887161
9.033115
2.575110
2.421858
4.182479
4.000985
0.881775
7.522549
5.037548
4.270103
1.068085
9.077888
9.207864
4.764548
0.554102
2.535431
3.296559
4.760702
9.050493
1.953060
1.596152
8.604529
2.539463
7.341903
0.622681
2.254213
4.109309
9.570397
4.628622
5.113491
7.737412
3.640787
0.393003
8.273062
1.963493
6.762528
8.152913
4.559734
5.489954
2.654103
7.532530
8.874338
9.768397
3.626353
1.778549
3.479221
1.439379
3.954189
0.839313
4.830228
5.204436
4.223983
0.319357
7.719808
6.054965
4.343006
3.885948
4.142348
0.663962
8.348567
2.119435
2.367690
1.239405
4.624868
6.188424
6.797283
2.566261
8.065221
9.626249
0.884102
3.209812
3.411152
2.229984
5.814105
5.631195
0.872337
6.463032
0.227686
4.090057
4.517808
3.505786
7.366688
0.756357
5.892057
9.879331
6.851479
5.870203
9.183486
0.790426
7.179695
8.111778
7.732587
6.242905
8.276304
8.370049
4.438591
6.473292
2.590452
3.696862
3.863126
1.927249
9.938905
8.484774
0.520524
7.752282
3.853785
0.033598
3.867976
4.670336
0.301683
9.624713
2.067709
0.657791
0.117213
3.078954
1.835958
8.208247
5.732993
4.625012
2.882942
8.820814
3.251639
1.179536
3.341941
1.978086
6.538075
6.013879
9.519120
8.582727
8.962827
2.612493
4.484541
5.358259
4.223288
9.584638
7.755469
1.887838
3.823271
8.084665
8.329049
1.479415
3.440053
6.888687
3.746505
4.493324
3.507740
6.150480
6.290357
7.905021
7.814505
7.960490
4.171250
5.302414
3.468684
0.345587
2.855706
7.718531
9.936504
8.081106
9.708664
6.844814
6.350256
1.939693
8.447882
1.127993
9.653292
0.704755
3.655692
1.465935
5.893446
0.838791
2.542944
2.441120
4.840731
7.117190
8.230321
4.017942
9.653436
5.953917
5.922986
9.379475
5.363480
2.940365
2.487785
1.123115
0.980036
2.343534
7.611701
5.378012
9.930330
5.661756
8.919638
0.819041
7.817937
6.345868
4.731340
0.591541
4.529796
4.573789
6.359966
0.110760
0.429073
0.733644
1.781764
2.583166
6.530104
8.955180
7.766849
5.166475
0.030160
9.183648
9.082895
1.296226
2.239219
2.671490
7.496816
2.330134
5.216484
0.616848
8.711789
9.212781
8.466558
1.885027
9.205516
0.124387
4.434398
8.726357
4.856009
8.123115
8.775789
9.791654
7.569405
8.964641
6.440166
4.638368
9.783722
3.553002
6.062780
6.691493
0.398613
8.618956
0.380516
4.938379
6.847255
0.093248
6.012499
8.633183
4.666403
0.960660
5.278426
7.675498
8.844753
2.906462
5.849474
7.520864
8.338003
7.936403
2.153849
9.537001
3.355790
8.590893
6.174658
2.650214
4.705165
3.447346
5.727220
7.448803
8.090610
6.387828
9.520261
4.444598
5.187046
1.873901
8.966496
3.852413
7.870032
6.052916
0.113096
8.477026
1.839893
6.316422
3.350483
9.737761
7.992049
6.766592
6.713912
1.765024
0.766067
4.164990
7.555308
9.243670
4.970195
1.281907
5.504408
9.523007
3.026366
7.274479
8.619476
4.885815
8.380483
4.939048
9.902507
6.030584
1.663452
1.226700
1.236685
3.342007
4.737228
8.950232
9.507077
0.785643
8.146520
2.361013
3.782454
5.144224
2.013384
7.918041
4.491168
5.914232
2.032972
1.158575
6.808719
7.854012
8.388458
4.075421
7.268092
7.284218
2.263194
5.561872
8.260039
2.077040
8.115652
8.241557
8.768942
9.715034
5.968000
4.312122
5.357246
0.382180
6.563137
2.897811
1.905078
8.189316
0.526631
5.376636
0.498283
8.638484
9.486663
0.366431
8.381248
6.662421
4.105321
1.469796
8.918513
5.701004
4.828604
8.524813
5.072512
3.876079
2.340077
3.650735
2.927016
1.927658
6.093252
1.706079
6.636278
3.788539
4.402500
8.898905
2.994579
1.175829
5.399781
8.918223
1.165393
7.436838
3.055468
1.754709
0.589286
8.378532
8.828522
7.809422
5.229954
0.783382
2.314178
7.457314
6.136865
9.150726
7.870953
7.582564
2.492664
4.166916
1.172827
5.915650
2.185393
1.860908
0.885736
0.512346
1.084721
9.981084
4.097631
9.088603
0.311269
6.825303
5.779861
4.294150
5.163905
6.957044
3.527244
7.661270
7.460301
7.728130
8.596443
2.458231
8.561676
0.257756
5.515456
3.045599
6.569656
3.353538
8.257872
2.234576
6.095650
9.166725
7.250241
2.245026
0.754827
3.171247
0.717402
5.697415
3.579444
8.974785
9.476398
1.141426
5.123840
5.486067
3.986282
7.698015
2.102401
2.444434
8.847861
6.503633
2.912813
3.359578
6.060926
6.478142
5.188742
9.285408
3.005573
2.673099
7.429696
6.035548
0.147043
7.587354
9.925252
0.644734
8.120275
6.372041
7.945063
7.316580
2.872961
8.034815
3.640335
2.737951
5.654583
2.116409
2.555341
9.986893
1.362795
4.450445
2.646376
0.198692
2.807860
3.732231
9.035948
8.654035
6.605938
3.222704
4.781253
4.736748
5.802469
8.505703
5.042897
2.234935
6.054705
7.776134
6.718763
5.941218
0.005745
4.235499
5.072975
4.779683
2.226439
2.757422
2.659732
1.283064
8.684616
8.890476
9.031178
2.359328
5.891214
4.136045
5.449714
4.130284
9.215567
0.907854
7.606546
3.544731
6.185446
5.576853
2.571332
9.844974
1.671814
0.900817
7.092773
1.820845
7.254382
8.087418
6.084547
6.582791
2.919003
4.243162
1.532198
8.830294
6.407244
1.201632
7.316233
0.641771
9.029845
0.380317
5.407066
8.860394
0.164481
2.571588
1.328664
6.496160
0.846648
1.507847
9.474656
1.574661
1.093651
4.694933
8.715190
0.908821
7.497092
4.226963
1.401465
7.501328
9.259096
3.480315
5.269616
0.169799
5.101364
2.120818
6.892999
1.422423
9.951611
6.767049
2.825663
1.284941
1.048907
5.162951
7.095722
9.572894
5.449888
9.520579
1.903036
1.985342
6.330806
4.940042
2.706553
8.079111
6.875049
9.547631
4.071778
7.677419
9.633638
6.959413
8.178446
3.068804
0.651015
9.510205
3.928582
9.493145
4.894159
3.332592
4.777790
9.643594
3.151747
1.349821
0.150148
5.710934
6.641856
0.969223
8.115950
6.186569
0.667623
4.559876
9.128103
9.852106
1.851521
6.286817
8.662311
4.139513
9.432299
3.330984
0.781000
9.910866
2.734544
5.849322
5.630553
3.215214
1.382893
2.684093
4.968639
8.283557
3.113764
4.512135
6.512060
4.746359
5.365190
4.341032
0.282989
7.813145
9.612071
7.287961
0.141136
8.021197
3.035425
1.205689
3.301141
5.745824
1.852145
0.394055
7.290539
0.462130
9.751295
8.959650
1.527695
9.774081
0.474253
4.724633
2.840375
7.403746
5.343733
7.363935
5.400535
0.139397
8.355040
8.843493
5.525157
0.528254
6.533038
6.222009
0.463055
4.370577
5.721997
0.193138
5.052491
8.306991
4.178430
8.310390
8.272748
0.724383
7.597113
9.950075
6.147760
7.265504
5.684968
1.125941
9.214541
1.150335
8.659487
9.059361
4.963420
4.083748
3.552562
3.224458
3.561522
5.633778
0.675424
2.863389
8.171230
7.172641
3.947148
2.927475
3.000447
9.984891
4.748575
4.264668
9.428451
7.710370
3.496245
7.730379
2.640245
1.342950
7.443821
5.038604
1.211778
3.537899
3.390656
6.115523
4.650852
8.576128
0.718406
6.519981
8.181696
1.107388
6.105000
9.429292
5.408409
8.557546
7.399020
9.630958
2.210295
9.871451
0.833770
5.337960
5.496099
7.108723
6.810910
3.013946
2.141688
7.974982
2.065994
9.300250
1.856535
5.947980
5.607036
7.260467
6.554086
2.308061
0.178186
2.611834
9.023002
9.245417
7.083437
6.443721
3.168677
3.747938
6.804279
6.976564
3.436208
3.513460
7.046965
9.572843
7.193748
2.992838
0.790217
0.932733
1.649007
4.447831
3.918828
5.471422
2.550958
4.337599
3.311288
9.305432
6.310925
1.843136
2.455659
3.717241
9.469007
1.388552
5.535033
5.349447
9.463040
9.979580
0.910817
9.221497
4.691452
9.856512
1.544088
3.813963
3.611218
0.010447
9.049270
8.849327
2.975490
5.794307
0.994446
4.353556
1.886056
4.469649
4.558128
8.212275
7.309905
9.711143
3.578113
2.597124
6.792802
0.927414
4.787709
3.584020
5.849349
3.408048
4.467019
5.002789
6.227840
8.066229
1.037232
1.483747
5.889603
0.292258
1.942757
8.363351
6.879189
6.448728
6.877518
8.343739
9.858997
1.337528
1.715185
9.606034
7.475576
7.074870
7.377762
3.720969
8.873900
1.895785
2.956051
2.996953
8.534145
7.530680
7.689745
5.745562
5.719579
9.240857
9.069345
0.945453
0.553477
0.848511
9.483697
2.373304
7.873153
7.285393
0.254222
5.882010
3.956836
8.128173
6.228676
2.352807
6.826171
2.809544
5.542067
3.767756
9.188764
3.314582
9.297606
1.118092
9.117113
9.066497
6.595391
9.973198
8.722192
2.697309
0.149945
0.258226
0.698767
8.509198
6.334868
7.350975
1.133960
5.922479
8.348228
4.335940
2.644427
4.299900
0.103005
8.069496
3.081706
6.372960
6.017302
8.969131
4.815612
1.617241
1.271430
7.278017
8.317929
9.001788
0.891985
7.959953
0.378942
7.606930
1.579078
1.773753
9.538378
4.064937
4.661473
6.471050
8.791760
5.028780
1.479365
4.043715
2.335716
0.827068
4.520426
2.998002
0.702413
2.704811
9.430950
2.987264
7.592032
5.687227
4.810307
2.379978
4.630919
8.941218
4.570617
0.681361
6.271101
5.515362
4.501401
0.692847
8.778024
8.032647
4.741056
6.517812
6.911660
0.338642
3.837111
2.890926
8.512606
5.716416
3.232938
8.931154
4.435727
8.667575
2.073801
5.132650
9.111833
6.516325
6.671997
6.639731
1.504001
7.266990
5.649317
4.533748
5.830224
1.264900
0.138421
8.037316
4.493536
3.085308
8.033282
9.258515
2.782177
6.625872
9.251203
9.826691
4.463429
3.107056
3.996034
9.422947
1.068805
0.310147
3.065671
4.657858
3.444347
5.167789
4.034468
4.676786
1.245549
7.420781
1.569785
0.378795
4.172902
7.046218
4.012871
6.133310
0.875591
2.232621
3.659047
4.849030
4.975770
2.729934
8.305546
9.023067
2.300802
2.889951
7.061508
4.188496
8.001675
0.139607
3.708874
6.008967
2.007695
3.471420
8.883182
5.621676
3.310009
1.990585
8.037839
9.116049
7.598548
6.366924
7.491765
9.070455
3.817979
1.859797
0.730761
8.084291
6.925007
7.587190
4.921146
6.463627
0.706711
2.253335
6.114932
2.292568
2.189157
9.948007
0.170446
8.224682
2.814488
1.658304
1.801828
1.176174
7.464132
2.099731
0.996939
8.116182
5.846306
4.994478
3.371220
6.962772
1.227667
7.678698
7.613114
5.908291
9.182182
8.487467
3.905272
7.754025
8.779019
5.198809
7.880611
3.407995
1.415984
0.786046
4.695786
9.653260
7.514098
1.397386
5.778531
2.573395
7.508056
1.673373
4.631927
8.089413
1.648808
8.447602
0.223931
4.911957
0.847335
2.134950
1.945391
2.732386
9.180634
9.205111
5.775373
3.646067
2.323611
9.388792
9.814242
4.846653
7.796676
6.571198
6.903408
4.203868
7.877724
4.011590
9.377592
5.262510
9.037238
9.942855
9.128455
6.010080
9.988092
2.526464
5.987088
3.959243
9.904535
9.519662
8.551337
2.731157
7.749897
4.144008
5.167819
2.753021
4.817683
2.022214
2.667201
5.062481
4.174397
8.432633
0.832128
2.184963
8.123178
6.904947
6.724563
1.004656
7.392429
8.109716
4.936212
8.071313
0.428587
1.031332
2.542310
4.166903
6.651970
7.015212
2.313618
3.892067
9.275258
0.280097
1.726114
8.856129
9.421105
7.946770
2.001163
2.754661
6.903633
5.962420
5.730206
3.861670
0.192335
4.748438
3.573555
4.785668
5.411141
2.267718
0.373112
4.631065
5.696514
3.555441
6.346169
9.863485
6.365224
8.926252
5.926132
2.546521
0.359813
7.952213
1.528889
7.225541
5.308898
2.415130
8.138446
9.871759
8.872056
7.241387
8.345756
5.495822
4.562109
0.247681
3.921492
1.019749
2.658391
8.000022
1.545818
4.167002
6.299478
9.303437
0.583519
2.598182
2.861174
5.582418
0.293434
6.469349
6.155698
4.620024
0.290578
0.022993
5.908498
7.531157
4.293097
7.708974
3.442007
6.911950
3.124228
1.761714
5.739065
1.829592
4.302798
0.307798
3.571032
4.764346
5.403162
5.894025
0.621444
0.255510
3.797023
2.549700
1.403344
3.602026
5.068439
9.072535
8.029122
3.785817
0.866405
2.161936
3.109443
8.328132
1.830544
7.952986
0.779544
9.677170
7.231149
5.824732
2.574299
6.255955
8.972444
3.908227
9.314152
5.361766
9.722754
2.402545
2.748724
5.159317
2.675204
1.148152
5.551095
7.066894
2.290238
1.001521
4.587505
4.512809
9.532902
4.812739
1.251892
2.520746
1.492028
5.077816
4.298995
4.754383
5.516647
8.646490
5.043120
8.003833
5.170278
0.885979
6.316001
8.923612
5.700841
3.883280
3.341791
3.388695
7.676416
0.783583
0.026280
9.086514
2.428016
5.224586
1.572966
5.101399
8.370949
9.108011
2.336005
5.904453
1.099144
3.145785
1.131149
0.515540
3.645729
5.455933
8.981859
2.405199
0.212134
7.311681
0.172439
1.296067
5.730324
0.750089
2.445557
7.343332
5.752939
5.006059
1.279771
2.615889
2.560015
4.088303
4.217713
5.862633
3.881202
4.074035
3.421630
2.607122
7.766926
6.406260
4.556430
2.498740
7.361074
4.600593
3.475349
4.018310
6.128513
0.221488
7.976402
0.504510
3.696921
2.694238
8.279614
0.211349
5.724270
4.964369
8.222106
6.875866
6.803296
7.999911
6.199783
3.843224
8.520915
8.823155
8.804624
2.031605
4.667778
0.467754
2.518965
3.128191
8.453377
8.379792
3.849883
1.634902
1.154869
4.648067
0.002379
5.681842
1.409010
5.749472
0.375850
2.327203
1.286119
4.744635
3.890620
1.615576
1.150266
5.148517
2.062338
4.664359
6.570756
2.096962
9.520366
4.268493
7.503094
9.277628
0.553240
6.205491
2.915151
3.070868
1.531734
3.260478
5.540755
3.216249
7.149109
2.382088
7.433067
5.651125
4.793405
9.208003
1.046503
2.678278
7.108346
5.007050
5.984147
3.576191
1.000343
5.630779
3.361672
0.827930
7.525805
4.615986
7.952074
5.493780
0.358485
0.680388
9.916593
1.089168
1.103209
2.052717
5.518632
3.153752
9.802907
8.337796
7.231098
7.123481
0.143293
4.393484
2.767953
7.867957
2.626982
3.745030
5.981997
6.212675
2.579979
1.774234
6.034401
3.582782
3.070222
3.844233
7.382576
9.148509
8.799568
5.247348
6.340298
4.514627
3.699091
3.643322
2.656620
5.902458
2.034002
2.717696
2.101026
0.915261
2.819899
7.344224
0.476719
9.287154
9.306157
1.499326
4.314575
2.062731
8.247212
4.925273
2.826061
3.241088
5.656398
6.550318
5.312895
5.592789
8.336737
7.636143
9.197595
3.403570
9.720907
4.407616
7.120382
9.432895
8.870651
0.216297
9.396623
6.542475
6.193926
8.371686
3.682626
0.745175
1.705462
1.316428
9.182122
6.485080
5.002919
7.096875
8.212306
5.297600
9.566988
4.962081
3.120989
4.460279
3.483785
8.167056
7.791551
2.785426
3.523125
1.265379
9.407485
8.674688
1.308325
0.656973
5.988567
9.960229
0.638043
0.123374
8.709889
1.095116
8.206881
4.060287
8.847157
3.440861
2.531171
7.580757
0.218275
6.021187
3.347407
3.895445
6.096472
7.709346
0.708033
8.773056
3.256708
5.403380
9.569001
6.265643
3.886205
8.078859
3.083359
9.513806
6.669552
0.066786
9.810354
7.643138
2.726526
8.050015
3.048613
2.284645
0.335351
5.010939
8.147873
8.654109
6.543072
6.802464
2.047849
6.576419
8.389373
6.320442
1.104113
7.820604
6.010800
4.534777
8.341677
4.355619
6.535436
2.253505
1.405059
6.455304
8.920958
7.696833
9.667895
4.096239
6.638337
2.531535
9.703748
2.040069
7.647214
8.434028
3.645149
7.183917
5.087288
1.405469
1.393635
4.851336
0.944828
1.788792
2.056243
2.013242
0.559814
5.957743
9.917718
1.253957
2.944856
5.746203
4.930922
6.546796
4.267978
7.253253
2.225862
2.293280
6.119072
0.558984
4.544135
6.548777
4.457532
5.779344
1.622542
3.573978
8.292469
6.075313
5.747915
2.987802
4.855696
7.207215
6.679516
6.122469
6.437011
4.891664
5.646254
4.448989
8.531883
9.347542
3.444042
7.690984
5.326633
5.321098
1.195708
4.270090
3.571039
8.583225
7.329746
3.761935
9.137640
4.384817
1.105440
5.302392
1.753950
5.700408
7.912048
6.486549
6.461444
3.764176
5.703971
5.097719
2.328085
7.057628
4.159974
6.347295
6.281229
0.137493
5.568883
8.654696
8.363841
5.276548
0.141546
9.573221
8.938708
3.913012
6.471769
1.777407
7.841225
2.149283
7.685328
2.484307
5.404646
7.186229
1.529126
0.398886
7.027420
1.372070
4.409921
4.042831
7.810272
3.524792
4.368052
8.151320
8.596313
9.609160
2.981328
5.908944
5.822874
9.975875
7.454174
5.779025
3.882339
5.489040
9.808835
8.940685
5.577170
4.128555
6.879804
8.578514
7.348820
7.681442
7.095969
1.141257
5.887076
6.821942
2.936448
8.583562
2.187688
8.245912
2.768425
3.785737
6.575575
0.478884
1.457560
3.687905
9.601181
2.075130
3.230232
5.427611
4.583892
3.419229
5.989428
9.363475
9.411927
0.880096
5.809625
8.386472
8.032365
8.619294
3.566454
5.575206
2.059717
7.232772
3.548099
9.331951
3.744126
3.375680
0.020629
5.942118
7.185464
6.490941
5.935116
1.505438
0.247958
0.977925
9.643650
1.185718
7.095771
6.076672
4.288346
6.981412
6.264633
1.408480
2.193050
4.612197
0.648660
8.019165
3.878143
3.773344
1.167699
9.598770
4.449952
4.963893
5.937462
4.588156
6.470028
4.534913
4.024107
2.957193
6.795246
7.035576
8.633279
5.343387
6.912223
1.912864
1.390832
7.759842
2.836765
6.656496
6.796614
2.867030
4.145487
0.825442
5.287725
7.270147
0.928427
3.300040
2.512099
3.715990
3.810293
2.581208
8.290331
0.457495
6.456562
7.597672
8.605583
3.850912
1.337774
8.098522
6.588788
1.182730
8.403081
4.739334
0.342348
9.082997
0.126030
4.729756
5.085579
3.904379
6.518222
4.230153
0.165982
2.029077
3.430775
8.112505
2.295354
8.538005
1.215594
5.266229
8.970631
1.604174
1.312843
7.890465
9.537026
4.043548
0.927984
7.867644
2.863042
8.880575
5.813573
7.292901
0.056155
0.241155
9.300188
4.645497
5.791829
9.857298
5.622269
0.712229
8.447780
2.944724
4.119429
2.740396
8.781629
3.593569
9.795430
5.691635
8.077356
5.595382
2.337848
1.016185
9.028556
6.824946
0.883697
6.957085
3.587129
2.670296
0.451298
6.908639
0.046220
7.637990
0.019195
9.986040
1.987406
0.539152
0.289537
9.668447
6.854456
3.804192
7.675256
2.330677
7.519048
7.518617
8.493381
5.449099
0.802535
1.891354
7.863803
2.010459
4.503532
7.191861
4.577261
4.638573
9.241146
6.284273
2.488644
4.892209
6.441234
1.701801
9.849569
0.011635
6.478408
7.426373
3.309169
0.874479
3.227842
2.552382
0.426564
9.112960
4.908140
4.007329
2.567206
5.297710
2.357536
5.091124
4.392192
8.345747
4.304235
1.316467
4.069177
6.285386
9.873695
3.941387
3.384981
5.987543
7.016522
6.222054
5.768891
9.355192
8.165807
4.295645
3.376047
8.802378
9.158249
6.758944
9.371183
6.135699
1.294911
4.514801
1.229348
4.500856
5.299228
8.010656
8.244005
3.417163
5.422055
4.704128
1.460507
0.928330
1.626280
7.942200
0.078154
9.188468
5.559516
8.920822
9.160785
6.797339
8.258290
0.018043
2.935268
0.498147
4.162702
1.839033
0.343395
3.579794
3.515173
5.618130
7.520278
7.419744
9.449133
2.052905
9.787374
9.487786
3.452354
4.456900
4.501386
9.211820
3.387592
8.669377
4.489949
1.438936
5.111160
5.345791
3.272162
8.429879
2.938814
4.387563
3.604671
5.508134
3.511317
4.185545
7.642546
6.087896
9.042577
9.664576
2.041213
6.507289
0.713305
1.119730
5.203701
1.243132
8.245589
7.489573
8.614135
8.175012
2.489187
6.227671
4.066569
4.716967
8.514333
3.477664
0.936527
3.991121
6.880307
6.198910
8.466022
4.976787
2.056022
3.304205
2.945314
5.534086
1.775979
6.104896
3.064460
8.663251
5.089011
8.896331
1.844956
9.001476
3.565030
7.259983
5.235912
2.823996
5.596260
2.391619
6.072547
4.204295
3.430921
1.875196
8.890615
2.785309
9.317134
7.894520
4.913576
6.137782
3.406361
1.711844
8.397577
1.797172
4.864954
6.007521
5.620872
0.596088
5.398948
9.483066
6.199086
3.415101
5.031462
1.933040
3.917905
5.145381
6.260190
1.042637
5.485881
3.580792
8.545286
2.904848
7.007622
9.335683
8.860792
9.600408
6.714376
8.844045
1.079047
4.717789
8.625080
3.502164
8.054112
4.940463
6.415049
6.934792
6.476578
9.843959
2.966716
1.999271
8.442742
3.206091
8.148582
9.958103
9.477490
8.162999
9.127711
0.472809
3.343126
3.743266
8.919239
1.109923
9.754374
5.168871
7.588437
8.272480
3.154471
0.759987
3.246644
5.277508
5.474478
6.796946
3.065582
9.362585
1.577226
4.243617
3.329827
6.585037
4.192135
0.334962
6.542181
3.491840
3.632585
4.083518
7.303015
3.226394
1.508592
5.558027
0.536225
7.365070
6.681313
3.033166
1.310026
2.964900
2.391151
7.139887
7.074509
3.367554
4.861059
0.039041
4.415056
2.040329
9.116827
0.986085
7.997666
0.191522
5.073792
3.163261
2.072286
4.460188
1.171986
5.076822
7.176608
1.972806
0.414165
7.959932
7.861341
5.794722
5.211990
5.604299
0.433718
2.360960
2.730876
5.573775
8.156015
5.583222
6.563487
4.854904
8.007156
0.283870
1.642442
0.831913
9.561443
2.351152
5.879865
3.941155
3.739157
0.936678
3.206868
3.372591
7.690348
7.923117
3.632485
9.890911
4.327782
5.426130
4.933331
1.466928
3.925322
8.464421
7.634418
9.361597
6.879914
8.039852
4.814373
5.273313
4.840430
0.888509
5.615435
5.839592
6.943183
8.990467
6.125166
9.475326
1.135865
9.117920
0.762964
3.156823
6.627450
6.485620
4.940182
2.972425
8.480396
7.322464
1.386855
9.693978
4.647443
8.870878
5.301672
2.214750
2.275090
6.207963
9.766315
5.865297
6.733485
1.827011
9.951928
3.871578
6.305549
8.527911
6.000545
0.934713
1.821870
0.072672
5.321164
1.281632
4.692653
5.919077
4.811746
0.353950
4.744281
6.472950
3.208393
5.913199
2.414433
6.445497
9.330779
5.591719
8.007150
3.576264
7.732499
8.970189
4.763039
1.328649
4.244977
3.090219
4.040972
3.303487
4.557476
0.227375
7.291962
8.264013
4.647901
1.780809
7.008530
9.675424
8.624925
4.896139
7.486472
0.522927
4.828421
6.027262
3.816691
8.101400
0.934105
5.899794
3.174502
3.297713
8.105631
6.561992
9.268453
0.681085
6.138759
0.023808
1.091439
8.436110
1.650529
3.995171
9.774140
3.890768
6.838849
2.053811
2.924157
9.041363
0.384799
3.320725
1.177119
7.187788
7.076013
4.586143
9.841203
1.294955
5.204760
1.955296
0.543779
3.936872
5.021435
6.246407
1.604925
5.959133
0.586110
0.703202
7.672470
8.029418
3.700649
4.689727
8.964236
6.164329
6.685079
5.531315
5.101315
3.172519
2.150421
6.957056
9.465230
9.378284
7.072836
4.465111
8.973141
3.928482
4.302097
1.735343
4.486476
9.729834
4.349560
6.269740
9.022171
4.503389
2.161638
7.258136
4.529354
3.101761
0.369373
3.056803
6.335434
2.800384
4.591703
4.371513
3.869523
4.932476
1.563946
6.812330
3.934092
9.265683
6.276267
2.412086
2.133183
9.876034
6.976790
2.095907
6.989505
6.327020
5.995653
6.055296
0.732301
4.925593
5.666752
6.944006
0.439662
3.669973
5.066592
8.725391
1.071524
8.021152
1.738940
1.997899
5.364859
6.426730
8.194000
9.565089
0.653900
4.822129
7.582528
8.808895
1.681522
1.675878
3.995967
8.210492
5.586308
9.084072
8.753469
7.309661
1.369063
4.401983
6.035794
2.719063
5.490040
7.170700
9.791572
7.946727
6.759562
9.034563
6.999754
6.907069
6.281118
5.408894
1.641631
0.345384
7.165604
0.762729
0.579795
5.729299
3.559093
6.320590
9.369183
6.282130
2.763078
6.479895
8.439286
0.194345
7.952586
9.245742
1.013906
5.319622
1.947090
5.499815
6.259233
1.223817
4.237270
4.050470
0.533143
5.213356
0.717707
8.969785
0.026820
0.674219
6.630472
5.208224
0.413107
3.868239
4.093699
4.443555
3.515216
4.036414
8.049587
3.091516
9.238527
4.166677
0.275497
6.133528
5.344198
5.509365
0.415352
5.984359
5.578208
9.769430
7.835728
4.995561
0.440389
4.241859
9.012087
5.957737
2.649569
9.675829
0.119080
3.609810
3.184030
0.520431
7.958654
9.905581
2.914745
9.779623
8.895356
8.390713
6.339576
6.396545
4.186219
7.335619
0.384760
3.995061
1.820101
2.090404
4.904843
4.711527
1.536828
5.183002
8.231301
4.842362
3.891832
4.236160
4.564369
4.940476
2.425428
3.211496
1.122135
7.989034
9.560647
8.189329
2.915415
0.160016
1.669587
2.354901
9.330469
2.894227
2.915717
8.898661
8.800182
5.087484
0.017364
1.517055
5.824872
2.129267
6.350194
7.998366
9.996598
9.760286
1.294125
5.077174
6.470611
2.141148
5.875493
9.716880
5.362577
3.125226
7.609572
3.633609
9.646865
3.833067
6.959760
3.926648
0.282627
6.607042
2.075708
1.108384
6.321246
7.553866
4.414301
9.823448
7.983732
4.187339
1.850720
3.983858
2.276967
6.884911
2.906582
0.777236
4.078338
5.631992
3.810131
0.396554
1.150162
2.168701
6.512054
6.524674
3.466145
4.646757
1.575924
6.976104
2.269911
8.148023
0.151105
8.652998
9.873747
1.393013
9.049895
6.950627
8.234426
1.134213
0.771615
3.829865
3.736029
9.655613
6.572391
1.958625
2.790504
2.378227
2.359623
1.204539
8.402711
0.656873
3.235017
2.028268
6.851207
7.962417
9.967247
3.121387
3.549683
4.614558
5.168790
4.050463
6.009847
4.971489
1.519261
3.590737
1.289586
1.452706
4.781612
6.910457
2.349805
3.852760
3.864874
3.930643
7.551992
8.869967
6.951615
7.869189
0.277956
4.677995
9.475283
2.443451
1.718273
7.852203
5.169279
4.424555
4.305683
6.080455
1.118834
7.388086
9.576615
9.998992
1.118687
5.011505
1.324693
8.238157
3.795292
7.256084
7.137557
8.236713
1.682242
8.115427
0.859783
0.259275
0.565529
5.015331
0.865731
5.156298
7.877298
4.270457
2.957554
9.435283
6.312761
2.006330
0.436699
4.184630
5.357557
8.533626
6.418662
3.007077
3.414545
3.183054
3.072288
3.144413
4.356345
7.507608
6.572400
9.554314
9.376850
1.046054
0.510430
5.730156
0.506900
0.129049
4.553665
8.293072
3.354790
2.500150
0.962751
0.796214
2.667534
3.515887
1.665606
4.617594
9.875418
8.121593
9.620500
1.859440
2.720551
6.885849
8.895532
9.160508
5.195680
0.463877
4.393579
9.620094
5.043498
9.878668
5.252269
0.112515
8.087510
5.841897
5.849313
0.846208
8.574444
3.967137
1.432978
7.729240
0.759788
4.491121
0.291788
3.542578
4.047788
7.018149
9.060918
0.243074
4.161259
5.280324
4.717062
7.369147
7.615111
2.203829
9.060942
4.717206
1.370005
5.441123
7.124673
9.954646
2.414182
2.234223
4.585977
8.298523
9.643302
3.794930
3.047130
7.738680
1.489838
2.948220
9.022438
3.867793
8.777472
0.132296
1.150168
8.487413
0.280699
7.939164
6.150798
9.379438
3.337187
7.667976
4.485699
7.306819
6.047668
2.555039
3.849357
5.616796
5.547909
2.165164
3.103615
5.916740
8.764549
8.567061
7.864396
9.385224
7.861018
4.212324
9.290779
2.291238
1.053088
8.253248
5.680854
2.330584
9.143712
1.240168
8.094473
1.694515
8.467354
5.054508
1.461775
3.890399
2.020996
3.191638
0.975060
7.219353
0.833155
4.637780
2.003010
2.359465
9.005832
8.056108
7.657348
6.967314
3.459801
6.116840
3.038923
8.227854
0.161297
3.955167
6.221870
2.277108
0.917037
1.524266
7.985651
8.932124
6.185594
6.006629
5.760285
0.357626
4.535036
5.431728
5.935504
7.043947
0.768045
5.890544
5.493877
1.622943
3.931915
1.763703
8.381055
5.231028
4.109726
0.923068
9.191111
3.666354
8.202198
3.809672
9.712379
1.033861
0.862071
5.412393
5.509431
9.661071
5.027703
3.800040
1.588347
6.786164
2.837309
7.438086
1.705169
0.174981
6.137079
2.466738
3.492699
5.684454
0.543475
8.888020
9.368258
4.834042
7.750290
1.966434
3.509870
9.984701
9.327567
8.031022
6.885793
0.020928
4.859087
9.652783
6.102802
5.433578
6.409914
4.190632
4.732023
0.013671
0.445818
8.958922
7.280684
9.633549
5.192964
1.480951
0.509635
9.370560
8.694744
1.950971
6.968300
3.001029
5.139464
5.670533
0.279901
4.000160
0.487358
2.435057
0.168776
3.693819
5.536026
2.029807
6.725975
9.956617
5.197373
7.855350
5.019041
0.723693
8.225657
0.664749
4.117855
6.763451
7.901578
2.137513
5.894672
0.238118
6.686741
4.742388
4.313208
1.922781
6.204345
7.145791
7.401837
1.168351
2.427922
5.547511
3.328658
4.742196
0.362268
1.840251
9.815348
9.332044
0.679594
4.666804
2.175860
0.821339
1.931715
1.505923
7.805498
1.078267
6.151870
2.923391
3.652918
9.775956
2.208140
6.774510
1.275526
7.326313
6.071742
4.928195
0.870404
2.922991
9.711690
6.152814
7.580843
4.722556
0.296692
5.385952
3.851791
2.356220
7.323039
8.195884
5.312808
8.535713
2.954324
4.116557
1.471839
6.752169
4.258878
3.493459
2.485159
0.857314
7.411389
5.165380
9.309545
1.486645
4.830185
8.724887
2.449558
2.694029
4.017314
1.979676
9.942237
2.440112
3.720971
6.837659
7.111671
6.512914
0.800728
9.047809
5.151845
8.172608
5.162115
1.123824
3.255394
6.967701
4.440200
7.685134
7.905145
2.139266
1.788712
5.652496
9.014913
3.243664
7.378412
5.916864
0.726892
2.392697
9.907987
8.741920
9.901932
9.118117
0.334236
3.694149
6.560547
4.645236
3.511776
5.650347
3.608166
4.687057
4.019386
6.638621
9.623109
4.703603
6.563282
0.968422
1.128264
2.813909
5.486303
4.353201
0.206962
6.480269
1.898917
0.576041
5.812654
6.583717
9.709148
3.451213
1.281536
9.409320
4.814999
4.487520
7.529575
6.052602
1.872106
4.926979
1.999212
1.028051
7.859938
6.485870
8.701471
1.215722
7.407141
9.833729
2.623258
0.632711
8.878806
1.161407
1.147568
6.562399
8.227324
1.678738
2.499504
6.864594
0.868509
3.503886
8.453226
4.780863
4.452847
9.921939
0.211901
1.007456
6.625268
9.504762
2.301229
5.534762
3.981024
5.368987
7.473811
9.396502
8.513285
5.643698
3.008632
9.385914
2.885570
2.021461
0.525016
9.275819
9.334435
0.163222
5.487720
7.213980
7.673205
9.463538
3.757381
3.200819
7.003669
6.729754
3.096865
3.143947
9.652758
5.845180
3.745097
4.932355
1.236221
2.001743
7.042976
3.875763
9.704938
6.264419
8.118726
8.040836
9.208415
2.485990
8.952608
6.555174
5.318726
2.894320
8.849389
4.388499
2.432687
2.091029
2.762987
9.698932
8.670022
5.148417
3.262193
7.311442
5.093012
8.867133
4.753496
2.213231
7.477747
3.424100
3.368506
7.864954
9.513634
5.925487
6.039247
5.221931
9.548225
1.474554
2.392293
6.911184
5.784402
4.677519
6.541393
0.383010
7.839831
5.885375
1.159032
0.075193
2.144521
4.212024
4.869812
2.629772
8.959006
4.955907
9.962991
6.989718
8.455848
9.707706
8.111319
6.382403
9.886329
7.986143
1.636091
5.332329
4.609848
6.874433
1.388833
1.066803
1.811101
4.237035
2.049840
3.158942
0.829733
9.269574
5.553543
8.637785
9.213625
6.635973
9.475054
5.718240
4.365649
3.360964
7.498896
5.720778
5.526914
2.227272
7.546192
4.208539
8.671016
2.761513
7.482032
9.133105
8.152152
1.093843
8.156917
3.310378
0.552498
2.995695
4.036346
8.581957
3.120996
8.631045
8.446139
4.410731
1.641807
5.806689
2.919002
1.419386
8.915370
9.879560
1.362684
4.143734
0.500974
0.793275
5.311030
3.122861
1.693209
3.022810
1.475216
7.102365
1.073672
6.839654
8.401480
2.705397
6.777683
3.641868
5.491124
0.987789
9.978794
7.085264
8.483228
7.283126
3.658218
6.179363
0.211204
3.552194
4.040716
4.776082
9.506148
0.273884
3.819677
5.739916
5.922957
7.940517
9.141467
2.135323
8.040274
6.955444
3.671424
2.099128
5.079587
9.204884
9.414939
4.586094
5.740240
3.060528
6.197330
0.927016
8.945094
2.035701
5.931218
2.959793
8.046659
7.476872
9.785412
9.372188
7.349513
1.918916
5.707870
6.283951
0.133530
9.218904
4.587664
4.197719
6.179313
9.108859
2.539197
7.506613
2.335742
3.103044
3.480564
1.621145
3.753423
5.766552
6.735054
7.080666
4.618745
4.731043
5.893445
8.594662
5.709445
6.396220
1.506527
7.916566
7.228825
8.862404
5.459621
5.785181
5.031510
2.714728
7.632905
2.247403
5.813138
5.310285
5.426724
8.987796
1.446379
3.617593
7.000632
8.900281
1.275616
3.734500
0.961884
5.192811
6.618090
2.927371
8.214346
7.996497
9.236632
4.480772
9.970807
8.926666
4.163805
6.370029
3.889940
7.891852
0.688807
2.103614
4.461902
6.798273
0.870772
8.239532
1.658057
8.109846
2.829604
1.218477
1.965709
1.761779
8.336603
7.397808
6.582686
3.425926
2.634998
9.118101
0.872198
9.607644
7.880984
2.146966
3.207019
6.016748
3.241336
7.654777
4.681907
7.640207
1.524001
4.578833
7.221917
4.246889
7.989030
0.717032
6.188643
7.083256
7.767225
5.407392
6.586621
9.657165
5.564342
0.734258
8.015738
4.273938
0.741581
6.217640
7.540650
4.833048
4.608526
0.607491
9.353798
1.472996
4.201311
0.874015
2.027065
8.396354
0.469392
4.241057
1.162519
1.333577
4.588193
4.998518
4.808268
1.630368
6.613188
0.108978
8.570505
5.737856
6.798998
8.478817
6.315258
3.448947
8.136958
5.503222
5.555571
