61445
63273
71024
65563
63561
67983
64677
65182
65521
66113
64147
61817
68858
62331
64795
64109
69484
65096
61007
69276
72727
71794
64675
58553
62049
60478
65212
61254
66437
63586
66423
67386
65104
67134
61511
64903
64250
66661
61662
68025
63441
66706
68766
67179
68282
66240
66666
64528
63735
66022
65621
64602
67354
63294
62887
64875
58528
62661
65905
66744
66305
67222
62034
67905
65802
67317
62278
70539
66745
65937
64505
64059
66250
62447
64520
58338
70881
63563
69149
68259
59618
60277
72240
66274
65752
73354
65696
64271
64831
72795
62096
64744
65739
68103
63283
62659
67154
65243
62933
72634
65153
72445
68706
64032
66012
66873
66520
62869
63298
68221
64589
67115
58502
68051
66577
66699
67006
65076
64653
71306
67469
70168
61721
58344
61296
64420
62348
64993
60522
63418
66298
69458
67702
64523
69815
66270
61421
65440
59617
61113
66492
70314
65693
67150
64321
60641
69435
66835
64464
62016
63904
64205
61407
63957
66321
65348
67937
63792
62586
77008
61773
65721
64059
63435
74031
69704
66645
68236
64649
67267
71667
63589
62119
63737
67958
66402
63786
63617
62394
66515
70548
67838
63832
63185
58974
65154
64744
66122
66893
63070
64397
66222
69275
65941
66842
61665
62572
69066
61922
67465
65102
61818
69075
65014
69462
72581
62455
65443
68346
71182
66878
61414
64243
66780
67814
65191
71031
61406
63927
61842
67436
62849
63356
70976
65051
64519
67475
66737
64137
65660
69002
63653
64797
64729
65223
64096
66486
68490
68060
62103
72889
63811
70629
71269
69009
66390
63226
71617
60474
61932
65973
66501
68816
63664
65311
61214
67864
63788
65655
68434
59843
64632
63564
69235
67992
65261
67508
63620
64130
68203
64909
65522
66078
69529
68393
64853
62373
68877
61776
64942
69979
64493
62756
64680
58726
64539
62736
65499
62474
74453
68471
66751
63925
64924
62162
64386
64863
66014
65003
62926
63151
62775
66331
67895
67117
64410
60649
64761
63984
71462
57792
69363
60075
67410
62541
62969
65325
66085
68770
65712
62116
64338
68564
61948
69732
64855
68592
68205
62179
67088
70907
67350
63147
68016
61783
62390
65296
61903
59951
72751
61952
63598
66612
63429
64261
67479
60997
65079
61860
66351
71372
64743
66315
69945
71592
63576
61623
61256
63830
65522
64921
65389
63031
67192
69948
66262
64895
66383
65451
59038
62760
70418
63461
73539
63568
64008
65450
68875
68926
64211
67612
62903
67645
66748
63138
65647
66085
64664
64328
65812
64803
65917
64214
64606
63924
63002
69096
70308
66421
66102
64055
69792
64910
64139
71370
64141
61254
65130
68593
67482
65782
67291
78039
61069
67102
66127
62639
64774
67177
65842
63827
63779
66169
63031
63060
67174
69006
64479
63691
67078
66995
63824
65025
61366
63889
58555
63846
68610
66190
65850
71547
63391
65337
65611
67400
69372
66255
68535
65500
68646
70528
65227
64907
63803
65351
61061
67688
62091
68958
67850
66905
66357
60884
67735
69976
63152
65614
71070
64420
62587
66823
60793
60835
67883
62820
73215
64982
68117
62511
68532
62332
68276
66970
68108
64821
70367
63483
67819
58930
66353
68137
63997
68379
63648
67040
63975
65351
63795
67853
67769
61136
61299
62649
67468
61608
66631
66019
62242
65902
65663
66609
67792
67929
66716
65041
66548
69640
66028
66281
65306
64087
64586
68364
68368
67190
68095
71189
67108
70586
69955
69868
69178
69468
68663
66400
62971
70269
62238
63861
63833
66377
64912
63741
63542
66669
63206
61817
62502
63307
67580
65520
65057
67087
64827
64987
65700
66030
65651
65426
66759
66956
65703
69437
72245
66253
69642
60555
63248
61686
63219
66605
63934
63875
70385
63061
68610
69638
63194
67468
68843
61861
71883
68161
62048
57813
65325
62673
68974
59375
67528
76275
65179
65071
68209
64702
61498
70276
63937
68929
61003
63717
67260
64644
66836
63477
65616
61511
57836
64431
62796
64322
67239
63990
62483
62873
65026
66046
60041
62626
61298
67745
61183
70692
64007
65439
65010
66910
62621
63818
64902
59400
62290
64940
65573
72765
67705
67152
68305
65894
60067
63893
66314
69297
62558
66299
59932
65023
61152
64023
65289
65125
63548
65624
71108
72354
67974
68330
64857
65966
63959
66274
63745
64446
62108
68625
72419
67635
63232
67767
67144
70051
68891
66178
71807
66034
65477
66192
65130
67785
61589
63038
68235
65787
67787
61617
65930
69722
62875
63592
66210
67299
66936
65739
69199
60110
65779
59028
67051
66229
66516
62694
62417
64518
62008
61948
62415
66929
69511
71337
70692
66587
70050
65893
60982
66051
72382
62893
66282
67214
66436
70187
65475
63153
69075
63720
63598
67452
62387
69566
64126
66009
65807
64286
64842
72666
70080
69279
66318
63075
62240
63406
64967
68877
61880
65190
69860
67632
61773
61151
68753
59287
62678
63725
69606
59169
65710
68095
66988
65881
68950
63584
65922
71750
68530
69477
68294
67387
64927
66515
66154
68086
63360
66456
59605
68601
65670
61535
69519
68807
69407
65964
66510
64843
62066
69558
66823
64253
74947
67308
67064
67580
64618
62127
67349
59053
67922
65735
64831
70945
64069
65467
65027
62303
65386
62097
70233
66377
61666
65801
69796
69556
68115
70138
63952
76271
68342
70433
70367
67457
69848
64007
68229
67396
62901
64654
65124
65620
69439
64562
59258
66409
68997
70917
72503
66680
67355
62281
65798
63438
63555
61830
66563
62504
64090
69213
69076
64189
66585
73680
64705
64693
64892
60890
66867
70989
63521
65032
63625
63481
65049
67393
65751
66058
67066
65025
65930
65376
69314
66485
69521
69198
61315
69046
63982
71561
65877
62288
63061
68059
63034
66779
68866
69747
72850
64032
63089
60482
66707
66627
67419
64528
65026
70868
64008
63716
64713
66336
72483
65206
65887
67099
65314
66279
65301
65920
67112
69384
69862
64436
65657
64229
64136
65961
59807
67224
65314
67242
66734
69108
63380
67319
63455
62225
65605
67324
64536
63734
63474
70195
60949
68548
70393
63579
66684
65179
64838
60345
65050
64032
66667
67930
62828
63664
60750
68163
64341
63101
71501
69995
63962
64785
67697
62681
68607
70622
65258
65105
62575
64809
62914
68872
62821
69146
62332
66187
65562
66921
65960
66598
70702
68367
67651
64673
63856
66561
64301
64091
66565
74617
65421
61094
67355
63197
67942
67764
59278
65775
68776
61987
64532
64275
72393
66674
65308
66065
69037
66641
61132
66840
63496
60926
66005
65996
61897
61873
63370
69775
63839
64741
64720
60278
68833
60056
71545
69403
65342
66587
64029
63086
69220
66139
64850
70214
66223
65561
64360
66873
62023
65860
66234
71158
68730
67555
70593
67102
68603
78569
62728
61827
64308
65241
65658
74191
65756
70670
68881
70459
65255
57866
67164
61334
64079
60741
61837
72172
62091
63787
69540
64220
70575
64900
61948
64760
69745
66525
64414
62960
64885
66756
67403
63994
60584
63313
67713
61706
65856
60979
65781
62138
66569
66014
61130
69993
64758
67463
64597
65138
58730
64400
69767
66891
63268
66564
63266
61324
62489
69372
67462
65252
71937
63272
66409
66111
64396
67518
60929
63152
70140
65357
67336
62996
63168
61307
67118
66450
64762
64407
67725
63274
65776
74736
74520
68970
60884
62677
64455
66892
65901
63750
66796
61551
60937
62109
67535
65977
65732
64589
70509
61668
68589
64980
65344
66223
61932
64348
62699
63129
67848
61312
61871
68920
66367
66600
64496
64037
58713
68351
66541
61721
61853
68088
62969
66747
63493
63454
60296
70937
68189
63690
69205
67385
62588
68424
67498
65549
70774
59133
69438
72598
65941
67132
63039
62269
70846
69263
69058
58992
65885
60766
65279
65408
70588
65614
62313
65103
64187
64407
58389
68209
63120
63301
63249
60239
67399
67583
64917
63501
69931
65732
67191
61061
60701
65373
62352
72560
66970
70358
66223
62789
67482
65522
59662
63900
57504
65791
72197
63942
66305
70573
68553
71922
59420
71154
59811
66700
65190
64468
62379
71689
64988
73019
64220
67611
66516
61705
72098
65744
63998
64871
59623
63853
69286
66958
66119
62395
62928
64467
64043
64423
64222
64435
59685
62271
62605
63309
63026
70570
63897
68410
60048
64781
64570
60622
68395
70371
64176
63930
63591
66463
64450
67330
70474
63251
65155
70252
70726
69493
64347
68720
64588
70377
66387
64213
68495
67892
70245
62296
67184
65436
71933
67572
65365
63299
65284
71900
65700
65588
64275
63932
68722
65771
63529
63105
68724
68120
64741
66761
66492
62874
65049
63680
63584
69247
63202
65688
71271
64768
64770
64379
67273
62459
68193
66859
62168
63958
64783
60322
66310
72204
64829
66876
66682
68622
69091
67683
64276
69629
63959
67368
65038
60949
67127
64856
65982
62440
70872
64265
67196
70288
68731
67342
65011
64653
62995
68560
65800
65097
63184
69017
66019
70827
66520
69427
68439
64663
66054
68009
61615
62635
65693
67864
63692
67096
66102
63901
66310
73824
65149
61879
64470
67707
60679
69897
60795
66894
70465
63616
63115
64371
63617
62111
64216
61827
64004
63060
66983
67156
68917
63243
67434
66584
66416
66189
74374
69631
64154
71881
61785
64075
67330
65933
65928
63321
64506
62006
60746
61967
66249
63902
65416
63612
74903
71218
58367
64011
60846
62094
67607
67468
64647
65303
69331
71658
63722
62598
71027
65623
59023
67705
65259
65055
61067
67375
69041
60291
63790
69644
67354
68416
62737
69681
62613
61690
63860
68550
66076
60464
67505
64605
60771
67188
62724
58623
62296
65184
64913
68247
63462
65750
71490
64376
68968
64180
58982
68479
64658
64154
66886
62204
62701
66150
66974
68886
61161
65768
63006
66539
67416
69831
66753
62181
66413
63279
59604
62530
66040
58267
67087
68528
68256
62854
68020
64303
59293
64066
67025
66598
70119
62334
60138
61561
67453
65714
70289
63221
69145
64483
65051
64128
66933
65344
67022
71968
69142
66626
61094
59107
63910
62787
66981
68816
63867
68359
66752
62215
64773
65459
64829
69762
65527
64539
67029
65817
66197
64292
62259
62868
65336
77615
66254
61213
64051
70140
64746
61138
68998
67786
61820
66246
66180
61956
63321
59541
65807
59827
65800
68521
68868
71098
69560
70438
63983
67197
59424
69500
66826
62353
64403
62171
67941
63248
69388
61570
68999
72149
64617
65430
69980
66760
70587
61530
63644
64722
61658
67791
68896
70796
67051
66007
73010
61864
69391
69844
65756
66108
61884
63483
61507
68566
62379
64398
64989
64034
71954
64618
70159
63896
63494
65317
63516
63314
59723
66050
68795
66493
68437
68366
60588
65928
63213
68426
68286
67895
66592
62899
64212
66829
63871
71072
66718
65371
67860
67318
65319
67006
64812
63095
68052
68800
65869
68789
69169
69008
74395
63426
67193
60977
61322
65879
59307
62284
72584
64427
67415
62829
64800
66574
64192
63682
66512
74913
66981
69031
61940
72681
72290
67033
64937
63320
67615
73361
63177
67684
66310
61861
65723
70981
62237
72089
65983
63221
60662
65050
67537
65261
67577
63474
66942
63177
67805
65803
62884
62513
62965
61097
68902
65030
62046
65122
66951
65597
65325
67472
68350
66833
64271
68656
67621
64848
68069
68919
71248
64405
59098
71833
64503
72367
63850
64196
65168
65363
60882
62999
61769
65094
66249
70086
66613
65152
62597
67762
63627
69254
68055
63461
67910
69121
62882
60096
70435
66067
66579
66060
70963
65367
69374
62360
71493
67681
68725
64184
58705
66608
60955
68942
66513
64631
67181
72960
66501
62547
69113
60193
64284
67743
65631
64712
69859
66002
65540
62301
73833
67916
67950
63771
62931
67088
64764
65495
67376
72292
67878
63749
63863
66106
73890
61801
64680
68762
67951
67459
63971
71149
64576
64958
63918
63133
71929
58519
67140
69101
61761
65564
66202
62994
60352
66398
71803
62634
71939
68908
64642
72158
64880
72099
62444
67092
65911
68129
65342
66061
66805
71462
64604
72927
68208
67028
74599
63399
66219
70425
62597
66448
69153
67688
60754
62966
60053
71925
72194
64406
62672
65194
65319
62710
65889
70192
65111
66288
67513
61235
66689
64691
70352
63569
66889
72278
61911
64124
68776
66535
69439
63141
70459
62565
63095
65824
59802
67896
62980
67677
64832
64590
66137
66583
65344
68819
63031
63291
61570
63966
64525
64154
70257
67662
68438
74021
66912
64100
65497
66898
71750
64536
66875
64369
73040
62413
63396
66879
67171
61903
64811
65009
69828
60623
60473
65571
61396
69529
65470
63626
67713
65730
64005
64807
63883
65516
67900
73855
64872
66841
61185
64342
62410
67631
65064
66282
62024
62969
61486
61291
65003
66760
68967
66608
65394
66356
58998
65783
65864
64896
65026
62881
62370
62904
66095
67981
65491
62581
69563
63880
67805
65829
66199
66233
63511
61094
66894
65132
62466
68041
64342
61594
66928
69931
72096
65986
73349
67494
67958
63830
64587
71255
70106
63880
63524
61964
64338
63589
60373
70072
63393
65745
67119
66940
61621
71143
63409
62391
60116
65668
67637
70956
64888
69010
65332
66165
64172
66104
66011
61746
65278
61704
68308
64105
64387
67001
69500
68787
64471
62530
64742
61435
64796
65914
65370
62984
61863
71957
64381
65112
62626
64413
67626
71361
70238
73553
59348
65398
66436
66099
65282
65279
68898
64073
67303
64020
65555
63248
64653
71290
67193
63042
65226
63850
66847
63027
67889
62260
65687
68388
63779
64870
67776
73182
63649
63428
65047
69863
67335
63326
68775
68446
67823
62132
68432
70555
65035
61870
69917
63784
63335
67563
65995
65430
65766
68868
61390
71902
67904
66502
61472
69047
62110
67095
68384
70989
62519
69727
65551
65794
63537
68697
63273
65020
64520
69799
61788
64316
64887
63816
74339
64095
58653
70617
63899
60552
65610
66049
64367
66661
60677
63374
67016
63074
69577
66716
69448
63881
64737
67169
65901
69580
66184
71926
67996
66202
70416
66841
65614
68582
60067
68493
67169
72391
60625
62286
73589
64203
65969
62874
72733
70050
68667
63583
64253
69484
68278
66837
64895
60269
65243
65077
64500
65896
60393
63413
66661
65504
65783
60800
73550
62890
64130
67067
69035
66392
68330
63529
68286
55517
66262
68395
67758
67383
63949
63257
64531
67861
66029
63626
60458
68406
62975
65364
68239
67799
59742
63885
68040
66453
65185
65935
69085
69195
63599
67033
69188
62734
70304
65370
66735
64341
64489
71675
62792
65844
65839
58601
67263
65841
64465
65069
68181
63804
65373
71886
62688
67569
62563
64865
62054
72964
67201
68968
67150
61320
66989
58691
69118
64922
63148
68428
65000
62139
61246
61005
61885
70504
62310
66864
67933
68181
67311
67241
73504
63476
61649
61990
63388
63790
65488
61013
64177
63371
67939
66979
69481
65655
63703
67622
60350
64291
69518
62301
68051
64591
65622
69596
65988
65334
66646
61237
65169
59585
68233
67177
65804
64211
64293
60840
62018
70418
67463
62603
67074
65556
66039
66413
66544
64545
64967
69689
60063
63028
59568
68494
60929
69529
66497
65968
69566
60619
61386
67363
66595
65288
62158
68548
64555
67445
64614
69392
66557
65335
67072
67966
65180
68879
61273
67428
69733
64548
63547
69948
62568
67981
74173
66438
61695
67121
63445
67368
67466
61789
70612
66560
68599
62300
74419
59733
64308
66444
66934
64271
66167
68094
70314
70762
62717
68210
66903
67792
62230
63129
67083
67113
65027
70175
65132
67218
65107
65658
68683
60738
68127
63131
65371
69868
62817
64177
66811
64053
61648
65742
60636
62452
65128
71766
73496
65468
66389
63971
69339
57438
69481
64835
65187
66800
63469
68436
68597
64519
60196
61119
61476
59039
65047
71843
61816
61750
63203
63442
64573
63092
67649
65332
65802
61987
62103
61562
65895
67579
63819
69147
67169
65710
65075
65730
67718
60559
65730
60639
70569
60375
70004
65742
62947
65443
64835
61871
65300
59603
62256
65889
69581
64260
66921
69175
65051
74755
65801
65810
69663
71880
63491
69304
63542
62222
69685
70996
67415
68278
67502
62597
59510
61986
65699
67251
65373
70264
65948
75795
68069
65838
67877
61715
59301
64214
62327
61768
65897
72318
61256
67861
64643
67874
63058
59703
62737
63977
61835
69367
64093
70769
66773
58890
72188
66969
60044
65218
64478
69158
62875
67703
66612
72417
71266
69622
74767
62599
63027
64292
66459
60578
68601
63269
64823
65074
76229
68621
68099
61580
61373
65437
68897
62350
63527
63884
66302
60237
67994
67089
67163
67942
65578
62849
70256
64705
61142
70122
69427
70971
68131
64088
63931
65731
64635
66033
61503
66115
62666
67086
65075
64292
76036
62151
66793
65026
71577
64868
64101
67231
64197
72055
66377
66440
64743
59196
66378
60939
69678
62909
65803
66122
63029
64850
68505
73813
64600
62838
67462
68156
61139
68697
64364
70359
65662
70088
65495
72334
76482
64023
62410
64551
67835
63732
66134
58550
65621
75830
66896
65069
60336
64405
61771
73963
63516
66684
63106
69544
64613
64539
60933
65436
64247
72151
65827
64419
68792
65747
70861
62492
67986
62980
63527
66020
63679
63201
64236
62700
70755
75387
72332
66294
67865
67414
67831
60852
67391
65036
65099
63450
69995
68501
65990
66952
71006
64285
69530
70187
62454
65420
68343
68070
61323
70275
71155
68657
67864
64950
65683
65090
67509
65452
67008
65296
64716
64911
76335
61968
58527
63775
67604
67099
62705
63522
67209
63722
65424
66580
66345
70683
69264
66072
66354
65648
63783
62454
63835
65365
71336
64139
64269
64777
65839
61019
62081
69711
62031
72916
62604
60069
71237
68519
65705
66598
63836
60668
58940
64748
66066
63412
71401
64240
65617
63887
67572
64443
62826
61963
60987
64544
62543
73221
61220
64211
69596
63516
65685
64589
66000
65319
64409
69835
66247
60420
69758
67606
67162
64319
66235
65069
65765
64891
62422
67360
64568
64624
67891
63785
69131
66064
64811
62586
71696
63717
67803
61777
67278
66516
66178
66930
63176
62482
65694
69227
67026
65141
63524
61551
68034
73950
64683
63440
65568
68351
63891
69295
65762
64043
63122
66154
67595
63765
71599
61711
62369
64531
68020
62618
63294
62643
59719
69234
64519
64157
68981
63076
62325
62744
66077
61616
65503
62643
63900
66718
66376
65872
65751
58748
65554
66980
63853
62938
68722
70092
70700
68273
69829
63704
69437
62391
71466
66222
60107
63403
70421
65045
66894
69534
63549
67115
65191
62222
64053
66548
71534
72006
68366
64357
66064
74892
65532
66226
67125
67449
64546
66375
63695
67273
68562
64862
63199
64907
61661
63252
71422
62009
64794
70640
65469
62036
69199
62518
62884
67445
65971
64843
62077
64002
69237
68242
58000
62067
62999
61534
64773
63366
69498
64225
60982
72806
62704
68398
68653
65261
65312
65233
62461
67598
65774
67043
61134
63400
71495
61255
66668
63023
61135
66756
65810
63055
64063
67151
62876
62497
70593
65226
63505
68024
64322
63601
61074
70424
66912
66941
60108
64320
66429
73842
64938
65120
63862
63232
65266
68480
67862
73237
69827
62563
62570
66921
67322
65991
63118
71668
66168
70124
67421
63423
61981
71029
61582
62030
67427
69606
60701
69785
66675
71202
63861
62778
66361
66617
62251
70519
64875
69704
66395
63992
69102
60373
64724
71629
66572
69429
65430
58571
70248
72822
64060
68944
64016
59159
67715
67176
59791
64298
73282
59239
68450
69756
67423
68890
63481
61095
64940
62876
61352
64753
71792
64392
63202
67245
75809
64311
64064
63830
64843
63783
64959
64613
61935
66998
68483
60332
61879
61636
68662
65117
69009
66807
63312
72977
59977
65730
72684
67038
63034
67835
61584
68874
67982
66372
67609
67723
68819
65453
64829
63905
60972
70528
68827
66956
67961
65193
64153
67410
67947
63953
62323
65194
67318
59024
67194
67376
72296
69689
60332
68453
69441
61280
71340
66586
66873
66676
61434
60239
59756
64643
63852
62524
68699
61851
71091
61184
63515
69950
63863
62188
69572
62626
75918
69883
65217
71473
67770
71372
68311
62949
64692
66904
65003
69655
61824
66599
64381
64554
60119
64816
57932
70780
68131
67731
70498
66769
59593
67728
67508
65345
70677
67934
60109
62797
67866
63050
69143
61505
71846
62310
68928
64452
62982
67252
67846
64982
63134
67271
67729
68807
64375
61383
70245
63033
67422
66047
66427
63667
61196
61950
66674
61658
63225
66699
69477
71139
64378
61018
70470
61099
62781
60062
68868
67413
63219
62295
61328
70693
70828
63744
66635
68800
61611
64298
64907
60041
63577
61673
65043
66815
68204
62246
61816
68991
67314
67121
62514
67786
65039
68055
65594
64451
60633
65187
63613
65770
66481
69642
65356
65604
65841
65674
68133
71487
64695
61961
62083
66931
64881
62481
61975
67574
68742
64217
59385
65623
66348
65137
68031
62625
68886
67065
68437
67437
68042
69241
68711
60600
66693
67312
62368
61809
58990
65174
68628
63294
66602
63774
63007
66036
64241
67638
67921
63817
71692
70413
67461
64017
69365
72174
59361
68582
69388
65103
63651
58507
67033
63805
63985
65297
66170
72085
66727
69594
67175
75366
64364
61586
62571
63086
70782
62374
63669
69793
64487
61453
64356
64509
67208
65349
68710
61888
66350
65914
70808
72991
67562
65493
66741
70247
59845
63559
64674
61444
64035
61249
61588
67724
66903
67875
66407
64080
69714
65144
60835
68115
61317
69777
62468
67065
62077
65178
66129
64223
69018
66656
65115
73570
64615
65722
68581
64496
60271
68150
69629
72577
66432
57119
64489
67697
65471
69374
64250
64351
65185
72777
69398
67230
62901
61533
63633
74406
67727
66228
65699
65717
67411
65955
68327
66142
58948
71244
70886
60849
64565
71785
65289
63244
63228
64629
61361
64329
63787
58707
64955
69486
59513
68916
62166
62108
67713
66707
64463
65346
60438
63988
65251
60228
71008
59692
67625
70352
65758
67019
61576
65148
67900
66741
65250
61225
65003
64620
66168
65654
71888
65486
70182
69111
66680
65261
66938
61865
62752
65001
65810
66282
71026
65221
62058
60843
63157
67372
62510
69131
72340
74255
63675
69727
63747
59422
65805
65904
58028
61712
66644
70279
68347
71671
64624
70465
69428
66665
64996
61464
68091
61845
66499
74452
69626
60559
63233
71805
71415
70402
66361
61555
66780
68049
70036
61383
69653
70032
67099
69481
70801
61070
61340
63183
63020
63935
63855
66670
65569
63498
62459
68378
68248
60598
60718
62894
62287
67442
69158
64718
73725
67320
62740
64465
66465
67339
62153
64263
74322
62587
63548
66240
70241
75857
66334
64814
63704
62058
67060
64534
69468
64302
64616
61955
63373
66056
71951
65459
64575
67388
66545
65079
62050
63992
67081
68892
70829
66515
68948
66300
65534
65180
70060
66457
67615
69637
69622
65827
67675
64711
73809
66486
66971
61435
64125
61612
64826
62707
69218
62809
64876
71118
64291
63485
59302
62168
64872
68302
65425
62496
62538
62647
66027
66460
64535
61817
69712
63758
69876
64964
63204
62943
66995
59047
63561
72238
62523
68014
62165
63201
63588
65807
73512
66390
63575
67280
71674
66144
69482
66937
68413
68658
61163
64807
66203
68306
67738
68375
62762
64518
64879
66594
66566
67590
60428
62230
64749
60771
68910
67646
64281
63991
65246
67197
65619
58683
69876
64214
64517
63530
64681
68604
63994
62856
68802
68205
66183
64071
68639
65289
66954
72303
68688
62033
61156
63500
68337
63845
66609
70340
62004
69277
65387
65404
67734
60978
66206
69612
62768
65957
65572
68496
75995
66300
67254
62196
67364
63085
61050
71885
64308
70016
70970
68233
67802
63011
63984
67619
70067
69648
65959
61588
63172
67514
68089
68966
66386
64931
65362
65359
64737
63583
67343
63888
60208
62751
68981
62592
63845
65768
68049
68401
68513
64767
69521
64788
72027
65484
69209
61909
64294
69517
71328
65080
62691
67270
65669
66527
63904
67788
65849
65317
61900
64470
61008
63218
68659
67028
69254
62091
65142
62260
65473
58577
60656
67045
66358
68027
68424
65547
64947
63062
66234
64703
65367
66012
69739
74444
68850
62962
61827
68998
69034
71792
66535
60325
67383
64630
65201
62992
67262
63939
65605
73086
61065
64905
68570
70862
68471
63215
68490
67397
67393
64186
62937
67793
72381
66706
72598
61505
64576
64208
66730
65327
70132
69147
65897
62403
64446
67099
64577
62816
61671
68294
62352
64232
65500
62158
65051
66040
65907
60095
64607
62154
64378
66497
65008
59711
65991
63624
64464
63425
66939
72808
67939
70727
61687
70534
62583
67104
70344
67129
64479
63815
66294
65117
66072
67119
65711
61609
65553
60960
65093
61406
69937
68518
61334
67649
62001
70340
64067
68424
67382
63095
69780
75662
66642
62385
65512
66612
65772
69072
69902
76185
62199
70668
63695
61059
61703
73236
62215
65666
70443
63757
64440
64241
72895
66348
60374
68421
66410
69407
67197
64513
65877
60615
66514
65128
64168
61770
65698
66315
68490
58465
70633
64058
65660
67843
66069
68409
61398
61845
71239
68462
65213
63337
63617
62681
62843
70754
69347
64000
67295
67113
63606
67631
69548
67919
74337
65050
59441
67012
70252
70076
69854
68754
68056
67434
68010
65405
68759
65718
71749
68345
62711
67483
62528
66975
67570
65732
68530
70368
63101
65810
63068
64393
65412
71151
63702
60648
66429
62080
64400
68723
65235
61755
69231
66442
63621
64770
65371
65074
69253
62239
63928
67511
73561
70663
66514
64145
65997
58900
61528
66960
71049
63034
66842
61534
63853
67092
72629
65585
66998
66476
72248
64831
64408
67303
62790
70336
69610
66553
67767
55882
65603
62462
70797
76148
66057
68267
68265
69977
61737
64277
68200
67429
60372
60423
73264
65020
68076
65678
63410
69437
64725
69166
62493
62520
70203
64292
63887
65712
64276
63278
67292
68683
67735
68496
69160
67813
64778
71658
65520
65900
71534
62087
61971
63398
63972
64113
70842
62716
61572
68019
65716
73180
65256
63511
59635
62914
66360
70363
64106
62331
74532
64679
67226
67787
68400
72035
58968
70078
59108
62462
65519
67656
65607
61784
62627
65308
68708
68506
67293
67470
59769
61788
62172
63479
64894
70790
63414
61112
67680
67967
63380
63018
69126
63346
63740
62250
67601
67145
68296
65956
65450
64522
65838
67011
65814
68799
64487
70159
65860
61998
66717
65724
66418
71246
63192
68527
64160
57804
64979
59710
60102
72124
71811
70384
66136
69390
72113
66259
66964
62159
67007
59539
67965
65056
62353
62359
66764
65143
63531
65978
66924
62399
61825
69475
63626
63342
64669
62447
67729
62707
68057
