360739
321702
486775
46479
151772
180129
611329
215445
403783
255883
156657
439708
451193
545389
481555
617267
90302
272069
412489
372596
597246
417236
350244
344920
442577
493244
4348
309561
168838
622655
440387
413725
83614
106428
598169
17597
73999
563555
103844
235811
175159
461124
293006
98291
411558
209362
481070
309835
27739
452706
330881
272284
278665
33433
604852
293479
40803
95022
14765
333814
95897
315428
351329
460262
429387
348506
594636
517564
470167
145674
245127
448789
434763
474439
491919
128846
100922
503326
255197
268842
320494
64932
56584
215881
313202
215869
599560
217231
226319
453695
42971
187658
561361
39499
634267
239717
340994
519297
228132
530051
407244
317689
517755
460057
164187
262653
118872
290295
552967
463622
458682
120447
636122
317498
92167
222945
615753
129526
628006
633974
580310
315772
272060
164017
27213
89019
34777
642358
401900
183709
605602
287905
351101
494775
99149
212672
218563
527152
425771
154801
606358
154219
122332
316000
253571
653626
574925
147572
170986
220064
192465
84487
332722
425825
537155
462277
118697
283851
182917
545982
216263
294706
159502
155423
374041
263668
16799
646419
11374
375908
580688
113602
653155
40115
513574
543088
418771
274156
103270
480049
275626
332742
212885
590472
382134
244408
470722
587206
152527
279135
644800
194041
330936
342848
547192
323606
636203
538079
216866
342527
575744
180821
73668
405699
193912
369314
535838
223207
78084
335150
467841
138790
617990
450982
184470
522933
131356
38094
598728
611169
256180
56042
458684
345516
18759
409211
205790
654139
606639
410061
497742
368447
368926
443669
419930
180099
548204
105652
538397
190315
369563
213148
316076
212018
288631
44014
283075
512186
453564
204276
469290
386935
131102
328905
323988
513657
100755
238830
318965
429386
148171
313387
510342
215518
172950
529178
257655
91324
431284
122059
107977
383073
582495
212046
349937
310853
506332
434502
455991
415365
283292
538866
628179
374700
629097
411844
475148
394634
50041
622650
336788
419107
20622
103544
9666
178221
490680
106800
112172
566272
611991
270651
12653
414774
47160
459248
91500
608608
499212
426398
394813
317983
524211
196174
610605
55738
608512
543052
585934
461843
546363
585235
250614
641968
589616
24517
36715
573146
300520
47410
306881
105845
413625
556818
414562
214712
625299
487057
330007
71169
48246
140179
365716
135951
88020
186588
491560
211338
335758
149343
651318
82236
405068
603069
345796
42307
398103
292309
528762
525130
185527
436025
650380
569370
59642
111037
360321
383662
290658
548123
55769
545975
584546
532252
395342
479171
73211
116533
630132
381204
348607
479583
359700
211985
585138
497588
407320
125253
170074
498428
446846
231699
67379
559699
48960
582683
171154
289083
378645
427563
50046
35247
136622
195297
553456
525883
218712
585709
95990
312403
601063
240349
382413
367784
647058
596312
355566
591144
18134
299607
648196
22249
328379
481830
118417
515693
149653
110234
344016
457229
602532
233515
340060
137179
428867
231500
475394
20506
654032
243756
267756
237520
475836
620695
457833
10277
261311
445003
648033
173662
295908
281027
28696
529230
136523
566964
183703
597619
300378
344884
52205
36254
43618
192437
323318
600055
179470
128078
464414
194450
253831
563318
452687
242812
275088
537535
279145
398280
121279
489422
86196
88874
152744
328548
9039
295992
174259
401256
646039
533080
396694
102488
111601
190434
455269
359502
118029
369231
43966
274902
175146
26246
106970
176397
418058
122332
571895
107758
221939
128651
370529
134907
647785
200638
537610
12653
396453
638652
340147
653085
140953
343221
243610
110909
619706
606698
233329
349753
240437
428761
592246
611004
467705
29276
512792
401171
226083
641588
500712
613154
81345
590416
564607
11016
319433
364390
121746
294966
391995
538513
575246
321461
299870
545941
332657
80041
162373
60716
39113
200393
606243
292423
166567
248264
361104
187493
283538
167960
371787
263868
340775
135350
551858
157911
190382
489297
633221
31750
109015
440984
279679
58793
615392
497867
81191
65745
87522
309671
509137
423075
89007
110895
51194
456953
41436
144022
630008
559225
438047
348045
54706
86075
565851
420435
322414
151530
49813
421895
206002
654394
13954
413032
409574
487152
491670
409166
215611
176624
542761
604634
589615
405583
432356
424622
565444
123718
354437
100439
140114
99630
68245
47705
287420
316278
629687
186478
56618
221818
376971
228879
64581
28443
55582
531380
32399
160324
427947
155599
638331
479871
50194
308558
482687
371477
485061
277530
214757
4699
299876
502284
268932
643560
350794
43269
279931
92356
593782
324254
171705
564534
637051
296583
175842
172684
614615
135088
527157
317306
460611
652327
199494
141086
42040
478430
37769
143409
632759
467787
254918
543332
526831
40259
262529
176301
6334
491023
386088
446944
13808
386900
380607
443846
556030
434879
291859
646701
43437
610710
590599
396475
256861
291293
205513
73671
556403
160495
210188
198778
298114
222136
441289
61506
498123
595407
542130
577685
644006
304113
49975
367204
401987
48729
35122
201269
555346
30641
37460
71347
608683
649585
257514
634546
216370
243557
509094
638321
385752
39220
563107
564580
653522
408369
68985
592113
184668
645563
73742
451904
176573
19714
497170
498982
586178
242283
426817
523364
592656
433776
508753
547667
172372
183561
23849
57240
242847
163194
187105
46614
312340
573950
154389
232463
310128
297903
327803
31523
615824
43930
217416
458774
582429
591994
168762
158718
274102
262208
57787
492997
330140
279845
69998
594928
603446
312249
36313
166162
216043
311997
593133
127995
104605
563906
166426
481158
40808
147732
269307
627205
303341
335117
507079
238602
25755
542183
128679
443189
534309
298826
359789
173939
493651
581588
640181
237656
116559
228014
94331
259141
55005
316553
341077
276822
20929
505925
396818
284623
254669
271472
43513
547131
138899
155168
81225
303095
405564
445466
168182
528562
630865
57940
210358
223553
146144
381033
369046
57169
423561
14921
268045
296079
229755
482783
49568
386141
647451
449018
384709
601848
51801
470528
531613
506762
409135
542395
548539
290887
424233
169767
242277
253173
126304
651356
556058
34113
508053
252561
2201
253491
306075
19771
630765
135509
43108
7681
201782
120321
537935
375717
303104
188936
578080
213099
77302
219017
129635
428479
394125
623845
562477
587387
171212
293898
351158
276777
628138
508262
123721
250561
529836
545852
96954
225447
451457
245530
294474
229883
403077
412244
518063
512131
521698
273367
347499
227323
22648
187151
505841
651198
529603
636267
448581
416170
127119
553640
73924
632638
46186
239579
96071
386232
54971
166654
159981
317242
466432
539382
263319
632647
390195
388168
614693
351501
192699
163039
73604
64227
153585
498840
352453
650794
371048
584557
53676
512356
415882
310073
38767
296864
299747
416806
7258
28119
48080
116769
169290
427956
586886
509008
338590
1976
601859
595256
84949
146749
175078
491311
152707
341867
40425
570935
603768
554864
123537
603292
8151
290612
571890
318243
532356
575130
641705
496068
587506
422062
303980
641186
232849
397330
438533
26123
564851
24937
323641
448741
6111
394035
565784
305817
62957
345926
503021
579649
190477
383351
492887
546439
520120
141154
625016
219925
563012
404662
173684
308357
225925
375339
488164
530226
418632
623919
291281
339938
122808
587628
252471
515770
396683
7411
555550
120579
413953
219577
638173
523766
443455
440002
115672
50204
272956
495144
605793
325726
84011
360736
624099
198335
476740
564886
320196
549223
323685
648970
395220
109015
80392
81047
219021
310459
586562
623055
51487
533890
154731
247886
337131
131949
518916
294333
387595
133232
75928
446216
514720
549746
267086
476321
477378
148320
364502
541329
136120
531867
540118
574681
636684
391118
282599
351092
25046
430121
189910
124851
536695
34513
352363
32655
566131
621717
24014
549273
436628
269046
96324
584483
373620
316447
558682
332432
254022
153359
239254
191824
126331
399327
111809
434915
248285
288522
583198
196252
77059
353880
584464
76375
487380
200243
114996
38619
549095
578586
511798
342750
51339
151661
488722
402185
599702
515830
496930
163359
273083
76862
387688
143221
121956
58047
33577
71088
654120
268542
595630
20399
447303
378788
281421
338421
455936
231161
502089
488918
506470
563376
161102
561098
16892
361460
199596
430549
219777
541187
146445
399484
600750
475151
147130
49468
207830
47015
373385
234582
588171
621045
74804
335795
359534
261245
504497
137782
160198
579853
426222
190894
220173
397208
424551
340049
608528
196973
175184
486912
395545
9636
497244
650461
42253
532170
417598
520687
479499
188282
526569
238573
179434
370578
138700
167466
654501
89312
291664
173432
13021
184015
244595
592179
567150
432926
211203
313344
310427
380270
557429
330491
146468
396801
509616
440320
389363
376
277577
332462
313241
145911
180710
174308
84086
569155
582646
591867
154620
386086
271059
357152
270682
603951
59497
498502
232307
405369
365484
168514
645200
109564
59035
464832
119330
475423
530017
398756
431409
191299
278079
100414
578702
419905
78750
479476
42059
591779
24924
354357
580674
10779
168531
87075
425732
55485
98818
620931
103196
71673
307687
571158
59560
491329
277018
91846
491607
606804
228085
345349
11127
334323
138989
451739
93219
652188
443485
185182
84209
68741
338359
465025
627369
357163
623940
124717
130111
414895
323750
177376
529472
450563
625713
266848
503147
631350
456092
535982
201117
42664
623260
257463
622142
320743
218404
313117
632002
206552
88461
9840
374271
435280
63518
531886
405442
43753
298836
598219
645667
121341
412012
567693
271287
618155
218299
51183
649518
179211
383341
369003
210712
90629
175904
325624
542871
204063
295707
426774
311057
351613
284493
18545
512042
629936
477623
9249
525677
198929
79016
216343
376558
121382
25824
477792
30286
639060
587179
100119
640554
31080
309633
186146
485211
350206
482602
353929
9135
547555
579567
362096
34619
428149
407765
30346
286430
374996
12657
331120
544406
273837
544629
542162
47473
497884
652088
402899
476152
372570
73789
603884
75388
567508
593714
325282
267632
232820
211318
233407
369215
44264
187655
535509
470066
258680
191855
196637
654369
311202
279489
617902
505306
229129
506618
173031
88011
487838
330209
79415
231859
222210
400786
304798
562045
47081
427293
536195
72573
400097
617958
354445
560827
484902
631174
144853
646935
54641
349828
360192
465877
446359
197521
140357
522648
135396
609501
121669
389806
367462
475821
429528
151261
11677
171169
591331
605907
464220
422295
207662
245624
445925
457216
225195
230258
461829
627365
471449
196138
51787
61127
108069
291493
256824
358575
167179
284268
217008
609840
413592
120791
160934
243613
620560
91000
362743
350581
620169
654021
59691
604340
307459
645956
101193
249951
236664
684
593052
579949
195001
379735
65172
285314
123604
292922
298721
538199
479061
636429
234495
170205
445173
60779
313767
234882
383342
223349
292750
327862
408147
528628
67976
97238
385981
19153
127320
548100
450834
422623
450725
546815
646119
87656
112406
629541
489919
463658
483509
243857
581559
124242
193727
196408
559293
493530
503955
376541
374838
605608
594368
61961
36272
55608
621523
155536
515974
477455
16660
385483
259315
532687
408202
154193
447359
184126
363204
246923
602194
217224
609327
73275
597499
594181
432235
653603
571617
176770
9826
16923
45794
557658
415161
481753
74315
388135
547109
284160
173305
281798
6750
528842
201962
417658
394349
587801
315595
105987
83324
476972
545123
589941
58457
521663
24834
498527
103486
116244
625107
266399
305494
424086
576176
329566
96951
265008
153073
54202
296250
196477
46033
177262
618066
195773
497551
372718
315248
155974
303491
585971
299539
44653
410982
361454
295003
45406
575276
526427
310709
427151
452962
22193
251468
189459
557882
374631
211873
585312
290699
568038
135908
336373
597153
427053
437256
435141
98566
476249
370233
297123
382089
82896
9071
526733
294488
202198
526469
606766
182332
434233
606286
644002
292515
203624
261884
617542
70045
20325
200911
305257
225728
338676
264402
306497
81628
486328
102877
24824
273475
461780
262987
401952
57382
146317
239799
317786
326092
178908
544312
591335
150785
189395
462782
274497
524397
9149
243064
393803
131576
227502
582168
368422
216924
130455
526767
597429
497978
417262
490980
594441
250215
121883
47891
529812
453837
497234
322512
423600
46315
147674
400748
150245
143468
651952
11170
539012
184450
108678
118084
77081
489169
137608
65335
531902
383143
327318
220936
456312
80456
503231
498933
387205
601763
556234
255935
508167
575341
340709
516463
223346
92797
51514
307743
632636
492443
91579
378701
168650
492047
109666
303558
530147
108056
553622
14675
321910
55530
139916
127493
179069
601662
603266
378494
238948
152280
615303
643186
317630
510962
430650
452421
275504
516274
262903
614569
344883
592264
651614
598242
393876
654579
165574
392369
259472
649103
623880
560420
178989
507897
271581
338678
180422
315731
132527
174797
331774
273573
552641
54534
143193
532360
452522
440700
65841
484470
531478
323499
528961
28087
67589
166612
273082
435943
459748
151625
255070
607863
18356
113122
580395
617421
520799
131148
180529
452436
390753
375534
253078
12604
311193
234196
313633
354624
148617
24452
303501
373326
233009
415902
646413
417151
584990
388374
166888
23580
521156
100197
473533
347923
158277
533361
646955
581439
474571
546947
360174
298982
16232
256998
66830
174220
524289
101306
273088
412842
609710
38241
170274
187509
365849
19230
423975
403419
302777
19043
1506
387219
493561
281352
505215
225575
452981
204749
115455
376115
119904
281988
20171
234031
312236
354101
386270
40726
16745
248841
167097
91969
236062
332165
594577
526196
248107
56780
141684
203780
545792
119966
521206
51088
634203
473900
381729
168709
409990
588018
256129
610412
351388
637190
157453
180140
338121
175322
75245
363796
463135
150093
65635
300646
295751
624748
315407
82044
165199
97781
332779
281738
311583
361538
566656
330505
524539
338839
58063
413925
584817
373610
254494
219007
222081
503081
51352
1722
595493
159122
342398
103085
334325
548598
596902
153092
386954
72033
206162
74130
33786
238926
357560
588635
157627
13902
479178
11300
84939
375542
49157
160272
481252
377024
328077
83871
171434
167773
267931
276412
384213
254358
266995
224239
170860
509013
419840
298610
163757
482415
301504
227760
263343
401638
14515
522741
33063
242281
176569
542612
13850
375145
325344
538843
450616
445860
524282
406309
251869
558426
578234
577019
133143
305907
30654
165082
205009
554000
549178
252305
107144
75685
304615
155
372365
92340
376797
24631
152515
84287
310944
254975
105878
75383
337413
135157
305683
430621
137426
623926
279739
491722
608018
36257
406683
191047
201252
100383
213678
363118
210780
468524
156112
487133
370352
314140
603455
68583
175523
465852
328142
392177
234369
65558
369018
220310
54259
493211
302513
521147
360040
23493
44589
649893
71379
72299
134526
361669
206684
642443
546425
473897
466844
9390
287931
181400
515634
172161
245434
392036
407153
169081
116276
395470
234801
201210
251935
483824
599556
576688
343890
415517
295870
242423
238768
174104
386823
133300
178106
137692
59982
184804
481311
31242
608642
609888
98259
282759
135183
540489
322782
185208
212407
370697
429281
348185
366529
546356
500442
602773
223056
637069
288857
466641
618194
581347
14175
615817
428767
405925
548646
241344
48835
111769
86273
601759
425006
327871
465100
538201
347183
626982
325194
204537
292308
228313
535236
510627
182545
230891
82927
616528
568504
85742
43055
392466
652753
41814
8085
570811
71769
537846
266094
579807
225500
165882
496812
14304
394604
219375
255291
399538
505239
46401
574951
213431
354115
627114
410625
254686
529456
202071
623496
437095
4376
642931
500900
178685
527565
199793
149726
21977
328396
533979
567155
428806
445806
134207
430992
549805
414216
72359
512531
393923
297191
546680
285449
428306
147685
92081
423054
584643
504419
633595
268451
435050
165906
635944
133697
501167
552732
238888
470805
333400
92108
91333
317937
61920
117230
134757
131939
36687
390446
649967
82179
192994
376583
323152
429050
279706
475349
145874
150292
401019
36633
297804
429180
292128
378755
106334
234224
543455
398151
376695
195808
318222
472332
437748
401242
421855
320580
370032
291568
559145
612600
225708
504036
349086
348723
78361
279844
234031
562510
480362
246542
598844
287363
72446
347497
114946
373581
518524
425102
423457
246689
373815
334084
152573
462528
272628
415976
411646
9010
364962
567194
548132
345803
9276
627390
585807
256443
424133
116484
513882
140855
503665
162811
354198
470956
100212
26141
460549
89919
289008
264951
511854
231000
286264
534204
563367
629745
195384
387248
381607
653778
488516
378734
254432
359729
642831
585936
365505
270569
450874
562201
481612
503410
465041
74793
385815
447082
192443
562532
143372
540404
181431
248102
430936
31384
95522
241690
629223
135995
211696
355703
300409
224082
392523
613644
616820
57677
380739
549615
526409
564874
233731
365376
134985
474006
232528
611578
245375
221228
1351
389422
470906
425390
388963
98660
16250
64089
632006
77707
465028
398240
281041
457533
410559
92306
143723
302264
42510
525544
254157
247289
76526
629065
291632
325313
389117
300689
424019
297200
263723
193802
445333
461083
565790
350184
452999
125361
91149
508549
185910
436240
445422
187893
271678
54096
346536
476456
60845
216271
164632
243531
249711
169162
543315
29982
423137
497921
563975
252373
87672
530744
431802
77511
550704
310597
22436
595263
8259
309969
333288
255877
427178
277227
10877
132977
224839
531661
150428
559546
79665
345127
587899
105131
86038
517109
625018
264997
60816
515613
187632
581997
380998
477947
3680
15804
609497
304447
379573
646007
368461
46676
553633
192985
269970
179594
575512
235508
641953
373007
529357
366698
153213
66596
591695
447279
57913
455939
235086
175000
29576
452764
3029
500563
1257
654445
130246
35333
18975
633631
449213
249311
503005
152743
492768
492740
556622
357112
52594
123951
515362
131757
295143
471325
299975
303993
605627
411846
163095
320615
422132
111529
645501
762
424568
486694
216869
57309
211539
167272
27955
597226
321659
262624
168244
347190
154503
333651
287846
546946
282082
86275
266677
411919
647082
258302
221838
392399
459834
407768
378070
613101
535154
281519
221252
576872
600195
442954
614149
402109
84863
295882
80566
294968
347290
524986
540279
223947
355339
308289
95715
60839
106579
520500
5121
602175
364348
584635
600361
445470
541215
1182
192365
32646
272806
120522
22504
234605
230370
368189
492848
486260
619258
134539
641425
621791
226253
292087
295002
603705
222009
568156
294253
94302
334964
350341
214444
552460
192598
287543
236235
360981
230117
274303
500861
398976
592614
633377
133772
426461
46747
73382
341029
81469
540382
490836
564535
535757
163131
408136
266506
309131
557995
227912
61376
261562
450907
406251
554829
326158
134743
216544
193024
362681
116390
400090
200832
567754
333513
583029
120911
589920
233637
475790
343140
185073
366756
156737
397970
275532
224848
122892
582655
182537
610607
517375
322016
402245
223239
112187
550343
117779
318829
393708
368369
39065
353825
621482
406263
223812
329741
126683
256763
337207
410267
68330
359522
234670
560023
190372
459251
611823
580700
629172
440033
579603
70716
309185
565253
229517
527834
323778
420416
454478
424449
645133
194426
131024
553303
210114
534025
652614
621116
534970
598193
30986
219095
245318
584531
72739
639262
338747
497315
542145
206731
49806
212772
345866
358775
445444
200905
613586
103365
278109
218223
431556
274735
21952
428748
228841
238065
267617
478610
211444
98867
364250
35142
482677
437866
198781
85853
194307
156706
467919
463635
220696
318574
2558
289345
133714
597480
64624
524135
12551
332516
207307
135809
292302
76807
332714
470326
129289
27142
521662
515200
379762
341572
367283
28424
154727
178970
365282
534512
365902
430144
318170
524757
18603
107639
54520
626618
154085
385342
258287
245049
61386
210165
221026
503994
519249
238058
648210
283625
355606
323310
96136
257249
554724
500329
613521
450882
526899
315514
345591
317222
58229
368013
382703
455028
589199
401418
620974
74440
597552
50001
206885
434336
425041
323759
194800
555771
479884
90888
635304
304574
581361
347450
145145
149100
406845
640045
384388
441285
119735
652209
253727
413240
558885
393251
61257
119398
4762
348727
83993
307537
387912
315342
23196
310921
424211
210265
387527
158232
422412
611501
366458
524756
234374
506757
587870
312150
87074
278198
202520
264829
216497
298678
14901
477886
541590
304604
116707
459311
634088
565243
320873
490633
34270
316435
395002
250130
530933
61217
386648
208044
216118
531210
430046
607417
44635
402309
1560
71528
552868
108169
261827
640558
254985
448190
134598
191637
592534
25218
217627
77143
471058
463733
300557
644953
84866
341099
128142
35637
258006
329084
409364
105180
390537
38411
46085
502823
526215
242525
307345
587480
403985
438113
362500
334319
207914
140930
455937
620313
614615
463525
292625
588063
257457
281942
113727
294025
637654
285052
410893
591277
295134
141665
475669
296835
203276
24207
200330
415199
183525
300921
286491
253593
323254
102494
446452
257824
607235
411321
158078
139800
647235
457230
137357
458064
414647
392931
396839
47992
322803
371376
455082
28813
240515
332044
571827
70223
525674
113963
130934
351591
421182
537002
626857
42853
316023
496928
577299
110200
109830
261879
538082
366104
595333
573667
479045
89722
288488
395561
178196
359795
469938
641700
520796
442994
592089
458735
452661
411639
354477
107585
22635
469605
49986
37997
375475
233248
414226
614018
411705
181081
424666
553077
12736
521180
605928
66447
348626
127604
360435
410205
80204
277693
265451
34940
341662
47035
587843
1757
44185
434534
341326
27073
253508
268284
291212
230373
264530
527537
202605
605456
273067
18055
401966
350237
361061
27220
392190
365573
640249
513522
327389
28861
277994
590616
390446
173642
634115
7804
236572
208668
34106
521578
649172
191020
640917
582966
549893
415470
419203
274348
480747
25215
261820
119282
136996
321443
308774
100717
339673
539446
317349
255055
277621
299130
323779
158952
210468
73540
523569
626566
536695
191064
10486
109418
154330
611481
189676
191084
583182
576728
333413
1137
99421
381738
139543
416166
524180
655137
639650
84811
332737
424057
140322
385056
636805
351441
204814
498700
238132
632216
251203
456114
257336
18522
432999
136033
72639
414269
495050
289295
643789
523221
274421
121288
261086
149223
451209
190485
50936
267277
369098
249700
25988
75377
142128
426773
427601
227157
304529
103279
457185
148760
533988
9902
567082
647085
91292
593093
455516
539651
74331
50568
250994
244844
632790
430728
128360
182878
155859
154640
78940
550680
43048
212010
132924
449000
521824
653213
204563
232632
302419
338741
265451
393861
325811
99566
235322
84514
95204
313367
452883
153996
252494
253288
257598
494927
581302
455581
515715
18216
306577
620972
160134
112608
514601
338773
289967
282177
398488
73323
484185
627613
655293
73314
328434
86815
539895
248728
475534
467766
539801
110247
531852
56346
16991
37062
328684
56736
337923
516246
279868
193826
618350
413713
131486
28619
274243
351112
559259
420653
197071
223775
208604
201345
206072
285497
492018
430728
626151
614521
68554
33451
375531
33220
8457
298429
543494
219859
163849
63094
52180
174819
230417
109157
302618
647195
532256
630489
121860
178294
451270
582977
600343
340504
30400
287937
630462
330530
647408
344212
7373
530023
382854
383340
55457
561934
259990
93911
506543
49793
294330
19122
232166
265275
459941
593816
15930
272712
346051
309137
482944
499063
144430
593817
309146
89784
356589
466922
652387
158215
146422
300546
543852
631983
248704
199696
507162
97638
193214
591294
253479
575240
8670
75377
556231
18395
520301
403098
614690
218705
502528
293974
478859
396340
167447
252271
368102
363587
141896
203398
387759
574393
561450
515401
615070
515179
276058
608880
150158
69015
540884
372300
152737
599242
81275
530479
111051
554916
331252
95798
254961
132448
209167
63901
473127
54601
303941
131269
154629
590206
527965
501831
456609
226741
400873
199158
539220
10570
259205
407756
149232
60098
99894
523347
585375
405379
393650
377506
23437
297208
355973
388989
461632
50334
386042
360046
106361
257682
115586
549260
342820
269335
60494
602348
240278
537539
249670
636510
67755
56496
354706
361066
633147
329495
249039
104093
444738
185945
487462
111749
11467
402199
161660
228897
372536
35617
582485
613958
316803
507923
128872
230022
654357
611291
526321
451267
1371
318445
632604
399953
356094
420080
274637
310117
895
29217
587131
477146
631344
340326
97055
33399
614109
569818
127858
456674
196675
336819
371624
18343
262154
31939
159583
11060
242078
362808
133025
440793
652516
340615
514808
328927
47427
539076
43564
269867
443249
517837
140084
386313
15605
438222
310797
282670
126011
406607
468306
485086
76569
159116
363561
218146
310784
23741
120602
643258
611584
44537
305843
142597
53827
126596
98692
511541
70665
403168
191587
239397
640677
144712
443974
83592
480137
397917
322974
57042
191561
636465
403230
496818
309497
19444
352973
252430
154417
479922
537125
348180
559396
193614
269782
96458
442510
279109
228947
162867
56184
485712
338518
610110
97428
316551
571794
160534
176555
263278
129740
651574
159915
243857
448112
466070
426830
52476
592957
337631
535600
338304
73650
213345
456635
290992
503652
518071
140198
117225
370441
590801
212576
483551
387767
47637
156807
649329
572910
648933
597564
21904
242099
429952
304430
230147
370301
236464
307171
263414
435068
630660
308255
430131
63466
73941
184412
359550
285291
13563
424690
124447
37751
380938
431470
636298
226178
83986
616649
315555
294094
493458
396663
122690
322894
131020
67374
515108
425057
570259
79673
485434
644463
171917
41465
581881
76113
75206
430073
539185
110017
163807
449878
56918
229630
553990
313318
291821
650244
13887
66024
434193
622904
150813
362726
260900
351861
489803
615809
557926
369865
197173
615115
189108
132478
34407
607900
611741
10696
359643
472775
502871
620202
246243
209768
458992
441041
202956
206041
632603
383069
245438
323246
81017
131186
461568
254002
636022
410544
532068
526964
603482
162921
586718
429599
348568
189682
579953
287604
159428
137037
181075
635629
568198
337406
213791
479162
333775
581116
311525
145046
490061
224401
220758
515437
623485
388332
395788
342224
625752
96636
156781
452931
379086
306545
428696
25100
513791
385703
75958
4927
140543
276039
319147
172344
587137
324790
652934
458078
554162
636204
531583
418277
647910
523379
107222
349459
302110
450522
91018
69914
118692
277678
134338
207024
54377
607490
363957
566085
603824
434895
620957
374750
286107
220264
491447
374916
362211
145966
494547
275810
568263
180978
490342
598547
534259
71686
534571
216948
36208
196325
264525
562427
204537
565644
553526
289061
107597
380547
191299
93020
584277
647466
89304
271563
32831
51988
348063
204659
110966
198102
96679
465460
70364
448243
550599
177300
444182
238673
359866
64735
653970
464339
555956
477306
239744
404970
13841
232796
264812
313005
622994
17949
250326
376171
388166
520389
599095
139940
526927
455831
240610
137568
332895
603251
617017
300554
376192
200574
406148
60752
586225
133411
388708
193973
527345
490004
641296
614215
481657
125758
374070
411825
8751
604170
300657
275101
404967
596958
166408
491953
153075
203361
228102
106243
245984
377916
441388
464038
302694
310053
386232
563259
374174
419182
98731
518820
473748
580806
357801
379137
329745
177912
500230
147285
380969
348014
355645
589024
94789
237082
458793
583288
83598
244744
63038
340316
433723
191848
538335
524058
605331
293651
653446
585018
272879
417466
254931
517200
45141
137862
292415
445531
57066
539986
108662
531486
185440
79854
128824
115459
546347
484822
431402
224521
172687
597563
57160
629646
516488
140703
210175
394313
212424
501663
306833
500708
99876
300078
473295
278324
523569
46991
405578
464208
509032
354378
431660
632891
364664
48120
525319
280096
48600
407479
494184
316738
302024
39812
613010
96534
275337
57279
132845
550263
30762
277941
76186
87397
300691
327582
315114
106847
433401
7142
561676
376036
445579
555667
413876
226030
533263
360659
364089
