65913
66549
63783
72158
68891
64459
65589
69188
69142
64889
66378
61215
68085
64690
65463
59117
63743
67671
66012
63421
63396
65594
64457
66691
65905
62789
58868
66551
67691
66923
67584
66641
69388
65838
66757
70131
69084
62554
62562
65337
66382
65695
63810
67482
64662
64729
67709
67985
62400
70910
60385
74280
75492
65857
58784
63508
66027
64865
60708
63232
66307
66355
64965
69109
64968
67862
64380
64484
73498
61948
63017
59131
62786
64089
66027
69401
67465
63399
70738
65888
65568
70079
65464
62911
66448
68662
61102
74843
68683
65780
65699
62093
65480
66994
66517
68983
67425
65043
60423
61971
65996
66830
66473
60134
61269
63814
62996
66978
65072
63683
60057
67597
69029
68681
67301
61944
64039
67224
70189
64161
66824
62701
65007
63107
63816
68182
62623
63123
63984
62012
65441
68664
71647
64196
67452
71940
62294
66738
60247
66989
64430
64271
64029
67871
66657
62914
65416
63689
71971
69360
65285
62428
59838
69746
68598
66292
64471
65083
64289
61485
66428
64880
66982
70786
67128
64221
64332
62643
65221
63234
68010
69297
64382
67368
61203
64942
61274
64838
64896
63404
71939
68566
73675
63670
67985
63460
63638
64286
66048
70102
62214
65875
62581
66393
70105
61497
69621
62186
72572
63433
73062
66364
69940
66168
66372
67352
63934
69949
74334
64260
65693
68681
64008
63952
61686
64752
66369
63596
68036
69695
66492
65043
71851
63476
67216
66517
62352
64999
63899
64461
63834
61786
69751
62427
67946
65902
67518
62953
75128
64637
66650
64942
65412
73531
62571
71617
71422
62732
59187
71901
65927
70690
63373
64296
63503
64983
65352
65601
66118
67846
65441
66874
61972
65548
67988
65723
70404
68164
61661
66851
63132
61417
69183
62745
67634
66891
70220
64132
66938
66373
67150
62220
58742
65797
66761
66316
66995
68282
58838
60559
66573
69431
68720
67184
69856
67100
70186
69054
70560
66137
68080
70687
68283
63026
64842
65316
68126
60276
67700
65020
73712
60612
64488
65208
72660
67632
64175
59303
67700
61756
66466
67331
62680
73347
62608
68466
64972
64014
69359
66460
62284
62785
68426
69532
65487
63843
61108
68122
66613
61485
63795
62275
70034
58389
62597
69064
59761
66259
66137
62087
59698
61518
63820
63647
67094
65631
72170
59759
73647
63811
60547
56989
63368
72326
65948
64760
66567
67829
71284
71752
68082
65339
64193
69644
72962
70451
73285
66937
65401
64858
63890
69463
67691
68379
71217
64390
63781
63747
64355
69258
63917
67877
63260
65659
67496
71994
64476
71696
63318
64868
66679
64381
72160
74809
59302
72208
64188
68882
63518
65922
63020
59133
68006
67246
64984
60704
63009
60695
68842
66907
64072
65715
68236
66228
65657
61401
63256
61608
63963
62914
62768
70148
60248
66411
67342
65645
60570
67143
62272
64178
66882
73503
69776
62278
65123
64717
63510
65965
66639
69008
68838
66657
62320
63036
66933
72099
64946
68655
67446
65563
67458
63489
64690
64137
69433
67499
61201
69273
61253
72457
68778
64396
62647
71986
71750
63927
65492
64803
67086
64832
66052
71254
64172
64308
62090
62643
74117
65584
67152
61526
68805
66527
64427
65101
64749
73928
65162
70432
67317
66611
66449
67622
63062
65276
64551
67432
67563
64122
69217
67202
67400
69421
66625
62274
66280
69584
63757
58807
63695
68861
68921
62719
62124
66460
63937
64069
61357
62428
68822
62925
70449
63030
69249
67199
62440
69491
67299
64746
62427
66623
67820
63965
63761
70494
61154
67280
66743
67613
65787
62671
68471
65257
63958
63259
63440
68861
66753
66957
73261
72826
69334
62606
65315
66611
65824
68654
70242
64825
66738
60420
64612
64789
61190
61232
64783
64711
63695
69363
67445
67911
68332
64726
68846
68887
66485
65875
64973
68035
69695
64672
63430
63993
61489
63869
65541
66636
67881
66793
66376
61287
66072
68757
65496
69941
60449
65940
62114
65088
67122
63492
66986
63194
70197
63206
66234
61810
65462
68712
64414
60632
61778
65544
66235
64332
64977
63656
64707
64017
58496
60365
71033
67732
65353
67291
67768
67356
63372
65065
61895
58455
71617
68158
68727
62582
57173
65832
60306
65514
61756
60293
62597
64435
62935
61529
69255
62497
71505
66110
67788
60927
66547
64126
65627
61398
68414
69257
65619
62105
66837
63041
61244
67154
62479
65625
65025
66235
62321
67699
69334
63246
66395
62617
62473
64316
63470
69668
62664
65924
62553
62975
65117
69955
62172
61900
66115
67894
65651
65086
67201
66244
67839
64169
60870
70249
67132
73252
69114
66115
68570
64722
68327
69954
67784
61990
68983
57808
63301
68186
66162
67239
68062
68394
67563
64445
64384
74647
63986
62803
67532
64567
76345
63798
67371
67419
65338
64570
62983
64533
59225
63951
63744
68681
66568
65581
62984
68634
72584
66874
65783
66192
63951
59969
68495
71665
71449
67891
61911
66851
69006
63940
71556
63907
69186
66260
62817
64135
62956
65341
67023
64409
66204
66518
76298
65461
67761
60653
64058
63413
69622
68743
70294
69840
61911
62998
64890
68325
61654
65168
61119
64360
63895
69097
61259
62359
70824
73840
60008
61231
60664
60136
71626
70561
71176
65466
66533
75414
62971
66200
66492
65075
63597
68036
78827
64186
62382
64063
67205
65529
67778
71527
63009
68069
65602
63111
62545
68949
64253
63153
63101
67900
61535
68474
65220
64909
64766
68844
63885
66009
66103
67417
63732
70512
67859
63151
62580
72622
71235
70062
69805
64350
65450
69925
66614
67603
64714
67117
62954
63803
62258
67667
65767
67387
60891
65388
66754
61610
65765
64786
60173
70689
62309
68094
69551
64602
65654
66145
64203
67082
66018
71603
64871
62492
66456
64619
66665
70063
65890
65970
61776
68145
67572
72327
68168
64842
65622
61962
67980
70630
64287
63316
63555
65370
64251
73695
60858
65568
67857
63985
67222
59683
65337
67312
65487
65555
65691
61880
78926
65859
67050
66822
71957
66066
65451
64013
60734
69605
68123
67801
65078
69754
61137
63975
67155
63198
64073
59708
73181
62104
62228
67416
70644
68023
64161
65711
64944
63007
67688
68311
62617
64289
66949
63614
68128
62810
67962
73118
64241
64162
60144
63369
65220
65789
67028
61010
66311
72673
65663
66921
62371
65240
62860
65613
65597
64383
69673
64587
63807
65168
60934
65803
62720
67122
71766
67387
63523
67478
64567
67353
61246
67240
65490
68798
68000
75410
67501
68957
63709
69350
64187
65802
63463
68061
70035
63184
67168
62108
64597
62610
65725
65522
68407
72103
68686
61437
61323
61124
65956
65878
64038
68094
69131
67100
63373
62135
66278
63259
69264
64827
65427
67318
62910
67063
66910
64299
65384
62213
61594
67347
71273
66568
71036
64395
65711
66058
65575
71544
70456
64745
67196
65827
67766
67721
62898
70186
64012
65289
62095
66790
56512
59561
65224
63219
63343
68642
66676
63635
65473
69074
63940
63675
65174
68200
69398
61327
62440
66140
63132
61636
64902
63503
66808
68587
68290
63654
66175
63650
63013
72376
66265
67441
64217
62053
64754
63948
63452
65825
59338
63094
63247
64025
65522
66817
68693
63226
63625
62375
58657
68678
63417
62346
65708
67145
59739
69138
67673
64809
66855
67543
71701
65134
61163
69961
64441
64211
66332
59821
68027
61414
62338
60361
71531
66403
64803
64515
65490
62206
66347
63228
67201
66175
62972
63526
68981
63952
66282
64989
66989
69257
64994
64985
65558
65482
65627
61917
61490
63194
68173
63158
70137
63117
69705
63485
67633
69426
67524
64397
66793
62177
72395
65132
63351
71398
70620
66426
65864
67208
63512
64240
70124
63712
62148
65444
65005
71508
62892
62378
66392
65797
66185
67043
63130
69737
70811
61983
68564
67103
63371
67261
67822
61606
65077
62220
70387
62033
65230
66625
69681
66155
62894
65089
61835
65178
65314
63498
71402
65865
65854
64969
63490
61016
62110
66557
67985
70176
67985
64108
67596
65953
66938
65084
66362
69329
64437
66485
63054
70353
63497
68565
64824
68332
63265
67510
70230
62175
66462
67993
62034
65670
66020
67671
67586
67105
69505
65662
64928
66858
69578
64388
66647
70831
65424
66244
64498
63628
66155
67919
69343
69231
70600
59464
61862
66307
63733
67721
65050
72742
65420
62739
67891
67753
66707
62083
65514
69913
66057
65076
61651
72327
68085
63299
72536
66720
68795
60932
57337
69962
66016
66163
70450
62612
67768
69604
71752
69022
63879
69237
61033
61698
59763
64435
63388
66956
71738
64343
62298
72949
66108
62303
65724
70276
70536
67004
64107
60576
63143
62489
67437
69898
65469
66519
64237
62823
64035
67490
67244
65547
67604
60403
59670
65891
64445
71126
66256
64799
68650
62897
63272
60396
64067
67881
69986
62626
69400
65344
68047
67309
62514
63266
62251
63341
67942
64616
65920
68693
66032
68611
68321
67923
64203
67807
59562
63452
64332
62317
64833
70716
68823
64534
69799
67287
64917
63813
61428
63649
60585
60712
65610
57405
76389
67349
65738
60496
62133
67276
60538
69713
70017
66092
62918
62837
66520
65866
59016
63909
62051
70994
65394
67657
63971
68836
67249
67331
71475
69134
66176
67800
66286
64476
63611
66286
67271
67552
65969
68954
66253
66604
66378
68089
63319
64142
65423
67904
67252
66206
64961
68902
66724
67506
66712
67493
61956
66558
60718
66416
67753
67229
67979
60071
68604
63519
71130
68624
61707
68504
67706
65836
58486
62676
59628
65987
64565
68178
66149
65190
66461
67283
65231
66326
63001
73361
65167
68728
62650
62003
69105
67688
64886
63331
63346
67399
62522
68397
67423
62309
65627
69038
68556
62205
67257
69618
61535
65971
64729
63597
73577
65998
69844
75998
68003
61842
69095
59976
70456
65844
61447
62249
61975
67512
71787
65380
66509
71712
62605
71106
66653
69268
59002
66465
56552
65872
63959
65639
66555
72130
64513
68079
63989
65677
62504
64924
63552
61127
66311
63527
65085
64171
64750
66679
62157
73193
62927
58790
64984
62216
66918
67339
67511
66075
68835
60605
67338
68143
63789
68329
64178
67931
58967
60404
62351
69897
64439
71278
69144
65021
66315
72408
61243
69861
60807
62755
66649
68141
71108
63130
64191
65128
65097
67647
66101
61453
65968
64540
69325
64195
67657
66683
66358
66236
62205
62788
66273
62344
66673
64828
66568
65723
66591
66610
61950
64809
62697
65571
63731
68173
63832
61919
61311
59205
65143
62220
66894
68508
67130
62875
65163
65015
69423
64054
68037
63841
67740
62022
66293
68621
67745
65426
66372
67266
63286
65010
66484
67920
62809
69447
66646
64343
66375
65488
63749
69694
61391
69575
67153
63077
67957
61541
64944
62373
69602
63865
56596
65368
66602
72025
61718
64312
63701
67263
61431
66528
70339
73932
63920
64728
63649
60849
67322
69419
65886
68894
68522
64632
67923
65295
62282
60772
65840
61805
71103
61756
69253
64247
63848
63336
59360
64292
68832
70581
68591
68496
67080
67656
60553
70891
58944
62104
63447
62964
64578
66759
66130
61828
63483
64301
64910
60902
64141
65217
64530
68604
66576
65846
64403
69945
62011
68160
72507
69795
63188
68665
62869
65580
67712
72425
70728
67236
63731
67157
63236
68238
64996
67119
69378
69782
63369
65968
65457
65702
66034
69294
57344
68971
60938
64533
61468
65015
72284
65722
66085
63887
68391
70429
67034
63207
66693
63134
61117
70248
70762
66148
65217
66265
64800
65745
68065
63344
66352
63760
68717
61346
65179
65389
67404
71901
63579
70339
71130
62543
67058
69697
67544
68106
66308
64684
61609
62615
65826
69915
63960
63589
67176
62379
70541
68694
66481
66612
68159
64770
67471
63081
61767
64243
62906
66077
62994
65062
60833
64012
66120
65091
61267
67163
67396
69930
66552
71932
63266
65345
68003
65269
61963
65474
58632
60875
64794
67069
64555
59607
68403
60901
66888
64965
61289
62989
65702
61406
69011
61223
61048
64647
68195
67710
68556
70023
63628
61413
67434
64745
64304
65797
61633
61303
66135
67085
61443
65433
65493
68198
66239
69413
64312
64126
63225
72042
71525
67416
67903
65357
64658
61745
60510
65448
66333
63672
72625
67322
67725
70309
62874
65678
66762
64901
63484
68865
68454
63248
67379
63632
70694
65932
65996
65911
61963
66106
64719
69885
65962
68939
63503
63128
63541
60219
64199
66669
63731
66070
68455
61634
65180
66940
68754
59577
62341
65369
66661
64737
71578
65944
63011
69064
72385
69287
67052
62753
66111
61839
61804
66147
60180
61091
69327
65395
61528
66887
60926
69813
64961
65888
66088
65187
65747
65397
63366
67823
66519
68842
64158
63283
66587
67939
65899
61034
63815
70281
62949
59734
62811
63971
62389
64419
68181
66693
65975
69209
66795
64245
63023
64077
68188
69945
67330
65306
61749
72041
65872
68561
65118
64553
60976
70345
65267
70135
60944
62614
66302
65806
64371
65138
63103
65143
64055
71982
67579
70829
67037
62606
65582
66153
69250
62011
64404
70338
67339
67304
63752
64998
65132
68660
66074
65780
66135
70353
69694
69401
66477
64105
66250
66661
68759
65395
64404
66333
64133
61562
64156
66748
71072
69572
67189
63225
66659
58682
65880
65346
61963
56797
63694
65767
65543
57719
64485
67550
61580
68848
62335
69520
70824
62256
63769
69051
63198
58541
68950
63017
69657
70357
66768
69203
62394
65022
60624
61822
69336
70795
67362
62538
65496
62422
64138
62268
61363
68190
63400
65798
65517
64353
66432
67371
66545
65894
66670
62493
64512
58979
64631
69744
62272
62518
68779
62790
64192
63297
68894
70054
66807
61844
65013
62102
62738
72883
65537
62644
70345
67748
63284
61892
66887
62827
63007
69467
73228
68122
64630
65342
64422
68422
63293
65212
67898
69869
61230
59653
66112
71182
60323
64233
61155
65529
67876
70764
63694
63852
67286
65592
67158
66391
62884
73202
68038
63999
59203
64069
62724
59992
69401
69326
67607
65408
62487
68284
64598
61343
68970
67420
65324
62994
65336
70408
64710
61567
68698
67378
65299
64811
74644
67285
65150
70226
71057
62090
65263
64083
65445
65619
62858
63935
67749
63811
65876
66909
68930
70073
60067
61864
65792
65072
60927
66002
68012
65822
67609
65027
64187
63057
66817
69335
67386
62462
67393
65973
64423
63354
59152
56637
68185
65972
67659
58073
68055
63433
65317
65260
63901
70072
65043
64879
68554
62838
61761
63821
63601
73391
65134
63108
62990
63727
65387
61600
67846
67232
65002
64153
65856
66404
67514
63954
70394
61321
63701
57840
70330
62917
68905
61592
61066
68803
69667
63583
68491
61504
70490
63645
69763
64915
61016
61292
69226
63850
63479
69033
66381
67763
75794
60691
70440
65118
64266
67141
60175
63676
59354
68909
66725
65377
65200
72351
65374
61821
63874
64067
67115
67193
73484
64052
60586
69805
63409
67883
69601
64468
66764
65742
67971
63165
65012
66459
68869
65765
65688
57491
62126
68840
67438
67907
61035
64428
65099
62130
67737
61017
58490
64018
62873
63471
62542
64845
68512
63047
57929
69283
68775
65241
69231
69278
67015
66657
63695
62961
71935
65944
60560
67652
64512
60981
66891
64972
64581
65245
64094
61486
61048
61232
71764
66417
65499
71496
63873
66209
65805
63129
67981
62769
60451
58920
66865
71398
60019
62677
69977
65572
64909
62817
60959
60831
66651
68586
65405
64856
62733
64444
59493
62953
63137
66375
66053
69010
66592
65896
63278
64780
65583
65913
64273
67114
64571
70571
61176
63892
67223
62528
68372
66526
61580
60782
70105
69408
63758
64534
70532
69421
65098
68513
64963
66305
68207
61292
61584
63668
68941
69375
68394
70055
68865
65211
60251
67861
65578
66736
66519
69162
63583
63728
71096
65955
63848
69057
62365
65499
72071
63651
69177
66528
64365
68800
69766
70063
72524
63782
70051
66151
68194
61313
66230
70149
62999
67149
67964
62812
65303
60451
66707
62354
65250
65598
65528
59408
63396
59725
60781
63318
69322
65611
63068
64703
70026
65505
63717
63007
66125
67361
61958
65998
67232
61960
68226
64897
65790
71343
70373
61241
62931
66243
66774
62535
66476
63938
65902
65535
59180
66785
61725
65053
67850
65286
64588
68094
61752
63565
70151
62916
68384
66027
62273
60342
63097
65124
63429
71025
67400
67047
66327
59649
63077
69684
67363
61477
65035
60728
62461
60423
70493
66733
63833
64800
68643
64171
68454
66343
63437
63454
64104
72776
63461
63455
68635
65430
66124
65114
63348
61969
66080
60017
62258
59368
68016
70030
69903
64733
64360
72917
63165
62947
73890
67111
60483
65180
65909
62715
69212
63589
61198
61796
68034
67683
64412
65977
70818
67903
61538
67592
63458
67095
67240
64295
66664
69342
67890
74587
64337
68315
66187
65956
63535
64672
62430
67068
60653
63459
66532
80027
64328
68315
64867
69465
66794
62292
66261
63077
64771
64529
70454
65259
65001
62004
64755
65936
68167
67403
66066
68298
66591
61511
66197
64274
65234
66324
71018
65455
62621
66758
65885
63271
67280
61388
63852
60585
64323
67790
60937
67173
66531
66542
66237
67623
67345
64449
66201
69191
66867
66754
66138
66505
69148
65241
61845
64436
65480
68804
69402
68069
66008
70345
64071
65514
61386
63907
68200
65123
63459
64599
56920
66251
67354
66957
70207
62866
69945
66472
63511
62982
62326
65314
65890
70455
68716
61407
65693
71886
64789
63944
63704
70272
70753
64134
65983
65548
61450
67836
63436
76384
58702
65992
62882
71681
65365
59429
62233
65573
71522
71064
62965
68261
64984
62797
66744
63802
67221
66685
64015
62444
63209
73275
66252
63533
64259
64338
68299
73915
60341
65024
65464
64742
69755
67637
63395
62701
63044
66701
69222
65787
59745
63859
67804
73225
73081
65780
67462
65266
71628
60369
60958
62844
67021
66533
74237
62899
65028
72108
69955
62209
68283
61799
65619
64306
61152
64258
69280
63755
69259
69756
62263
65543
72185
66471
61764
72797
69785
62227
62404
63112
66579
70715
69311
63560
70432
63099
64089
60243
64563
67625
64323
65834
73423
62023
61759
62624
59669
65922
64114
65801
62383
72664
61135
67602
71102
65380
67319
62766
67392
67023
63820
60163
59428
71512
69372
62533
65297
60586
62481
67101
66445
74246
63085
59879
64710
64213
61758
66985
58517
67872
63498
65951
72340
65198
67429
73166
72343
66787
63759
73553
61593
64434
64200
59289
63631
62001
63431
66181
62995
59488
64788
67741
64719
70820
60123
73924
67059
75985
75109
62142
63857
63589
70594
67970
70234
69475
62774
67382
61610
65487
59527
67953
65696
67042
61814
62335
64089
65928
65301
68222
67023
67321
67604
66329
61873
62673
64541
71819
63996
68962
66533
68275
62171
65799
69880
67638
78502
67371
68156
74334
65691
67018
64246
64431
66496
73174
69210
66239
64749
69410
65738
60744
64927
73709
66469
63030
67325
64369
63709
62199
71377
65982
68380
66813
63254
67315
64299
68227
62959
62351
72771
66845
66452
70577
69701
72937
71395
69425
63391
66116
64467
63956
64411
60753
66039
69783
68811
61194
62934
70294
66014
66831
67872
59363
63831
65784
75996
65097
63077
64277
61488
68126
62669
67063
63812
66891
64186
64556
69540
64611
63095
66396
68062
69556
62745
67527
65280
69600
62888
64927
67525
63518
62659
64546
58643
65931
68546
58563
65399
66721
63546
63095
65533
67522
62966
60929
66075
65760
63632
64344
70441
62059
68853
63540
64888
64034
62941
64805
67454
63363
65875
65877
66382
63761
62137
59119
64347
67838
62373
67629
68984
69194
59669
62996
66053
68134
64031
69864
68010
63285
64479
65178
67636
58895
62369
67428
63174
62504
68650
62529
65809
63760
70867
65618
68553
68686
64977
67649
74722
66260
60289
69222
65419
67865
64667
69948
65519
67794
66620
68327
68056
67283
64835
67011
65591
65113
63174
64585
65904
62059
62483
64166
64794
68107
64780
64618
62358
69560
66162
65158
68983
66552
64816
59879
68416
60524
67347
65508
62665
61559
61016
67581
63814
61961
63060
63335
63316
68454
64684
62996
66453
67887
68512
67854
60475
67483
61676
67624
62396
65370
65215
64461
63975
65800
63278
64229
61359
65604
59234
67006
67418
61163
60935
65167
64590
65210
70130
72499
66819
60973
64167
70729
63255
65245
63398
68732
68585
62647
64214
67381
69101
63795
60554
62675
70888
68297
58381
69164
64248
62266
70463
61953
65580
64273
66699
68884
65623
69937
68095
67862
72078
69057
69711
70522
63090
73957
62853
69446
66001
65913
65333
68506
65483
60551
67044
60395
66378
66683
66780
68325
69455
66600
64088
63968
61286
65054
68501
66199
61428
67703
64195
62680
65988
66427
65929
70576
64698
66432
73267
65578
72020
64936
64903
65163
66520
69928
68374
67054
68147
65929
66683
65347
65649
63283
67683
66448
64837
73125
66833
58406
64875
67048
66631
71173
70224
67230
68294
70018
61329
67584
62748
62944
74043
63302
67964
63330
64187
60890
63369
67742
63859
65379
68548
62866
62150
63365
60183
67285
62905
63707
74400
69439
68134
63843
71099
67508
66559
67056
68958
68673
57287
61646
65345
78084
62374
65351
64998
68564
66759
68572
67011
69099
69247
64640
66836
61778
65774
75650
62126
62946
64358
64751
71514
67790
71663
72026
64711
60456
65951
66815
63162
63090
63901
58294
64550
68415
68563
64910
63189
63749
65157
61671
59488
63002
64470
66037
65914
61342
66981
61454
66900
59219
67164
66253
66763
64196
65667
71615
59678
66348
69137
62947
63183
63366
64482
65499
60654
67187
63989
67487
58417
71236
61994
67694
63146
65272
61842
65863
63584
70364
64103
60686
65940
64951
67048
63513
68294
69942
63712
64035
66989
66540
63607
69788
65788
61899
69638
69409
66888
60771
71277
63244
68687
65556
65030
63575
64945
62871
63342
67341
67914
66980
66753
59033
61736
68665
62933
64064
66377
63901
71049
63419
64102
67040
61041
60494
63780
67675
71261
69645
67692
63627
64764
69140
63311
65509
67622
70104
61379
67964
65986
65459
68693
63264
58002
65561
68037
67189
64913
63962
74774
68912
66890
59635
63853
70096
64140
60768
61474
58975
61113
65537
66566
66867
65448
67464
68615
67082
67737
69648
66433
65788
63590
70047
67162
62647
70634
67614
67973
61957
62224
64421
63900
74326
63548
68292
66877
64184
68046
65829
64928
69686
64372
63471
65115
68874
62894
67003
64927
64989
70431
62613
62992
66063
58521
61256
64758
64607
60429
65979
68403
62896
67001
72095
69014
64795
70506
63063
63838
69157
66474
69246
63929
63259
66044
60752
59947
66530
76952
64714
70436
60693
59981
63660
64319
63399
64898
61415
61634
64808
68718
66081
64523
65131
61029
64585
66781
64873
65540
63289
63145
62117
66005
62469
66226
62903
65126
65550
65070
67284
67727
66726
64696
66638
71002
61736
62182
65832
65550
68223
64097
63258
63853
65694
58031
67936
65449
61916
65664
65288
66711
60020
71536
68577
66029
59801
62339
65791
63321
66634
67107
71838
63972
62339
69566
62161
65433
68108
63186
61694
60676
65261
65780
63915
66379
67568
64878
64958
63601
61341
65126
67016
72331
66911
66817
70354
63227
64539
66533
66797
72982
72041
67664
72185
70227
65211
62759
63836
63033
62426
66871
60178
59980
69494
61717
61189
64006
61738
70643
65952
65002
70644
63701
57558
63130
59087
69639
58775
58954
63684
71010
63383
63153
63324
64920
66882
66848
61888
63955
67029
71671
60391
70153
62499
65588
70030
59752
61389
70347
64548
64757
66666
62196
65316
64148
61116
64305
66109
69276
62755
65282
66781
60698
65893
70399
59600
68413
66332
60143
65663
68971
74206
65607
71765
62123
64729
62083
65730
68952
61529
63009
65107
67270
63906
61162
66425
60073
63941
72413
72444
60738
65826
65629
63661
65001
67813
62438
67623
63026
60158
72602
71028
65873
68034
68199
70111
62587
71000
62090
68563
66227
62810
62203
65498
69799
64339
65416
64628
72104
68762
70478
61574
69831
65490
63930
59994
66551
64491
67608
66228
62865
66376
63678
65829
67540
65611
61595
63191
63812
69894
70131
67272
63063
66440
67653
63617
70188
66533
63805
67296
67144
67192
64179
67322
67316
65444
74817
71918
63449
67551
63130
63682
67239
66131
66908
64239
60979
64900
65760
65160
62459
64473
65913
67089
60344
62554
64679
67715
61400
68263
58890
63234
64625
62563
68288
72341
71628
64210
71513
64493
66044
62585
64221
66285
65926
64527
74047
64919
66199
64788
62199
65113
71071
65847
61077
64404
65109
68096
62223
59907
62635
67591
68595
67264
68825
62148
67067
68473
68655
64720
66618
65556
55630
68302
65825
71029
65769
65114
67099
67467
70284
64448
70037
67695
63347
64850
64782
64939
68889
66320
60448
64452
65080
63421
66574
65749
61564
67115
71895
63629
64587
65870
59375
59762
65429
67786
60560
63611
65104
67190
68701
63997
61135
69389
66256
61150
65384
63076
63435
63058
63570
65649
61789
66539
67952
67242
67089
70047
64851
63054
65005
61783
66158
63087
67351
60168
66079
70210
68793
65458
62259
63865
61424
62983
69950
62072
61325
60110
67856
65618
64242
66308
64410
66944
67290
62979
64857
67121
64119
67827
67088
66181
63943
70941
63078
61080
65401
67053
65767
61475
70182
65651
74239
61495
60084
64311
64700
67385
56994
62161
68700
67527
66175
65043
64184
65569
63493
63237
64922
69491
66347
66161
62610
62752
63730
62823
66982
68777
63398
64792
63596
67073
68279
72527
65326
70835
63867
68119
70967
64602
64175
61625
64094
62993
63582
63794
66422
65296
63351
63179
62615
64615
69127
72766
63954
64912
62349
70828
63218
72488
66161
65761
70658
65828
68198
64521
65912
63434
64075
64662
67562
65640
68327
58131
65490
70037
58256
69589
63425
71356
66862
59597
63965
66119
67416
65624
69257
69302
65287
61680
62532
65476
68684
62619
69540
64518
60603
67699
64787
64553
74293
63062
67332
66437
69243
68522
68397
68410
62587
68348
67551
68507
66568
66475
74565
69827
68214
65326
68822
66884
62011
65789
67120
65369
67901
64511
63863
63161
59106
68934
62672
61750
64699
65018
66297
63386
72683
62328
63180
63769
65363
69666
65431
67007
65300
61660
64194
68077
59708
70486
67231
64397
64419
66970
68936
63201
62026
64200
71422
64782
62279
58543
66155
62747
64606
63655
65191
65807
65484
65562
65991
70341
63277
66143
64592
65218
62262
62976
64109
67601
69198
60004
66125
67472
63236
66299
65677
64453
66206
61850
67025
65115
64241
68157
67086
68531
69163
62700
64385
68367
64338
66314
63812
67211
66290
66597
61907
68061
58390
69592
