228819
609278
396102
433645
95906
40334
574367
100051
517100
229469
607494
269712
166852
551687
179230
61255
182507
632757
507660
151269
312467
351940
128100
26892
154430
545936
403659
537945
252559
616979
88457
540249
374390
22301
474225
568284
620931
108263
37796
419354
439195
282547
590313
371415
183321
252320
403683
399888
188951
328137
503190
620712
107003
256038
379066
126920
258951
506100
95382
134686
44358
287106
137832
499957
136407
194318
107040
33271
180360
444377
341247
313848
217655
473230
81014
378102
351523
201676
420720
398376
360148
603437
569254
103366
325722
440070
123799
63448
609831
492648
186184
4646
545660
275006
638896
83837
185056
154700
219528
524335
314609
306335
429397
448193
84569
636293
252167
48349
51923
342761
100006
235466
445877
504344
426288
619971
122222
364189
285974
91248
562348
39431
74909
289731
172099
267699
453133
583152
519897
190312
236064
584174
19751
352816
38719
117761
513857
162773
43009
79310
567921
338411
79671
255772
271025
78895
111517
465276
615127
534800
649711
640005
369927
341526
546753
298722
458588
26084
124339
66443
143374
76462
81383
535007
584120
63547
532181
267956
30376
485152
524625
643231
484691
214474
397948
136041
213279
612939
20684
73305
196601
151231
207305
396854
553217
459951
415992
592505
36439
91106
396156
547119
575168
556849
254302
575765
185489
314793
628532
23246
170584
302848
527683
225174
619004
544405
90523
461695
294098
314966
181751
69308
152370
207167
374082
63883
3257
403292
73376
172495
131059
588321
199861
65682
442419
139145
164958
291705
490359
127388
219029
251962
82801
537091
290514
281941
124255
411693
618551
39435
405552
178061
477858
558902
642386
444997
558363
34432
232875
90703
430814
239319
586977
635762
52828
257583
515534
386566
401721
35572
577910
186888
398431
46339
271836
164834
420148
520346
623282
266006
528559
853
343451
365738
352974
209834
365598
536300
423308
250538
286054
615300
114083
41869
34907
455816
653775
616438
347583
528227
205175
488885
364805
178365
611236
412972
438839
287329
216416
519330
568538
218425
574062
137255
183290
334172
481739
512883
481462
555037
97472
467528
448827
421274
169092
135130
211482
125178
298738
180422
429866
282429
506942
634064
234970
478059
268527
304382
254709
171506
525580
641643
443673
71944
522581
161386
78169
199289
69609
397160
479820
446783
238635
263634
177127
82416
197764
294419
166042
20493
437204
580961
415575
602320
196128
23018
63010
262403
371106
430253
76869
63432
274584
81356
337285
250490
189137
489593
480667
202666
251967
541973
248265
12528
33500
70360
20002
114287
113935
645932
449273
49524
367739
545281
373096
508366
631332
146128
170867
585861
52710
226943
464151
101217
623289
65271
354461
351351
580568
294534
100646
17969
411159
81327
137931
185539
466439
361315
316652
616834
143254
180192
197134
285987
243628
225284
39363
609877
625145
486631
544287
345340
195936
99903
559335
391301
393401
502116
601140
465213
291610
449467
202932
133764
266856
602387
44848
58221
547382
595164
559291
520008
624611
216376
573967
271883
142212
389849
88023
160629
436117
190060
144618
247501
221593
354529
42445
295841
518222
599876
72851
211764
13736
31760
145591
573988
118574
466679
309608
224117
418422
560842
119131
432821
477574
238413
509266
453242
66299
619251
260549
218584
116762
383933
57672
353109
632325
266859
385454
243936
117283
613545
401638
384382
435342
245209
204854
186110
390488
361204
140149
272479
98528
23386
74341
56052
7739
27922
97835
462186
613727
33247
450358
191270
450299
140158
367601
279342
452088
562374
196770
198638
447852
257514
311496
586816
99834
489218
141108
72413
550837
163037
147835
168681
633839
122350
38059
136933
510779
491970
167752
457921
119895
643876
47779
412808
643107
372355
236119
5275
340745
422352
635815
200496
653430
614418
410750
129402
60930
350248
158531
158214
455916
326546
133927
451347
352199
312761
65918
312822
192531
127714
140694
87205
303162
86892
481242
124136
149422
20874
193195
232148
402763
419388
89788
477155
152223
609769
456528
556675
3302
574587
520788
537579
634797
390949
74209
254756
130299
221565
638345
113026
526339
46050
3847
117907
160391
645936
254282
613651
482160
227658
109947
247271
465440
578934
284402
639426
253473
153221
577401
366832
465924
135079
487456
22349
446821
188154
535083
327331
234169
27105
229383
605983
424995
621915
133691
586490
232283
84113
201707
212343
24495
143949
509890
109759
460550
468901
341155
390519
186229
84060
456632
347226
534425
632429
540154
389776
426593
461787
58732
94870
448555
384869
625330
43933
595715
546680
628274
310460
637013
150549
328159
283054
550462
39091
53003
81824
291055
637879
404717
31825
623845
435857
632999
39927
559284
581316
433929
473472
196920
264743
329746
404074
173629
290393
279072
335899
573769
630611
280485
526017
437177
503133
256499
392090
597487
177216
512045
374629
310153
110504
528973
70022
219542
516637
116747
636849
173458
244500
393043
314313
38108
241607
465216
7085
505512
230960
484965
192254
197446
496268
321246
646189
299440
456010
35835
191730
650016
437015
584768
158328
28743
424662
371340
135978
271358
490873
505580
13971
627625
285877
158520
455927
86693
242892
351686
324013
82045
384472
99454
428663
32362
560271
570906
583367
278199
371407
79253
652800
87803
50753
236327
103147
327285
402478
346267
638170
225110
352469
53222
171143
489515
649766
271925
83613
121246
440616
412082
266918
147050
380103
93115
266534
60530
388693
593088
415381
372055
360086
582775
324007
73936
86125
433265
417321
485905
7714
420861
276212
464735
392408
232927
469244
615156
623098
535719
587073
404659
377525
603397
53791
233764
155474
84701
75684
550211
4379
205348
221385
453826
46254
396145
511339
544055
330712
223435
211846
585769
468515
44337
559477
456117
309915
528848
67755
240547
587397
16723
499200
227246
113482
431414
610648
394897
389842
512940
614115
480031
318811
458146
126617
307384
505827
154039
570068
556889
571399
356400
542216
444067
97690
480035
467700
356157
161035
646045
550541
650119
20531
445100
463705
381441
296673
468474
576127
182131
636436
160803
20535
430125
155289
269186
405111
209751
252490
454333
399648
224524
151902
455383
104018
204750
367942
270833
44551
115352
478272
592410
64273
65817
35485
212261
48143
411595
208824
568935
460513
355027
296522
350852
395286
322521
412451
344293
420689
270250
551106
248642
368641
226821
653063
90418
485953
353182
37033
621184
354589
80891
107248
145992
64383
297455
430052
56728
171942
394819
411513
524715
108334
58030
344754
584132
602912
151800
443858
524771
287979
39918
429233
372080
219053
112826
543636
81445
27646
335297
611464
2492
45
420002
68719
607726
65668
55261
502184
564667
146465
611847
133625
521860
469344
55120
99193
38053
423211
311882
220321
497938
60706
653548
28054
414540
311217
338536
586839
235237
401533
444229
491662
561857
195287
271100
90179
126584
74129
105312
14525
269542
572541
240402
475710
357779
37686
579272
108005
335187
180406
326458
482296
226849
47894
512518
110800
630427
114127
9494
277124
399621
634589
287511
499100
34960
74814
285407
495194
440897
525116
593468
74827
614702
290520
208613
586990
50815
625085
260271
39888
522550
110921
481472
11355
3689
419756
248126
536284
644011
354719
187782
71338
45662
442792
192733
538901
525603
78635
593108
526286
231670
266139
569695
49534
34649
403222
301707
521668
557540
611604
469159
612518
125127
615992
401524
571093
335333
302074
639753
488499
515472
138096
207725
609472
497868
314438
41055
531900
482306
2511
364418
298480
264784
636364
152945
611630
570744
421749
249832
449148
604326
428775
25427
89457
140525
253334
591257
248964
59401
9701
646426
123713
262095
491404
418609
440184
331824
6528
282198
222824
206664
632988
397099
143600
604545
128756
467216
343266
143062
536855
116244
543793
378445
66010
96174
335685
338584
192830
4942
142227
174226
394628
497932
64570
548779
202832
46074
254994
293897
21275
415968
221932
183224
454782
132922
516331
63975
514709
314165
16562
340174
160932
648387
296085
118244
443835
296358
532294
115148
68265
625462
554695
483832
293642
617133
170442
307414
106629
395670
457694
108453
490211
66730
224387
376015
475896
12423
334792
410230
270620
510960
312860
283076
275729
430982
511740
489215
353613
464103
456824
513153
644817
195802
398501
599125
57390
511800
639639
445897
637064
260222
270277
522330
508928
558100
464663
202053
81712
553503
494471
32167
168997
635511
517997
560365
639599
409700
444104
448167
627546
112699
632052
198534
369912
13035
533325
558433
79927
299574
295670
301930
309872
160032
277081
537246
54341
336519
103331
179043
161330
349437
49755
471705
40587
262578
571368
144638
514309
308598
481346
626993
7153
634903
479402
338354
37655
321004
544225
129420
3348
143769
533750
293729
222652
48049
142197
227058
316822
300883
589819
390980
41606
368761
350219
611254
563591
469673
497313
584067
22129
142299
182369
171135
228421
58288
143027
328560
223856
371201
580071
208302
112578
649644
175712
158704
362986
286513
522437
290444
204649
131730
470174
641821
315937
402095
342115
601102
452340
331516
642078
544114
302717
188193
253219
175664
594162
643558
332487
587365
248849
50192
136314
326007
48888
437093
151825
450737
43814
545824
118477
100854
464714
505953
340928
105526
554085
550544
385937
567364
193312
19060
591204
260917
413366
337068
160386
277345
586095
128944
4422
199213
20677
372341
121458
7380
107938
226369
380041
77647
530968
404661
237894
296272
21360
299111
397590
138248
351378
183534
546879
217130
48802
30332
281278
343706
630009
1571
46471
608409
224667
32317
154090
25416
273453
543232
482236
654502
150015
360819
100727
51645
238719
272870
287279
456017
357367
462771
475610
127566
479207
519600
70143
651410
232972
453861
286073
561078
491024
392023
376901
628966
227552
360166
232126
369360
109542
527738
647642
243368
417237
224337
388402
310845
422226
86489
391915
241560
162833
561001
155808
280504
417801
599646
20488
84073
398502
319852
2293
626270
486668
145786
446472
345330
197207
242924
243778
333500
631686
637780
82856
506146
243277
322838
532745
314230
472294
139966
391569
527643
653893
276989
223890
600508
578601
605209
616708
200234
81119
245786
544791
466991
478847
132312
51576
641928
562477
223706
341624
23720
459389
152901
108837
482769
122178
554380
377819
61495
381048
53448
405398
353161
204794
70519
383904
480131
70175
651272
146243
96739
474401
135763
640891
306486
603035
574017
99046
171886
169797
547810
382234
207446
582078
655267
216999
494653
17669
458735
81325
178993
235196
73213
630231
610185
80764
479458
653170
108985
527544
115275
363125
179308
130769
149393
620861
197204
348886
492824
474355
529917
631634
538618
612993
512489
411826
356813
79967
260427
463431
228083
469780
26616
14537
266740
126270
248703
555973
357472
60697
342996
75247
207658
599561
491269
395363
278438
45935
512685
404787
499148
10256
570013
197972
316746
516674
646099
118044
330824
45416
403103
380982
276068
181839
325282
613698
9712
608194
324725
631802
165463
329770
135292
236799
322912
259841
207255
115727
275620
618662
121120
51626
618096
547940
80090
641897
636355
137443
93265
5702
633510
504343
448852
419883
153459
396984
284061
482166
569210
78076
496404
206645
406024
491991
347292
257767
102950
202941
477952
7715
507269
557162
135698
596967
101377
119761
125909
408223
72021
543901
305854
433727
563257
478724
284201
340259
95154
412449
463369
638396
60558
35596
616618
561920
144883
315770
421361
12250
330651
5238
640213
72964
267291
547539
126071
636128
500839
78043
27249
5189
141055
15361
402388
550861
339237
590537
152016
163002
646801
152653
128639
448055
331141
501486
278417
548705
653832
314335
494478
489120
98465
16327
368457
60813
79765
94863
288735
222083
165677
305101
467349
99963
208755
452508
395821
242727
2357
85447
379934
34066
250973
305063
345890
339232
9323
105466
553889
473831
514389
69233
512680
509208
497414
256237
198128
133843
5150
565821
286143
542355
122053
48264
30833
568312
557760
313833
349419
62515
189440
626233
365410
115308
339676
144581
474434
102564
61415
496110
250311
78096
167516
28079
27207
553353
4270
474727
168339
149485
208371
505023
4436
623144
305568
181787
538233
114942
195552
525603
403454
278112
452296
367275
14015
593089
410898
233986
475978
599439
614131
84626
326184
343293
373010
272656
119728
174494
620154
324702
35136
247517
380866
425648
91830
360106
533530
95452
555998
411782
632349
436944
603597
250066
119640
196125
370130
277763
112187
475914
302535
158083
484792
645847
307375
512711
573949
615151
639050
442875
178176
154182
183066
72448
397224
485042
114640
276670
581986
516016
618023
168894
439753
196215
198991
111259
340113
24544
612204
525383
4868
140166
350403
492690
375942
54316
476300
94313
123772
261531
53698
6531
516076
97435
609726
637769
234786
343004
373074
534317
635747
419548
101523
16244
280832
528598
73689
450823
4735
51006
327096
11358
135549
126412
615110
618817
49098
318162
13835
523244
219618
23102
473002
502929
602466
164925
312249
490056
595104
68501
27351
159825
513645
25047
653481
406846
284515
493606
69605
369164
431339
104919
484134
202684
30384
283192
548388
3299
287881
65408
498533
432718
195899
406556
517906
512107
320200
411910
198720
495051
43969
259655
164816
553868
44933
43496
393771
610549
156878
609934
365868
616465
458008
477486
593462
241269
542996
516097
214847
575812
139814
145081
498841
392752
93791
302279
249566
650911
151947
232850
403735
439762
349698
51026
53825
9103
451620
593616
269707
256620
417277
267194
527272
54569
595103
599657
274703
272056
309322
482329
391878
636362
134943
247597
108175
269625
91294
20744
517538
153174
147570
183259
602234
238287
320944
218625
124409
495468
453868
288448
276100
130000
32501
531454
484541
158771
423708
98268
581748
631095
628109
31776
626721
429135
96954
8997
114581
494075
404924
319807
285078
368364
339955
477622
338132
341926
573612
368225
181829
481969
41134
438008
292399
530624
581354
555829
4925
32600
472797
405638
309293
266152
250182
30500
355076
597742
515007
406228
481929
255130
645901
627934
522422
137828
202028
225728
360754
613466
449907
575616
387334
199956
174835
224928
209490
562678
231773
649090
150033
189695
555923
64445
601870
355815
66136
212238
340446
206654
4382
635912
13317
273060
151750
544823
590737
70934
382666
611925
485649
298449
598245
304133
119905
553716
18131
50860
105185
8604
531066
508380
439598
247980
86610
625845
364889
566373
370016
642235
426517
226756
376473
406552
44779
244155
373007
179017
103261
205036
630204
198599
39206
313544
416058
599252
218222
383432
596891
563663
594666
284573
376274
255158
235297
85778
54419
101006
16138
94966
276281
346790
306362
206062
345775
277150
275118
44392
26987
252388
573417
597439
317487
175558
487489
131381
460606
540751
128751
395155
649371
433389
73563
378492
268427
315280
150885
253888
633557
416215
494574
507493
244073
339814
170995
633770
82086
343073
255025
379479
344125
106700
567210
461274
529436
387583
373274
417367
167005
411969
301028
336931
242639
621017
581829
442165
71001
535144
526440
538210
441090
419516
446132
564871
644345
430169
198467
108320
362612
20213
526695
103856
645590
493817
427829
270609
84800
579398
533776
131336
406808
16160
605229
398665
108811
42942
545848
463075
608221
469013
16797
269227
160652
444242
186558
263970
363359
458360
173248
461548
39101
297771
272140
415141
475925
61948
589668
564706
131427
292448
408598
106963
119863
594134
548232
551220
386006
126493
107253
370867
177429
296896
111884
265608
252200
439399
638282
427408
568950
148848
48961
539651
589161
113106
464762
257883
570707
80927
654101
243933
612827
132048
542704
523369
133851
370072
202494
626954
90216
32724
549830
407813
11943
624061
511230
564480
543351
178742
160600
334481
238131
591870
121328
618064
207090
619753
244526
461895
502881
215207
222620
325519
298605
299808
568653
329723
226159
518475
2708
242531
383793
58804
589023
228681
60837
626021
349635
479814
336257
305370
84963
425200
465038
564790
192199
401768
518437
157066
28299
239890
204344
630307
630122
550640
9141
84539
115288
474978
538763
515420
363766
76392
525445
574002
207249
96206
459815
277133
364225
568971
159144
85640
420346
252852
422000
177863
324312
145467
163628
72607
238422
615278
359613
482502
121110
461932
206127
174085
59764
548391
514124
628914
205788
463705
492151
71706
354809
212096
401627
308432
245509
430911
68009
581556
352085
355975
279501
562268
169651
71144
215317
65492
584347
86678
636790
511979
134145
9201
463230
497999
194307
310621
581216
89576
287521
11252
544555
247136
4978
316213
284999
198136
67153
199409
392021
58153
108696
559433
443155
448248
643585
181908
515144
396489
412419
174803
597442
343899
401699
156987
121193
621391
260676
260772
562865
483322
613795
527226
189744
293763
256389
541121
309231
361277
626767
146490
510489
25163
434906
143302
625956
91490
615511
368512
443144
645179
119001
191654
15635
98843
114648
501657
509596
48
122813
223219
364411
565334
598746
326320
249009
248277
85591
356319
305488
434011
321752
345009
156080
480379
279741
202417
539096
356002
375841
43113
617733
299129
598257
510886
215328
206556
255755
61467
651506
517322
397842
121817
190578
159550
90814
424064
369590
8782
585627
274331
415310
501695
654541
141411
224359
215708
640197
405742
249782
125811
601987
189562
595346
14873
490775
172151
333009
360442
350380
77302
438626
80942
489740
468164
654592
354969
191338
243234
267673
174876
403902
636644
94897
330814
454089
577238
135031
422488
582256
431483
239469
621096
430467
456750
123940
289091
282938
19870
498759
494379
453711
451769
520273
101754
304823
599823
436101
532192
470446
441561
366730
76344
80537
141168
469824
334096
379875
180900
301338
380643
588899
462071
173961
473035
397945
423360
279533
409924
459157
258560
44737
268253
462582
496933
417514
456452
527895
135955
508960
171498
292586
189785
73308
82515
562912
481489
143756
240222
21328
434402
212168
70599
135498
606110
442226
251953
213628
327596
226783
176544
173771
56232
327217
80758
128756
435234
403496
452373
450107
405379
448815
534748
111778
14674
332416
635053
92294
648405
340119
531127
273647
353822
429257
215092
576262
641864
571920
85169
396028
539265
63393
526292
48120
479150
158789
529640
625333
246162
231409
35447
593580
455237
398532
324483
235744
79593
377918
409444
394701
395210
544288
639963
421712
165046
630236
454342
392758
59468
520055
4763
90821
477654
159757
476364
212827
396326
223717
128509
645694
190080
571547
20269
417147
432300
155156
317336
146289
369719
254360
654740
120708
189167
538839
255645
575019
432679
114738
74192
115849
36804
110003
148443
636719
341001
620525
122977
173403
268407
484613
145648
508264
628174
162965
41281
114301
115163
306837
308060
327563
603427
553499
322907
187399
474292
23626
77790
607685
192621
166028
46397
101444
347129
262040
551363
496691
544090
457362
336096
463151
457258
608705
457439
175761
302999
355094
140950
352459
372031
362809
283484
461126
625086
174406
196197
238722
356958
587053
256204
531591
33534
587808
406488
625378
212882
105914
91222
326815
216708
627564
516177
594818
223996
615252
500916
80743
11876
531052
445848
77825
66165
627046
50543
285383
243531
226336
573687
380494
509012
79831
342232
565870
429217
296657
360623
483853
18214
518655
95311
380084
231195
633972
20140
69817
651426
4278
413370
652114
116051
640293
357614
362959
1966
285229
581912
239013
81046
365268
597635
5277
236697
167939
210347
92332
109631
132366
112300
347112
178976
506026
505906
493936
17275
634673
34619
255220
100102
74489
402234
600541
422387
236349
281591
622551
54841
467272
366327
463203
466565
57237
50263
77436
40954
530096
230113
186366
388520
293328
549617
459509
182306
152337
35548
129610
132467
430025
471432
4810
206373
513392
234662
543761
285331
609476
593216
235008
408005
470070
224194
139688
454506
279558
341692
126565
9550
379590
230893
353118
244008
215537
328639
36862
66576
570706
304487
393220
83867
114939
104337
220581
402613
168498
373447
74553
571126
235872
544949
545179
261394
77796
126839
329847
330639
365820
123096
486798
298485
593577
387508
468486
451221
631080
633234
406184
394768
37676
611359
447773
347979
324721
319182
304913
606586
619502
29494
649381
571626
132517
588654
634167
96734
91289
189844
372565
522582
410161
587007
138671
440501
246751
35944
589412
645677
243784
605752
453931
526096
174597
22347
224573
237786
35240
285361
332031
376198
30464
617322
590936
532088
150520
254366
439323
440674
494813
293810
74537
241984
112915
134518
352404
556684
560315
229961
169922
496491
580711
22851
447637
138201
102703
398944
568405
560876
550405
118831
382166
27384
288415
518909
175073
405499
380729
247338
228407
627784
227637
655136
470723
109548
640702
391753
574122
217733
24448
61594
572278
150932
377061
446174
9123
178484
622269
246147
293744
353164
67108
69441
423152
16241
403995
599462
225047
633654
210843
178496
588509
264920
65353
541505
309613
591897
651498
117444
587435
458289
289072
507956
435254
245079
416230
487028
437490
570645
175675
208718
182203
553587
308073
458003
255637
208303
403604
467980
163168
550869
143575
204489
317663
513393
341692
201341
52258
643310
179774
63951
259544
367104
420768
579387
316113
294874
198151
121782
198395
101696
218476
221824
427604
654242
379541
479089
234696
278992
98998
297528
103518
221876
343192
188196
236383
618626
233715
30873
179149
140291
396969
241837
104864
313805
74923
474198
402072
334661
466032
207356
155274
557443
539961
612467
85190
555521
135587
646724
276310
301874
619746
115245
575158
558140
255364
232661
559899
356065
308675
40921
553617
165868
354120
137723
629851
93353
379462
480015
26920
401455
200978
342946
632533
246619
495665
588463
242771
618816
328602
290497
553109
148569
390139
297022
204503
304778
347861
546378
264125
280637
217079
610820
135244
555910
178614
501414
427801
50171
210940
434367
612213
498275
635405
79338
619377
420713
313450
260849
260840
369247
167763
642965
515401
206757
215747
318794
433633
241462
645038
233204
493925
393739
124260
424014
329732
630006
619389
114563
400912
513535
203353
213860
508259
445540
255261
182550
591423
594349
304242
426441
631239
539599
309919
367063
80391
310760
204249
220891
296521
637363
116332
319783
517706
176043
361536
114176
587223
332646
115945
155801
18795
514413
372469
474908
249531
480700
5442
173559
639849
495645
581071
464979
565822
603953
499772
58326
575920
284344
532193
487400
227569
546997
395297
568694
324515
468645
342456
98909
576213
625593
539545
299213
547946
628439
432078
138914
207641
334135
50258
309730
133987
142899
578174
623858
616192
467450
432215
85168
396662
72828
24779
456108
397853
345322
55986
321481
193468
14794
603350
158516
17310
376725
602094
395773
397774
520341
381973
163317
147297
206681
163341
470958
193997
64195
389041
32799
301313
331852
259691
325816
318909
48123
249961
337636
227654
378226
288235
367607
575077
283847
153851
126067
272628
529210
293237
261347
223296
188233
594709
289657
122020
174547
523835
597977
305060
329505
136083
334758
351986
463493
224826
76999
343059
425859
145632
504700
270271
641423
487171
200434
531264
457260
452135
634673
480485
57455
160807
610150
226697
315216
176592
70710
147434
353932
75504
22822
372561
331441
341784
569149
146482
541695
94288
450502
587494
22714
192501
96305
581936
251299
251607
349317
428576
275915
58506
527687
501447
290749
640541
473142
147573
397550
306454
244800
49869
113265
4869
149513
214181
3748
397607
551475
378405
404380
535982
569861
613139
279560
101672
523041
477853
192002
79748
121216
150713
589496
417166
389850
582268
649307
263727
279882
579320
10456
471549
530315
332120
54093
387294
350268
13750
611756
498769
632418
465821
634868
252597
569361
478003
103140
354936
470091
241875
125143
379683
492023
457026
181906
188931
564143
305690
295925
603464
320377
420807
150526
387312
27190
638136
183031
594520
637105
145744
126987
130030
421114
300553
187941
21407
365804
561415
161013
645366
132466
488175
502753
328199
616456
621485
561478
648743
350899
593734
238202
547760
585445
403550
534223
629201
177090
532488
399981
55653
12032
589862
363538
277703
89308
453591
282176
423923
46791
31711
567965
584142
519956
231637
427729
39666
521400
380627
237793
141688
136353
518119
161273
464795
160218
382771
18566
574459
115675
386125
485126
38485
331045
248081
444821
307393
275527
1106
322074
67838
129331
612556
14840
654233
378186
108633
156581
608974
581735
146896
550910
35890
292654
117495
616598
260927
536202
518186
119702
39111
94495
544957
410948
537460
12916
302377
613486
278254
514862
465598
22239
98798
497452
433285
236097
423443
503983
211946
552276
5626
495910
91401
14902
584946
114890
646555
478546
79440
66509
255932
121265
354903
457744
545222
652975
397250
603915
570489
190976
158641
402099
475536
313939
32654
574811
274348
182079
335066
323900
480541
611261
327922
385662
120074
53946
418276
17670
31052
124086
170291
121133
326743
570973
239261
206593
257805
552923
433232
295037
218433
288790
82619
155000
45841
104395
653343
35116
67722
297901
341209
362057
254660
241684
21196
439140
170541
259648
342247
134706
221545
17916
500058
496698
116813
1086
600365
432839
138276
416377
191422
377417
302345
70060
623136
246137
310219
441531
342995
292597
169098
168507
278846
483538
405443
99921
649105
156886
322486
61290
209822
512226
185459
118244
551285
237221
549974
111205
246504
512730
472979
284831
636080
576150
418555
109336
438260
121087
107104
390707
340051
594341
501034
370733
537410
97089
422777
406685
233553
609893
489021
56581
627604
627057
587813
425192
604175
293781
276704
447549
605047
537644
260925
413579
631388
65845
297477
426798
341085
108752
618300
307482
171940
192005
116593
537876
390405
460748
558382
44767
105784
260443
586725
381518
619317
611919
126361
81554
569020
653756
438496
553657
22191
537259
547998
609364
15545
531879
146576
332885
415927
563782
147657
472941
36073
41441
311222
591488
628454
141117
637013
449427
308813
380876
479301
392743
283752
136808
230653
248175
467316
204637
44835
159985
111611
496602
396459
67229
485355
342724
618209
488356
361673
196416
232097
12622
69369
50891
400343
46365
266531
449588
217083
365887
483632
438508
402438
630552
272912
71633
407408
241922
618658
63393
558766
349468
492018
527935
546004
602229
457361
316871
17302
267816
175187
494529
104075
274595
388066
595233
531579
567750
243108
379463
547563
599144
89581
507075
496791
212503
207922
236462
24339
227271
167486
318229
99855
81223
546961
517673
321597
307642
491159
115022
306457
579924
505600
74472
628190
132058
214473
601216
387189
470539
9233
555880
312254
622497
430028
231297
592614
564719
209305
298456
513704
351711
245499
521093
295451
510367
340668
324896
602111
63098
212815
598422
75671
38811
585207
102180
7266
304684
519509
136633
146078
505362
412667
66428
360064
121409
535500
543471
151162
153129
30684
420448
68390
211204
403927
191871
266055
106953
399934
564624
535804
636718
562128
47257
379116
202574
600786
427722
462229
127916
327968
118011
384064
272158
42583
204749
125039
43061
352976
290989
78940
231298
576441
13168
506477
508766
465377
439347
325232
561470
462536
317679
380833
303552
517718
615585
251137
142911
351802
21380
345441
552669
450279
41735
492515
81089
627355
400606
502394
183968
222160
539515
542355
287617
111112
184676
546753
119529
322939
90776
20818
255429
114080
401191
210915
370275
241685
3239
75175
530826
466286
475149
267785
625009
286231
596218
246949
169600
157184
189162
202742
382639
260416
123857
639517
128254
231926
52446
400998
494349
460956
476274
315255
390012
154533
180702
229266
390766
422352
109844
345007
337371
562226
400756
460558
630866
167957
260495
490532
563925
201781
35983
214782
114457
509952
273208
206646
559093
9498
443783
620247
108447
370343
418909
4588
396318
303235
224425
649047
36875
565867
257835
562328
488108
88632
20941
636177
69552
286903
453852
573270
198714
164134
548139
26314
516421
630017
238649
268129
376225
369632
384866
371445
311926
209033
137673
345051
72523
551438
21031
289270
457301
142752
340676
255548
32850
560418
373891
307276
149586
648053
343551
