65160
64537
67336
59521
62343
66630
65482
62075
62117
66189
64704
70161
63082
66392
65608
72650
67379
63467
65062
67720
67747
65477
66632
64400
65168
68402
72958
64535
63449
64177
63549
64448
61897
65235
64336
61241
62170
68659
68650
65735
64700
65376
67307
63645
66421
66352
63432
63174
68829
60568
71125
57820
56892
65216
73062
67627
65047
66213
70747
67922
64773
64726
66111
62146
66108
63289
66712
66604
58436
69331
68154
72633
68405
67014
65047
61885
63662
67744
60716
65184
65503
61286
65607
68269
64635
62551
70291
57385
62532
65292
65372
69169
65592
64109
64568
62261
63699
66032
71081
69305
65078
64266
64611
71422
70099
67303
68178
64124
66003
67442
71514
63537
62219
62534
63816
69335
67067
63890
61191
66940
64271
68498
66068
68057
67302
62992
68583
68040
67125
69259
65630
62550
59945
66903
63674
59702
68946
64355
71288
64113
66660
66825
67077
63281
64433
68267
65655
67435
59675
61922
65787
68798
71775
61579
62610
64788
66618
65991
66806
69853
64655
66197
64121
60674
63981
66877
66761
68561
65852
67921
63151
61978
66710
63753
70174
66135
70094
66240
66181
67739
59702
62639
58295
67455
63175
67679
67489
66810
65027
61266
69035
65198
68630
64689
61264
69840
61690
69065
59182
67708
58784
64717
61409
64909
64709
63768
67177
61400
57778
66836
65378
62534
67099
67159
69625
66329
64712
67534
63127
61624
64592
66031
59775
67661
63897
64568
68882
66077
67214
66628
67282
69513
61575
68799
63211
65171
63611
68223
57168
66447
64440
66134
65660
58410
68641
59970
60134
68464
72565
59733
65146
60757
67771
66799
67633
66093
65719
65470
64958
63304
65630
64224
69304
65523
63171
65349
61004
63008
69653
64246
68030
69930
62080
68450
63502
64207
61164
66970
64162
64709
63960
69027
73114
65275
64333
64764
64107
62900
72995
70921
64514
61859
62498
63927
61482
64007
61193
62196
60869
64939
63086
60760
62898
68145
66236
65756
63044
71254
63440
66055
58266
70859
66600
65865
59110
63504
66925
72423
63440
69547
64618
63788
68521
58556
68599
62730
66104
67093
61923
64623
68957
68406
62767
61769
65584
67273
70283
63047
64475
69853
67323
68967
61326
73557
68612
62187
71868
64820
64940
69176
71944
69815
67297
67480
64013
65441
59511
71870
58317
67306
70935
75363
67777
59383
65126
66320
64520
63320
60251
59858
63084
65733
66906
61670
58865
60963
58606
64164
65670
66220
67223
61830
63449
62810
60307
66702
67338
67374
66737
62014
67195
63275
67893
65412
63632
59657
66612
59905
67831
66210
64411
66711
59519
57412
72424
59480
66911
62352
67617
65151
68151
72632
63155
63869
66092
70751
68163
70762
62388
64192
67032
65356
62942
64851
65414
69948
67897
69713
67147
68266
68425
61226
71287
64672
63777
65426
70908
63966
68971
66922
64216
58431
61553
68963
65951
66365
67626
65109
64450
62238
62392
64433
68917
68134
64167
59570
66131
62557
63679
65508
63668
67648
66392
66964
61857
63630
70177
61999
70117
59275
62446
66695
68557
59663
59859
67184
65579
66276
64021
66246
65023
60276
66928
66786
69172
68562
57948
65487
63958
69807
62422
64559
66663
65973
66331
58096
65912
60979
63801
64477
64635
63514
68106
65796
66535
63693
63569
66980
62049
63910
63723
61867
64464
68968
64800
61723
67363
73034
67430
62371
62316
68478
69135
64624
67174
67036
69999
68798
62406
68254
60965
68141
62021
63913
68784
61806
63818
66335
68799
64466
63328
67144
67360
60926
70231
63836
64350
63522
65285
68531
62726
65816
67152
67894
67700
62370
64340
64144
58625
58975
61945
68602
65757
64477
65248
62558
61144
66254
64355
71084
66473
66291
70190
70141
66296
66370
67429
61919
63680
63243
62854
66355
62384
62347
64599
65197
66103
63128
61624
66411
67710
67115
69848
67245
65530
64453
63271
64302
64705
70079
65003
62465
65575
61408
71050
65134
69146
65986
63987
67645
64116
67963
61184
67951
64844
69486
65609
62506
66677
70835
69522
65527
64844
66761
66098
67470
66374
67090
73423
71149
60464
63411
65718
63825
63377
63764
67772
66009
69390
73474
59971
63014
62492
68629
75121
65240
71219
65557
69547
71234
68612
66655
68244
69803
62016
68722
60064
64966
63358
70492
64539
66976
65444
69952
62778
62014
65452
69155
64259
68129
70127
63956
68741
65446
66050
64843
68916
63441
61945
67908
64687
68590
68748
66778
67668
61648
68538
65149
68661
68200
65956
61395
69081
69385
64961
63259
65421
65988
63911
64834
63310
66931
70558
61139
63977
58632
62142
64961
62635
66360
62858
61396
63362
69284
62260
74296
67849
62988
64915
63875
63103
62796
63569
66645
66707
57536
67123
68387
63598
66518
56256
67320
63750
63705
65734
66515
68192
66554
72519
67159
67377
62534
64519
65490
68190
62577
59171
64224
65289
64886
67159
71619
62704
59930
60112
63262
69372
64246
62239
67171
60022
67206
62077
64819
68372
66966
68221
65730
64081
66682
64873
64568
56291
65610
63384
70811
67048
67729
61689
62478
61099
61496
69373
68176
66187
62860
69661
65905
70271
66733
67219
62158
70111
68874
60642
58165
71572
70143
70798
71420
59963
60868
60342
65605
64553
56951
68205
64878
64593
65999
67534
63127
54485
66913
68848
67042
63907
65542
63367
60046
68163
63097
65469
68053
68669
62291
66844
68007
68064
63254
69796
62723
65852
66168
66314
62386
67229
65065
64973
63706
67390
60910
63292
68010
68630
59140
60292
61301
61527
66743
65621
61422
64474
63531
66368
63991
68223
67315
68986
63472
65304
63735
70534
65683
64339
69711
65307
66294
71376
60758
68929
63073
61752
66482
65417
64932
66896
64025
65057
59982
66207
68728
64627
66465
64425
61300
65183
65103
69524
63026
63560
59381
63005
66237
65449
69315
63179
60809
66808
67833
67578
65702
66845
58279
70572
65503
63293
67123
63891
71962
65735
63806
65584
65516
65380
69407
54417
65214
64055
64274
59687
65009
65620
67094
70717
61704
63046
63346
65997
61572
70250
67134
63955
67959
67032
71932
58689
69156
69019
63707
60797
63139
66940
65360
66132
68166
63451
62873
68590
66806
64152
67515
63042
68379
63196
58739
66856
66938
71411
67776
65852
65283
64076
70397
64769
59099
65408
64179
68860
65832
68325
65458
65474
66709
61644
66498
67311
65905
70485
65269
68477
63987
59846
63735
67612
63649
66518
63767
70125
63874
65581
62428
63161
56954
63627
62284
67415
61930
66913
65270
67676
63104
61325
67974
63942
69152
66487
68598
65346
65549
62784
59566
62529
69907
70038
70265
65118
65195
67068
63073
62127
64008
67772
69122
64802
67894
62007
66252
65644
63800
68271
64043
64189
66796
65687
69036
69729
63772
60260
64519
60461
66696
65361
65017
65496
60032
60958
66336
63916
65246
63379
63421
68283
61193
67095
65783
69166
64305
76000
72110
65849
67937
67803
62570
64415
67493
65598
62178
67171
67450
65899
62975
61888
70032
68785
64937
68031
69682
66175
67633
64288
62620
62892
67473
64902
67477
68159
59341
64814
63684
66882
69213
66326
67163
67688
65247
72380
68071
67907
67082
65549
64278
62523
67930
67503
68857
73220
62537
67725
68888
65363
63964
71895
62121
63466
66270
64242
63587
59900
65940
70220
61390
66649
66888
64749
71796
63135
69933
68897
71154
60042
64680
66276
66572
65581
69043
64734
67928
63911
64902
68203
67609
62262
67158
64798
66086
64114
62014
66081
66090
65513
65589
65444
69365
69847
67964
63000
68002
61236
68046
61616
67652
63503
61863
63605
66694
64302
69075
59326
65942
67795
60154
60817
64657
65208
63905
67624
66857
61247
67411
69108
65627
66070
60062
68290
68853
64690
65275
64892
64062
68032
61587
60653
69292
62640
64005
67774
63854
63326
69716
65997
69028
61018
69236
65842
64463
61637
64922
68288
65985
69458
65895
65758
67639
60151
65207
65219
66107
67647
70390
69149
64529
63174
61202
63175
66995
63538
65121
64162
65990
64719
61950
66653
64599
68114
61048
67639
62639
66255
62853
67887
63618
61155
69078
64621
63167
69235
65401
65055
63467
63548
64003
61793
65409
66149
64239
61728
66703
64442
60636
65647
64835
66590
67501
64921
63236
61937
62037
60835
72227
69428
64773
67389
63420
66024
59043
65651
68457
63261
63391
64384
69180
65557
61432
65018
65998
69665
59382
63081
67851
59211
64372
62431
70487
74907
61390
65058
64914
60964
68595
63377
61705
59857
62225
67235
62032
70370
69612
71865
66654
67756
64145
59869
66750
68941
58875
64968
68936
65347
61115
60890
64100
66996
70901
68019
68731
63687
61445
65602
64567
66860
68365
67071
63637
63870
65524
63530
71104
71977
65182
66644
60385
64823
66280
62562
68285
67880
71113
67037
63271
61368
68580
61886
65728
63117
63808
68703
67886
68994
67806
63214
66468
65153
62523
65042
62598
62864
63232
66896
63340
72109
67687
66762
68920
66246
60734
62405
66552
61533
63829
66160
67305
69917
67478
70890
70742
65461
74817
56224
63771
65333
70995
69124
63840
70946
61608
61341
64984
68261
68350
64566
65207
72776
67204
69216
60496
65677
63481
67138
62393
63865
63788
60089
62124
64901
63347
64793
66612
67518
64794
63845
63579
65105
62287
64826
64485
64704
63078
67829
66959
65649
63250
63863
64872
66115
62334
64368
63622
64380
63635
69322
64529
70735
64667
63390
63885
63180
71497
62604
67616
60381
62586
69602
62696
63434
65237
73435
68525
72029
65088
66521
62996
64927
65883
64623
63833
65841
64755
68172
58545
65906
62491
68554
69269
62150
63451
66192
67817
67801
63724
68694
62794
63701
68930
65445
62210
62648
69044
63858
61693
69796
65103
66352
67533
58373
65076
61492
56514
63158
69449
62160
71610
60958
65228
69896
68995
69300
63617
59828
65692
64577
59891
68603
60402
64437
62005
72792
64619
75946
65201
67150
65432
64531
59544
66574
63087
67119
65394
68714
66153
67581
70262
64769
67607
65989
66929
66330
64411
69098
58679
68252
73055
66092
69032
64181
63781
63618
65001
62394
70867
63781
63028
67330
62856
66922
63224
72836
71103
68882
61446
66651
60255
62116
66054
64765
59315
70129
61478
70631
68439
64441
63029
60400
68033
66908
65945
65977
63490
64975
69890
65106
66547
61953
66904
63480
64408
64724
64842
69044
68403
64806
68890
64418
66251
64519
65348
64497
64478
69329
66270
68502
65500
67391
63000
67284
69364
70051
72543
65930
69027
64205
62692
63979
68309
65910
66060
61865
67051
63126
67275
63403
69248
64786
62589
63398
65645
64709
63850
67865
66066
64600
63234
68380
61844
64444
66750
64707
65583
67372
61625
69960
61731
63957
68090
63200
69790
66132
68858
61706
67249
75886
65704
64486
59631
69589
66783
67423
63852
69915
64557
61060
58093
67192
66353
67478
70583
63796
61870
65187
62341
62679
66452
63232
65777
68959
70673
65232
69491
60404
69546
62017
66850
67268
67811
72353
66803
62397
60851
62616
62703
64026
63481
70927
60585
72864
69156
67692
68212
66507
64334
64947
69465
67654
66793
66167
70521
66960
65856
66556
62604
64511
65226
66688
61404
69260
63012
59234
61536
67971
62549
68315
65491
63429
59302
60724
63878
67391
63953
67919
62940
66080
63989
61906
61547
67776
65105
65615
65370
65040
61981
74897
62271
70480
66553
69872
66060
59417
65349
64990
67227
62799
60982
64071
67949
64398
68028
70274
61139
60695
64929
65856
64814
66279
65327
63100
67803
64729
67360
62502
70011
65894
65682
63719
59733
67552
61060
60381
68671
64048
61623
63587
63062
64772
66399
69712
68592
65246
61430
67150
67541
63935
68851
60886
62523
64604
64476
63013
66310
63655
68085
69534
66854
68274
64998
68180
66012
70601
67095
64957
65983
70102
63948
63726
61417
64535
59708
67886
65727
63157
65803
69314
65597
73251
70552
66285
64037
66531
72054
62789
70522
64211
66111
70076
68185
65370
69943
62235
70152
70353
66436
62980
63431
62648
61335
67500
69935
63691
66336
66791
65275
69685
70061
64942
64022
69900
65638
65578
62977
64839
61875
66783
66976
67930
59616
60048
63707
63251
65715
66424
69558
70978
65624
64748
67454
59138
63797
63417
61086
68310
65394
64331
66177
67654
62367
62742
67906
63743
67496
60754
65142
65079
65162
69314
64970
66362
61457
65112
62300
67633
68035
67593
71321
66900
64422
67391
65005
62741
69684
65893
64160
62467
72090
68894
65703
64429
66344
60004
65130
68161
62187
59334
61987
64053
68441
64965
69453
69493
64929
71367
70303
61952
65677
69804
64211
70494
61520
66115
65185
64987
65886
65324
65674
67779
63325
64567
62388
66943
67868
64501
63217
65174
70370
67303
61110
68229
71900
68378
67138
68841
66672
62993
64398
65098
62057
64300
66852
68148
67028
62986
61404
63788
65766
69554
59617
65201
62644
65956
66533
70436
61055
65805
61238
70473
68593
64778
65266
66722
65935
68062
65930
67050
59666
63554
60637
64068
68602
65490
64924
62020
69261
66687
61061
63780
63813
67369
66078
65942
62553
65002
65292
64941
61048
61625
61885
64607
66998
64828
64429
62463
65677
66686
64748
66969
69766
66945
64345
60430
61734
63923
67931
64430
73190
65193
65726
69314
75618
67430
65305
65528
74411
66603
63581
69745
62382
68900
61780
60642
68988
67351
62199
67959
73365
62290
68154
61657
61044
64326
62062
68836
66053
70844
69472
61943
60667
63758
68677
65575
68804
66963
68974
69992
62985
67743
65274
65554
66740
64651
63750
64541
65179
64420
68726
66575
72821
66452
61581
68969
68698
62445
68401
66907
67853
62341
61309
64288
69447
66062
69159
68458
58929
65534
68561
61055
63395
67867
69393
64211
68360
68165
61826
58651
63048
66453
65730
66668
62770
67857
65860
63255
61471
70144
71999
64964
60337
71199
66864
70230
65542
63276
60694
67430
67263
63831
65479
63952
64691
68298
58672
63125
67109
72546
67036
68473
71591
61885
61952
63527
65663
68732
62897
66487
70015
62272
63704
65748
68180
65736
61001
66371
69760
62519
63744
65773
66268
57538
63832
65923
61158
60443
69172
65809
67021
65626
65453
68327
67176
63394
67307
65197
64191
62308
61292
71501
69425
65280
66002
70493
65072
63149
65250
63526
66048
66912
68111
64279
61944
63736
68761
63729
65101
66667
67792
72608
75832
62989
65102
63478
73957
63110
67707
65755
65812
67212
61293
66032
66198
62650
68349
69541
67296
67529
58521
65940
68056
68183
67395
65684
69722
63304
63882
66073
66948
65217
64678
63615
67157
61013
70040
67422
74255
61068
68263
62331
69732
70332
62423
61649
67547
62708
69831
60929
67483
61565
66162
70390
70073
62041
67265
67659
62216
64701
63382
56665
70767
60973
65955
66830
63969
71374
67449
72360
62327
64368
65695
65873
59362
65697
69474
67241
67038
63993
63919
58447
67054
70889
61528
67733
63269
61708
66621
64330
65330
63187
67995
66064
64625
62363
65307
65383
74706
69132
62390
63686
63247
70368
66663
65975
69127
63405
70389
73429
67089
68311
67668
68672
66233
62689
68122
74140
61991
62448
65832
62037
61995
64088
64433
67429
68216
59705
65129
70919
63486
66575
70431
64207
66104
66504
65828
67009
69852
70353
70142
59848
64665
65572
60072
67241
64869
65267
68034
63178
68424
71048
72893
64232
60154
71559
68525
61376
65499
66168
68372
70455
70604
64439
62621
65666
66222
68463
66645
72191
68224
68026
64706
65022
62236
64496
65177
67874
66300
65489
65161
66823
63994
66515
60860
70206
67222
63890
68688
62817
64560
69746
70660
61264
61879
67362
66552
60893
61867
65976
62688
66113
64775
62969
70072
69741
67458
62298
61908
62797
61307
62367
65861
71284
63290
65493
64357
64567
62099
67548
67394
60410
65118
67268
62194
68867
65572
59593
67476
62086
64558
66727
62426
61561
61301
59221
67337
61311
64926
62981
70049
64848
61225
68174
63961
63194
68377
65769
71048
64385
68879
65822
65473
65543
72295
67748
71912
70662
67831
61956
65460
68099
66378
61333
65566
67406
68165
64951
63759
69319
65076
63882
69318
62951
66181
65281
60201
61031
70131
68248
64835
64320
68680
64608
67173
65171
65536
72574
64310
69581
66022
63300
65786
66497
63073
69550
67567
61224
68265
62806
65048
68969
71176
68068
65950
67712
60470
63722
64058
64754
72003
68090
61634
63757
69862
66040
70723
68761
71080
60926
64359
67283
66279
62569
66929
62742
64738
67703
67685
66999
59015
67678
67685
62576
65641
64952
65960
67799
69307
64996
71561
68986
72343
63145
61329
61441
66348
66732
58902
67995
68231
58125
63997
71010
65893
65164
68482
62054
67541
70181
69501
63129
63456
66678
65097
60647
63250
69793
63542
67681
64012
63874
66799
64426
61938
63263
57582
66757
62869
64890
65118
67599
66411
68795
64038
70811
67680
64554
53668
66765
62869
66211
61828
64301
68947
64818
68090
66309
66557
60960
65814
66074
69268
66325
65137
63006
63720
65009
62885
64497
69823
64881
66821
65838
64756
60476
65616
68585
64335
65188
67881
63836
69963
67263
70890
66771
63356
70481
63938
64555
64544
64841
63512
63775
66640
64877
62073
64231
64339
64939
64580
62112
65832
69446
66654
65591
62422
61884
63096
65066
61055
67033
65557
69965
67206
62975
65950
67680
66486
75455
64828
63766
64145
61175
68318
61404
64612
67625
68193
68910
65758
65183
60960
62502
69941
65378
59746
66290
67166
67420
61118
60703
66967
65091
65523
69892
63313
67705
56228
73165
65082
68301
59917
65707
72270
69014
65498
60050
60437
68211
62919
66091
68394
64349
67316
63892
64406
67092
68780
67948
58613
64827
67601
66838
66755
62884
58106
71178
66051
65608
66338
61571
63499
67748
68498
68126
64390
62045
65285
71887
67256
63342
58653
58769
65292
63664
65806
59962
71144
70457
68343
64083
64553
57854
68283
66047
59562
61395
69040
62899
69498
65452
66789
70233
66839
61994
67365
62012
61570
68980
65528
59498
64613
69537
58998
61545
69020
68824
68052
64508
60735
61966
67572
60980
68066
67015
71293
66523
63510
66770
65238
58495
69247
69542
68583
71978
65151
66988
65271
68848
59107
70253
63532
60405
65692
63800
68427
63730
64081
67297
71387
72270
60059
61911
68682
65775
70889
68740
64007
64639
57847
68081
71726
66371
66885
69544
64117
73396
63280
67638
65122
59371
65875
63696
58700
59369
64307
67361
58392
69730
66655
66899
72440
67497
69271
67710
64897
68179
72197
66292
63402
66362
60645
71435
58099
64046
56523
57182
69114
67258
67542
60839
63188
61151
61819
68419
63739
69711
65584
72150
63204
65375
64063
69481
68901
67015
65146
65771
62955
64081
63797
63530
64751
69414
68529
66545
59802
67112
62279
64553
62906
69082
65273
61461
63498
54710
63750
63016
57778
65380
64086
66850
66659
64589
58694
62056
64840
66332
61877
65333
70705
66150
58268
64615
68141
63793
66723
67414
69051
60172
65092
62809
64283
67899
63803
66796
62950
68218
68882
59019
64252
64632
60854
61619
58885
60157
61864
67753
64960
66621
67154
66680
70694
65036
61546
62416
70186
68245
61099
65061
64265
63280
72350
67286
65288
56515
65977
68090
66818
69849
63043
68533
64043
67305
64207
66913
66530
61762
66473
68070
64686
63103
61748
68450
63602
65792
61709
68295
66150
63604
67617
68544
66540
73238
65142
62657
73338
65672
64371
67587
68070
65538
63608
68210
70490
65000
65312
67496
66750
60972
69207
62378
67594
66189
67072
68237
66275
63671
67783
65198
65195
64700
67360
69120
72649
66746
63311
68858
63507
62260
62071
71979
68177
65022
63036
67075
61475
63151
67866
66609
65895
63500
72925
68863
63696
67985
68714
62562
68687
65263
67360
60605
65453
62651
62529
66098
63488
57478
64819
71239
62046
65652
63286
66416
61401
65552
63353
64469
62858
63109
63833
66244
64093
65480
65961
67985
66500
65169
69206
68738
66934
66285
63061
66300
66466
68875
61743
64915
65915
62260
64535
66263
71726
62777
70962
63773
65563
68537
69769
70389
63552
67304
69316
68108
67813
67833
62741
66398
68178
64631
63265
62689
63297
71019
63644
69636
63511
68833
65702
65858
66628
67134
65272
67874
66869
69997
65467
72507
64097
63706
70220
70483
65906
66494
65863
61242
59241
64277
70440
66933
60723
67898
65828
67745
62487
62622
68557
66884
63740
62154
67323
70927
68526
60587
62886
73567
62097
66849
68977
60953
69325
65491
66822
64392
62349
65448
61411
63072
63289
59587
62193
61610
60902
68075
58073
68332
61846
65073
65160
65739
62694
65588
70930
64061
71114
64704
64408
64315
62860
61837
64488
67015
67141
70080
66020
62698
64879
69918
63438
66904
68521
65086
64656
65144
60855
66384
64651
58620
65493
59635
66140
66175
65910
64566
61419
62814
64052
63024
65144
64408
65724
65422
67868
63456
64636
66242
58734
64263
73535
66203
64057
64458
60345
61160
63883
62888
61340
70031
63549
68447
68233
58006
67848
63194
67818
66912
70536
67776
63401
67256
65692
62655
68319
69106
67781
71364
63832
68276
67416
57727
61851
63036
67272
60407
63621
64527
64049
62283
62542
74972
69670
65726
55004
68857
65720
66078
62640
64334
62633
64093
62155
62023
66443
64260
69521
65298
56773
69132
68232
66735
66330
60057
63356
59932
59630
66371
71041
65123
64280
67999
68076
67212
73676
66536
62777
62642
66167
67969
67372
65916
69642
72198
68171
66618
65038
65159
70015
64121
69889
64198
72526
63947
64825
64330
66903
65404
59972
71968
64733
62121
68230
67975
67780
66607
65572
70810
63925
67119
63640
73522
60291
69280
63446
68015
65800
69450
65209
67547
61039
67000
70773
65133
66126
64057
67622
62889
61407
67411
67071
64113
64546
67522
61542
65284
69386
61675
61878
64210
70673
60256
67910
62528
65515
66045
67556
66132
68313
67805
63778
63240
64122
64340
72754
69569
62548
68246
67040
64704
67212
60450
67723
67002
64064
70360
70997
67339
63464
60270
61668
63447
67501
66316
62119
67838
65562
63514
61265
69974
63193
65088
65613
62523
67888
74047
65510
63126
63923
66164
67148
57438
62325
64208
72019
67263
61272
66962
70677
69865
72826
70279
65534
64521
64230
65623
63662
62594
64025
63406
61666
64650
65284
67541
61315
63948
68557
60805
63521
63185
69321
69024
66669
67213
57785
67586
62890
64221
66916
63118
65244
66148
61632
66720
67667
65959
62358
68288
64100
66150
66087
60980
68595
68182
65013
73391
70114
66322
66478
71074
65095
62788
68285
64102
59573
62232
66284
60915
68105
67278
62104
64610
62024
67183
67894
65031
70695
71645
64555
55813
66367
60976
70765
71605
67467
66775
67744
66179
69932
69684
66272
62501
64994
66564
65942
70375
66500
64313
66205
65531
67862
68017
69143
65070
68753
64852
68279
65948
65521
66004
63832
63415
64367
66386
64451
60490
69569
69070
65240
65521
62954
67006
67895
67263
65378
74010
63220
65622
69366
65408
65784
64380
71557
60038
62629
65046
71820
68896
65281
67827
64455
64001
59786
67137
68896
61739
69093
65638
63060
67972
69616
70785
65811
65291
67197
64703
63564
66199
66118
67529
70017
65947
64087
59379
64188
64279
61047
67928
66548
64553
64298
58849
59618
63474
59499
61157
65862
68434
67280
68137
68800
64227
71370
71605
61802
69590
70191
67101
69567
60798
65122
66074
60796
67423
74619
68033
72687
61674
73073
72851
67440
60483
67761
68008
67824
66157
64217
64249
69398
67155
64075
59925
71119
61222
68720
65483
61329
71879
69962
61053
66538
66324
64424
69054
65756
66953
70275
66789
64967
61997
68439
65790
64314
70759
65180
61008
72062
62779
64748
71412
65409
62271
57878
65464
59846
69135
66352
69181
65341
62288
69803
68163
65967
63846
67206
70222
64658
71495
67170
59311
59286
70712
65246
65442
67466
66074
63334
68786
63512
68144
71394
59157
60468
65200
63129
62976
61259
68623
60492
69172
62642
64851
68379
69047
65573
61532
66754
65655
66455
59565
62461
60940
69752
61504
65581
67182
71589
64535
66597
63527
64850
68319
64706
67448
65244
63591
65460
69728
67967
67306
61448
61241
63844
68104
64643
63484
67512
61192
64553
67313
63821
63966
63920
66920
63797
63802
65627
57406
59720
67691
63580
68033
67443
63875
64945
64191
66858
70432
66177
65312
65913
68763
66616
65160
64018
71174
68659
66403
63426
69950
62917
72930
67920
66458
68649
62894
59371
59961
66889
60058
66595
65031
68626
66877
64795
65147
66560
58002
66158
64879
66292
69051
65960
60431
65225
70320
66687
65965
63071
69024
71693
68570
63542
62612
63851
62403
69107
64039
62724
62558
66361
64471
65515
77205
62881
65247
60467
65303
65960
64009
63660
61108
66642
61323
63445
67800
66228
66298
66137
62346
64760
71051
66637
65994
67720
64513
65323
69763
63994
59738
67499
66498
65203
72335
71867
65642
63360
70920
67518
65970
63922
62515
67111
70252
61896
64822
70236
65688
68091
67706
68110
67562
65422
69509
64547
63205
63872
64018
61315
66227
68114
66071
69516
64919
68079
63769
71381
64996
61172
62432
65613
68984
67249
69922
68191
61399
69192
70035
71451
63295
65453
66855
64772
66681
64157
63827
68196
66221
63988
66983
63321
64019
64897
67168
60542
68089
70316
65671
64052
65305
69865
61196
65420
57852
69841
71482
66784
66381
63736
75357
69093
62517
63603
64902
66032
66915
65502
67644
67918
66155
61805
64734
64915
68597
68442
67392
68365
64121
62446
67745
66287
67534
64034
62903
59218
65745
60633
67248
63050
60520
66483
66925
69694
67009
68180
67549
67324
64660
65776
67795
67980
68592
66469
62131
59023
67156
66165
68884
60638
67937
59250
64916
65311
60784
65244
62977
66566
65162
67707
67029
66421
63569
65432
62858
73884
65581
61324
73725
61718
67716
60190
64235
72066
67145
64957
63707
65447
62014
61974
65785
69632
68683
65595
62531
68588
61762
66570
70869
63441
66293
66533
57810
68106
63787
64646
62027
62679
62794
62782
68623
62839
63580
62693
64519
64609
57600
61507
62962
65746
62406
64214
69260
65283
63989
65702
63252
66576
67251
67999
72664
62305
68530
69553
66383
66057
64783
67757
59091
68908
67979
67351
65708
61649
65641
64097
65772
69655
66905
63089
71932
60933
63883
66694
66671
64131
62303
67956
69243
66899
60134
66297
68963
73363
64922
68448
66478
67472
65882
65265
65587
65509
65083
61058
67875
64934
66493
65854
68981
68199
66993
63533
62067
71576
64952
63655
67918
64781
65395
66636
64872
69440
64079
65959
66856
63014
64021
62671
62098
68500
66707
62821
66755
64766
67306
63902
64789
64491
69377
63104
73556
61716
