65718
63759
68295
59125
66963
65670
66563
65032
62198
67562
66862
67620
64441
70426
71242
62851
71706
68184
68462
68145
61221
65876
68459
64424
68594
67403
66981
69024
69391
67433
67170
62816
67339
65485
64421
64494
66358
66724
68044
66809
68323
69588
61760
66017
65578
66723
64559
70480
72879
66310
64783
70838
59404
61802
69002
73287
59176
69074
65257
67404
71813
68904
67512
59391
63857
71353
57619
68604
68875
67116
63246
62106
67268
67917
62722
68120
67592
68450
66098
69616
63652
77632
62564
63907
68365
62847
65366
63702
61888
70102
69945
63416
71195
63242
65847
65592
69528
62041
64333
64589
61480
68824
61352
66497
62849
66605
64930
68440
66896
60744
63926
63968
64693
67987
64266
71792
63542
70591
68541
65897
65895
65383
70411
61991
59343
60860
63906
67779
63635
70190
61108
64282
68203
61862
64503
64316
67771
63715
64263
64942
65811
62407
67226
64074
63438
62350
70393
65148
65341
63431
64982
62271
63042
66171
64311
63614
61616
62594
59566
62154
63390
70239
66312
64089
67809
66041
62115
67649
66564
69878
67205
65487
68631
66535
67069
65692
65862
63348
68655
64053
68886
66958
66586
68147
67317
61095
58466
67979
66404
62407
65179
67420
61380
70938
63650
61799
64036
71849
65206
62813
69200
65588
67517
66896
61352
64790
64833
69007
64354
66376
64038
70054
65373
70757
60568
68752
66587
65431
64623
64544
66341
64849
67306
70334
63198
66130
68048
66167
65620
64659
62242
65180
66745
71052
63616
67769
64117
59376
69764
60971
68963
62063
67006
61032
66729
72185
66795
65389
65656
64742
65890
68867
69478
65787
70867
63888
60730
66272
64429
64751
69458
66471
67256
67480
66233
70800
66947
59696
65794
64365
65555
64204
71092
67873
68383
63301
62442
69675
70090
66691
63336
67057
65289
62645
69933
62116
66791
64388
65817
64956
67173
59195
58880
66721
61385
69211
67122
66151
62492
67868
67485
66761
69272
66195
72325
61197
55777
63732
60303
62020
64726
64297
62071
67408
67068
70013
65836
64427
67171
69499
67314
66087
61394
59290
69146
65180
67945
65013
63095
64622
68578
69129
66846
64156
66845
63449
66101
70869
69998
70732
62497
70524
66272
70499
68624
71288
57580
69051
57313
64806
62479
66646
62126
68721
68126
66525
64595
63760
69690
61206
62983
60314
72442
58527
67478
59662
63358
64314
67038
63939
67039
65437
65976
63784
66707
67543
72578
65085
71542
64928
59587
66671
67286
65652
64764
69379
64749
61981
66301
62454
68445
67385
70623
63601
59356
70775
70224
67568
65363
67538
61564
71969
65653
68087
63781
59385
62377
64939
68633
68211
56956
68983
66664
65631
69123
68830
70787
66458
63181
64221
68750
66152
65390
66383
64726
65661
67172
68102
62737
66144
61335
65433
61340
63249
63619
62798
61886
67686
65625
66396
68771
66068
64632
64038
67500
67546
66454
64479
65303
63674
61971
73479
67060
63335
63359
68065
64663
67236
70878
66506
65091
65743
71921
67065
67566
64573
64134
62455
63825
69108
70614
63316
66163
68627
64599
64537
63095
63795
67267
65702
68002
70587
64210
65487
72208
61118
64770
66903
66057
64600
67152
61155
61851
62505
69303
72142
63986
61647
61898
60333
68123
68338
65161
65098
65363
72488
69681
66085
65924
64795
72382
65452
62115
68731
65275
64247
68219
66182
67811
59792
60427
70094
66085
63217
66982
71729
60135
60839
61874
68932
66471
67965
61840
71330
65340
64769
65778
65348
69271
65655
69615
66058
66007
66337
61663
67201
63149
66946
62111
65554
67769
70286
69799
69144
73975
68306
65753
65066
69569
65803
69688
65616
63172
69783
69557
69632
64743
65543
68782
65366
67473
61490
66567
73113
67742
64311
64144
69085
68576
67752
64029
70018
62257
71270
64487
62143
58781
66294
59287
68721
64165
62416
66588
72776
68307
67765
66784
67983
66535
60940
61270
65977
70324
67468
66496
59347
59735
64567
67244
61757
59420
62093
65510
65729
62323
65963
61796
69973
67463
67179
61553
69595
67357
72339
70825
71065
63643
64213
68074
70796
61149
66893
65003
63808
67567
66934
66078
74721
65001
68854
59504
64127
67695
55781
68766
63316
66217
64730
70035
63585
72025
63798
62610
62484
68566
63034
68456
66655
67581
67855
70660
69139
62870
64332
62410
69681
69882
68074
61378
65265
65850
68991
67387
67023
60879
65040
69034
60893
62239
71194
69977
68172
67282
67948
67929
69105
62958
66617
70600
65001
68157
71741
69755
65781
65869
67718
64769
70787
63596
65226
61558
65399
70912
66826
67185
65914
65800
62216
68172
67370
70448
67435
67156
65880
65831
61804
63347
63273
67357
66239
67503
65587
64971
62229
67790
55859
68415
66805
63888
63775
64180
64597
66453
68577
63527
64450
65858
60235
67266
63065
68852
68642
64607
66223
65637
65174
62323
62447
69372
65096
66000
61773
63854
64894
67926
67752
64714
65896
62397
65184
62556
66555
59317
64524
71033
63004
62903
65526
68478
71094
68881
57844
68725
62976
60937
63761
67835
62449
71789
66028
68998
69047
59809
64655
69199
59953
67967
61506
65786
71252
63278
68725
69421
61544
60122
74168
57839
63000
66734
65984
65292
69013
61671
66068
64141
66439
67144
67118
65523
64742
69604
62820
63199
66324
67147
66149
65065
66998
71508
64153
63506
68282
69469
64909
71050
64069
65820
68972
66806
66073
65026
69213
67756
61162
67057
67527
67995
65176
58059
63202
68581
64941
71352
66713
63486
61283
72375
68442
65500
68718
69819
69616
68172
66831
67680
66409
68642
66352
69123
61096
67686
63004
63277
67722
66727
62593
66702
66848
70510
63456
67263
65629
66871
69075
67958
63892
66134
62889
69128
69145
62824
65919
63446
63256
64515
65983
71827
66243
63674
66625
62740
62390
55813
64852
64585
65516
67377
66863
64337
67255
66639
61735
63069
64306
66740
64325
66950
72161
68198
67538
57724
61466
64570
66762
60647
62974
69280
72920
66545
64599
62846
63670
59020
63888
59936
66088
64817
69183
70405
60410
69661
65215
64772
66267
62114
68888
69931
65487
71063
64688
62127
62392
66538
72339
68028
62307
65037
64350
70388
64981
61015
69741
67176
66103
60111
61297
70593
68988
65113
67450
68160
64994
64206
66071
61621
62658
69407
65404
67324
64472
72191
64155
63716
65479
68927
64369
66805
67690
66802
76304
63980
62056
66184
61380
71441
68320
58465
60900
60449
64123
63530
67756
63409
68580
63906
66793
67219
68060
65645
66144
63566
66064
63743
67021
63719
65475
66183
61933
64059
57985
66116
69185
62403
63762
67770
65555
65454
64653
60654
69172
65126
67719
68789
65966
67606
61913
68784
58541
67483
65101
58617
65494
68125
68644
64239
71704
68460
60200
69144
73736
63276
60036
61890
66474
63545
66785
64676
64704
60575
70706
61442
64539
68396
66365
66228
68167
68534
65600
64190
61297
67752
66947
66926
64280
66714
60195
64656
66527
63325
69228
64581
62116
66621
62840
67782
67505
65140
61484
69582
71849
61236
58146
68072
64510
65122
68148
63050
66136
66235
68935
66853
56696
59381
64338
65700
69805
68267
65999
67392
67238
68654
65480
67608
62498
68247
67721
67232
70253
60877
68063
69217
68039
57919
69607
63883
63575
65251
68499
65635
73132
62599
64522
72962
64592
62117
69370
64307
63347
60606
69341
61127
69227
70165
66757
64824
77015
68851
70238
65817
60489
69567
63628
62743
64588
62310
69648
63161
68392
68177
66859
65036
59619
64202
65940
59066
59286
70641
65870
63205
66584
61860
62940
69500
67119
63336
69862
66862
69762
69842
64188
68645
68207
62815
63589
68305
63176
63150
69414
61453
65558
67200
59107
65591
64502
63650
65149
67301
63659
67306
68934
60247
66943
59694
69714
63642
60606
61365
68863
62633
62099
58794
66000
63910
62001
61956
62874
68760
63446
65492
70532
66167
66043
60202
68976
66220
68383
63650
69535
71894
67779
59855
68128
65411
67382
67241
65905
68768
68339
62060
66696
64882
66536
61489
64173
65209
58212
64058
59362
68323
66137
64102
66205
65269
63999
70224
68137
63709
63461
62056
64701
66961
68149
69106
64238
63010
60374
65558
65130
64799
63197
67986
64821
65339
70052
65596
68884
66712
66909
66619
67336
67845
68541
66257
65371
71095
60659
63738
69140
66882
61660
72932
68966
66428
65376
61362
71248
67791
65374
64920
70049
64389
69120
66451
69361
62915
65779
69717
66116
66209
67261
62750
65573
62165
66059
60681
64503
67003
66723
70346
65588
63688
68058
66065
70145
65753
64414
58385
61878
66390
63312
67274
71511
65993
62947
64840
68634
68448
63010
66438
60629
68625
75236
66232
68498
63170
66747
70096
67423
66984
64096
63744
66542
62824
64686
70847
70104
72894
68838
69978
66331
68993
62659
65193
62932
68645
66607
61851
66930
67224
64279
64520
66555
68103
64752
67007
66055
65272
62562
65109
66794
67620
64384
62969
68697
73568
67661
64843
62814
67303
70385
65348
68576
64187
67941
69033
65423
61442
64870
63607
62918
69292
67678
64588
63226
65185
67939
60385
66507
68537
69214
69047
66468
60036
58917
62773
65217
64290
67177
68414
62308
57986
67796
69376
70172
65693
65485
62125
57416
65488
68752
70199
67334
64155
64202
61668
63150
64640
66507
59331
66522
69382
59433
63666
70075
61786
68121
69002
63114
68086
66297
69252
63429
64015
70551
66205
69039
67156
64161
68660
64686
64984
66413
72244
66989
70267
67439
60636
64876
72402
61788
64163
66817
62469
64249
57878
70381
65676
61474
67660
57544
63945
68932
69223
65987
66820
65248
65789
64066
66964
64389
65057
64325
65747
68270
67605
68321
69621
64837
61948
60792
63977
61567
73911
65747
65340
67505
67388
60179
66606
62320
70266
69269
67871
65232
61191
68301
68182
69382
66366
63290
62919
67601
59522
66626
65868
64389
66914
63345
64391
66208
71875
60729
66812
66297
62783
71293
63336
62791
70019
65233
65941
66272
66643
65119
65106
61053
64772
66124
66534
70310
68426
56591
66242
62372
62247
63199
64318
63532
64523
65852
63621
64950
70291
63248
63781
63036
67618
64806
68917
67612
67957
66163
68971
55872
66979
62913
68053
67457
63306
65373
66939
69183
66822
69765
65276
69001
71389
58911
69557
61451
71078
67750
66595
70947
66470
67141
66770
64905
61489
64481
66395
67330
65229
68577
68702
60680
65888
58641
61931
63251
67463
67362
59918
66079
63495
69595
67101
63327
63993
68107
68242
63256
59654
65940
67103
67078
57423
62168
64118
67117
66566
68811
62607
65341
61723
65251
63786
60609
63414
72018
66315
68555
69361
62393
67482
65569
60122
66304
62497
70003
63089
63463
59693
67464
72068
69401
67889
66412
61895
65541
67281
69748
67138
61149
71491
64317
71163
68152
68581
66094
62334
67331
63239
63979
67550
68570
64776
65617
64397
61897
66309
66740
62909
70757
58339
65365
64282
64106
70704
60618
63051
67614
62983
65958
62927
61165
59148
64661
60524
63219
63975
68213
71554
70657
64982
68937
66602
66917
70513
58930
67783
67199
67187
64478
69085
65829
66631
65212
66311
67565
64344
67975
60392
66131
66538
70179
63713
63903
67530
59937
68454
69428
66147
59479
67648
66888
62371
65555
65486
66093
66046
65513
65722
59398
70773
66534
60593
74868
60038
65164
65904
65984
62941
65153
67184
71541
64213
62531
65952
67699
68518
67771
64601
61687
67426
64624
64647
69717
64939
61892
66981
65373
66320
63466
66441
67053
67291
63980
58645
66660
67385
64720
66286
68793
67144
68992
63050
67360
66052
62903
56425
66891
65821
63570
68062
68238
63757
65242
68301
64031
63646
65032
67590
63603
64195
62017
64026
67657
69634
69346
58369
62993
65232
64186
63875
65828
61712
62955
65495
64731
58934
64522
63472
68553
59115
68629
70544
67064
60290
68233
68500
63891
61456
67500
66373
64573
66663
63289
65775
66146
64661
62814
58785
66961
66615
63561
64970
61782
69138
69214
62552
72686
60921
66308
69073
64943
67868
65610
64629
64041
67158
62125
64510
65187
64629
64395
70173
63748
63199
68740
67425
65681
66398
67338
66482
68032
70444
69686
70825
59737
64268
66773
66698
64964
63704
59344
64239
62739
66772
71456
66536
64407
63723
59334
63852
62927
65078
67233
71423
64736
64743
68475
68277
67176
62840
69492
65404
62654
64896
61101
64977
63872
63397
68979
65898
65249
70971
66219
64521
62474
64407
63554
65050
64909
69906
66051
67946
66415
67010
67023
59817
61053
64696
68766
60867
55774
60738
59829
70420
63402
63233
67070
62390
66686
60322
63495
66710
64369
68523
71062
66134
67967
66466
62535
65579
64735
69335
69307
70325
66480
63949
66838
67429
63690
66827
67142
61815
67984
66761
67334
68030
63950
72633
65461
66589
74851
63280
70932
66588
61144
63449
64965
64427
64278
66387
59485
68736
71927
62784
66940
67712
68282
65069
68426
64943
65361
66902
70492
68632
64211
72175
61826
62679
63778
64146
57208
66355
62798
59962
66646
66425
67318
64674
69613
62954
64894
60628
68915
69161
67839
74793
65512
60654
67887
70513
66036
67466
63546
62026
72299
65650
66843
65291
65309
56931
69022
63733
61026
62718
62716
65627
65183
67257
71507
69461
62829
70337
68739
66931
64314
70485
65968
65401
67727
65716
74668
61515
62947
73391
69877
61288
60899
65823
70136
64486
68018
68921
62822
57221
63145
65259
62817
60402
67991
65918
68262
68406
62794
64722
64719
69396
65469
70908
65176
65617
66750
68391
65214
64301
62570
60875
68238
72065
67284
63856
62888
70570
62935
68443
71968
69210
66345
67445
64742
67482
62164
66163
67683
60795
61961
63879
64912
65145
66112
65182
63517
61133
63410
62836
64515
66060
60682
65850
64788
63058
64495
59779
67902
62601
65714
65167
69198
66327
67219
65171
63117
61856
66228
73622
67066
62396
66244
67058
66251
62122
64903
60743
64463
65564
68793
61255
66445
67823
61818
69259
68575
68875
67300
69409
68472
70750
68548
61325
68111
67105
64646
64424
64193
67960
69260
59689
66287
70779
67766
71307
67461
65987
70703
59902
59577
66965
64164
67981
68576
67575
64820
63463
62891
68243
66996
57485
65906
67141
65702
66928
69205
70779
66229
68868
63825
63297
69825
67173
64386
65863
62872
64064
66558
65961
67089
66812
62749
64365
65435
65331
64885
65788
61904
68334
60434
63889
64132
65182
69345
65882
65309
63678
65544
68461
66210
61842
69666
64066
61781
68014
64147
70153
64672
62628
66642
69641
63203
67341
68630
63405
65564
59807
67476
65671
62158
68533
63512
63053
64318
69392
66885
64793
64895
69585
61843
65063
68200
62855
64536
66935
64765
71432
68095
61609
60847
68504
67903
61896
65022
60881
68201
65199
72740
69221
69001
71475
69727
61097
68693
61690
65083
62873
64328
62565
65101
66822
63669
66518
66350
65849
64788
70573
65747
61725
70603
68320
69709
61690
61566
65806
65729
66410
69695
60829
67673
65306
59314
70862
65907
74943
61380
68416
63098
62993
67005
69866
66150
70291
63789
66049
64758
68032
64256
70993
63784
62742
62330
60660
63557
68133
68400
71688
63225
62264
60324
61390
59609
66019
71248
65714
67523
67804
67273
69344
68167
63465
67586
68548
63626
70197
67678
65324
69447
63799
63064
64705
64954
68785
70969
66922
65938
64743
65848
63349
62790
66588
64773
69844
67123
62935
57484
64551
66834
61387
60398
68131
63877
64944
69534
64956
66147
67883
65572
65156
67453
63429
66766
58896
65787
60724
60911
64852
68279
62318
67624
66234
64103
64130
65549
66955
67614
69296
66040
67225
60226
70699
70148
67623
70083
72004
66791
63961
66307
66727
66755
71842
68258
66972
62333
67460
70070
62827
59399
63194
66590
59960
59504
66183
70009
67963
63637
66821
65621
62803
71571
62110
67961
70081
70170
62259
67298
65139
71577
61608
64755
68319
64324
63437
66816
62451
66247
66835
67252
69823
57371
66478
69147
64254
61425
64132
61079
62986
70330
60376
69318
67004
66040
65300
64176
68053
64095
65814
63677
69602
65816
59425
63842
64017
64921
63363
70452
60267
59540
66762
67034
62908
67861
59921
68368
65073
65961
64398
67057
66942
63794
65380
70597
66774
59726
71695
68595
68964
66733
64401
60009
65240
57969
65890
64081
64436
64960
65319
63766
68485
66653
63738
65148
65089
69966
66026
64405
62254
65416
67170
72803
62246
64442
69890
69602
63602
70300
64466
72560
67512
65590
66686
69571
66079
64394
66094
60140
71144
68833
57276
67376
65971
66257
71057
64372
64647
70513
62460
61655
68055
66506
61007
62904
68496
68491
67783
64468
60593
67156
66428
62448
66323
65757
70031
65960
67435
64515
63308
67051
67854
62351
67898
64551
68604
63774
68442
66590
68620
70539
63860
71130
67547
69086
69576
70976
66108
66447
64675
67477
63189
63974
61425
63955
65524
64504
71180
62462
64746
60920
66718
66620
68450
60575
59822
68244
64746
64303
63096
60770
71928
62509
62853
67995
70583
65602
65921
66325
63613
69387
63986
67609
65035
64279
67087
67510
64422
73174
68531
63540
66960
65569
65623
67538
64314
63728
66139
72622
65177
63120
70351
66206
69556
65381
65672
67099
61954
66151
61617
66282
67934
62538
68420
60774
64233
64563
65937
65127
62104
69489
69660
62016
65122
64734
65611
66269
63421
63223
64256
65538
65578
60362
67648
68168
61680
57755
63393
58467
58746
66903
66725
66941
66311
61798
68199
66447
61283
69643
64070
63450
66031
71538
61396
64354
64843
62802
66240
66026
67520
75001
69141
65343
66763
66228
68219
66018
62959
70078
59955
71320
66241
61109
62667
70102
70309
58656
66814
62968
62697
63682
60923
67752
63894
67641
67478
63660
63965
63470
65981
63310
67999
61897
64440
65110
65829
62135
66471
65629
65843
63277
60858
68896
65380
62107
68294
66508
60511
66590
60857
66622
58212
65515
59845
65249
67165
65142
64952
64033
62975
67950
70712
66355
69894
62155
64471
70542
63306
67972
65496
71547
65406
57127
67980
62913
65420
68605
65590
70877
65160
70974
63167
63212
59756
65754
64233
67167
66168
71740
70577
63173
67041
66420
66321
63062
62236
62849
62194
65147
65145
64586
67266
65011
63734
70440
67371
61614
63965
65998
68791
64079
59827
61440
69200
62727
64186
62914
67755
63564
68529
64634
69261
65397
62780
69597
66250
69534
61632
67539
66524
62577
62824
65805
62196
64327
60348
67396
66670
67006
72345
59093
65699
70231
67718
67636
62847
61919
66146
66221
61334
69022
64141
65137
68745
65396
66198
69973
66021
68690
62517
59332
72888
72001
69805
65526
67758
63771
64605
64529
61867
62646
68023
66220
66099
61379
62003
62532
57536
62520
69619
64795
63633
66651
62144
66492
63065
61388
63245
62848
63513
72151
66141
62066
69203
66590
60000
70428
60286
68470
65819
59852
67204
69238
65722
63927
62541
65407
65173
66055
66236
61765
63809
66930
67370
64539
68074
61805
67273
64829
61271
69256
59137
64172
62908
65588
70645
63022
63788
65176
63741
62770
71906
65839
70289
64643
69535
72345
63174
66936
66362
67027
62375
66718
66739
69463
64011
59272
67977
66382
68883
66731
59118
64978
65549
63474
66117
59105
63884
67931
68156
72014
71280
63055
70380
60149
70090
62832
69414
66143
61121
65610
63637
68161
65063
64110
71810
64552
69236
63105
65746
63996
67967
68121
61861
61483
64702
68648
66003
66200
55651
60788
65025
70236
70585
59020
67789
63596
63118
66691
61115
68156
67875
69375
65922
68892
63299
67171
64085
64620
66549
62559
66298
64764
70950
59710
66981
61084
63838
60279
60187
63678
65285
63652
65274
66660
69763
69353
57165
61548
62807
62564
65813
65089
66276
66068
66193
62487
66743
66970
60282
62294
64991
62183
67964
63449
63648
66370
71152
58532
72905
66826
66297
64354
68644
61714
72112
63223
65256
61663
59719
67714
59080
62524
63521
70681
64195
54153
68439
62667
61625
65156
70353
72942
63933
69696
66154
68490
65665
61102
67573
61172
68088
70036
62854
71228
61314
63985
68495
66523
65476
68595
60305
68549
62947
63442
68688
67544
61838
66882
64625
66848
67089
66805
67477
69041
59119
65254
66658
69593
64274
66399
66651
63114
66427
61722
61001
64543
60569
67037
70122
57138
64607
63295
64837
69924
65698
62853
63119
61806
66135
68548
62645
66842
68547
63873
67507
67255
69765
65968
58304
67353
62151
72455
63997
72671
68008
59511
69308
63571
62190
67809
69796
68022
63353
69192
66221
67611
57882
69186
60918
65496
64092
67556
62149
66280
69552
69432
66495
58773
60631
70889
69927
65510
63733
64906
65496
65475
64326
65734
66372
68482
67422
65289
68767
70050
63815
65936
68906
66776
62787
64739
65647
69021
61562
63854
70978
69770
64393
65336
66714
60723
71923
62658
72388
69887
66563
60639
70387
62223
63002
59838
65394
69171
66185
65720
61783
69447
69418
64686
72039
66222
66993
65954
63916
62663
64013
65247
72396
68960
65341
66699
63324
65280
65701
72635
67293
70987
64750
72647
70009
66326
65249
65662
64152
65704
60564
62685
67383
61286
63980
65415
53836
69796
69605
64965
68460
69809
65273
67101
67506
67998
62892
64735
66411
66744
69116
66975
65528
65434
69761
64079
63114
64050
66688
63072
68773
72953
61173
64762
68393
66132
68164
66561
64627
69921
64269
63815
63910
66425
64721
71673
65941
65991
56245
66666
64380
60242
67923
63471
65765
66610
67376
65537
66603
67009
62030
65907
65592
73344
57363
67115
59624
59814
62530
64933
61914
66367
66878
66237
67533
63902
67800
68245
64047
65810
66705
68082
62810
60331
66083
66630
64972
61561
65197
68083
64907
69518
72509
61811
59624
62483
68453
69811
66974
65401
65092
61873
62519
61556
64717
62112
59840
70591
65285
67807
68293
65587
65895
68867
65454
67426
63985
63492
71055
66241
69506
62522
64565
69995
68974
59365
69581
63457
63040
73796
64661
69620
68886
60763
68101
68226
63251
64996
62649
61658
65532
62917
63245
63459
64583
68985
66229
69907
66928
69116
65443
63205
64038
67596
60251
69387
64303
67134
59872
61648
71326
67519
72443
59542
63812
58574
65612
62655
69012
62279
58087
67778
70191
66996
65779
63339
67280
65207
68417
65719
61390
68413
59890
63251
59608
64275
68918
59448
62815
68426
70128
66019
72444
65333
60047
65575
73588
59961
66641
66848
61607
61297
64494
62927
68817
67039
71218
68447
63901
61948
67397
65916
65802
65571
68976
67673
65693
65992
60244
66219
58412
69958
66821
63964
67519
63789
66423
67713
68616
65029
62147
63153
67093
65550
68062
69968
60700
64202
67875
67448
61643
66968
68921
61996
62562
62814
65515
69396
72699
72673
66231
68254
65849
63864
61651
66355
66210
65652
70097
65419
56362
68814
68441
66422
58802
69711
63713
69252
67906
65726
68613
65079
65218
61042
73518
67726
61917
68138
61208
59279
70471
68722
69938
66672
65837
60315
62086
63269
63261
65361
58002
66306
65064
62486
64543
70705
68764
66233
62219
67369
67496
65473
64253
59461
65028
61669
65084
65072
65240
59949
70827
70743
69717
61436
66147
66456
62780
63186
65904
60215
66413
68018
61702
67822
68586
62938
61351
65978
61656
64878
64583
62965
63373
70707
62440
69112
65309
61329
66787
72433
64984
66216
62174
61600
61699
69274
67641
65469
61863
67526
69308
69048
66032
63649
65988
67670
66433
73802
66701
66425
64892
69969
68013
63460
62799
65280
65693
73015
66665
64050
65083
60616
66661
64595
58389
65686
57332
59952
70480
61857
67693
59852
65856
66109
67194
63311
66218
71063
64269
59363
70607
61980
73883
68261
68560
68008
70289
68849
69048
73189
66664
61080
66555
66597
57188
64860
67233
60825
68540
68822
63064
65599
59294
71553
65457
63567
66104
66745
65050
62646
62521
67862
62356
66030
59302
65121
60020
71475
63368
63429
65256
65925
59686
64923
69468
69688
66149
65191
62322
65978
65979
61291
65228
60586
64028
63108
67104
62464
65738
65590
59910
73222
69406
64681
72858
64141
70911
66720
63872
68589
59921
69017
65688
64637
61035
58642
63010
62373
70233
63883
63280
65523
65499
65418
66314
71805
67125
65526
69068
65483
66356
62038
65935
65288
63977
67097
72147
60641
72392
68180
63021
66642
68567
60462
64543
64540
65440
65895
67441
69634
66265
60810
61219
69236
66559
68697
66565
68122
64842
63574
60572
67485
62711
60505
61356
65041
62560
66258
59060
64983
66662
64176
64663
68313
70091
63605
67536
54442
65895
58976
66733
62743
67102
61103
70342
69060
66430
65453
59237
66840
56304
62982
63090
61917
64712
64811
63203
70636
62844
63712
72472
66486
67165
71132
67857
63029
68597
65406
69241
61221
72393
64532
67485
64952
56161
66114
62624
66483
64176
62898
63083
56489
67368
68228
60492
64460
62138
68941
71478
64215
67218
64756
70833
61910
65488
63328
65014
66134
66019
72635
66246
64635
70598
68476
64649
63872
59248
65363
68151
63456
70635
68319
68155
67058
64660
65748
59938
69315
67408
61101
64525
64649
66860
63694
64987
66850
61522
65454
67202
70257
68301
64853
68864
65598
62557
69506
67767
66015
64189
64215
60232
63850
63639
61731
70333
61941
65336
65944
63562
66576
61569
63993
71978
60117
69260
61547
63473
60669
69464
72480
61777
61439
64809
61799
59431
62151
65110
66864
71057
65523
65616
64784
63609
65348
64153
64178
72231
65487
61080
65760
62439
62699
66093
62343
63221
68655
64661
69033
63483
67015
64125
68149
67471
70391
68961
70779
60859
65311
69243
61803
71691
63423
72973
70586
68026
64125
63771
66793
64085
62765
65798
60358
69612
66400
62954
66784
66646
69424
61465
66299
66238
62613
65168
58066
67830
65473
68346
66468
68424
65966
66362
61414
65475
67858
63977
64999
62793
63429
63883
66861
66547
66151
60590
64087
60231
67872
69881
61403
67376
71530
61654
58590
61725
67069
65176
65917
66161
60243
69233
70106
67975
65995
63630
65807
64844
69302
66613
64548
70104
67849
72569
67814
67171
64107
63849
69081
64528
66556
64979
63906
66693
70072
58828
65072
65414
62589
65280
71279
65591
66849
72970
65613
65617
63410
70349
63241
72737
70034
68434
68893
69161
63204
72749
66887
67553
67472
62954
70578
66619
67384
69686
60569
59906
68515
63874
65777
61433
64228
64425
67345
63904
59656
62219
66180
67105
69532
64785
62701
61267
67270
63100
64848
63995
65073
64109
66646
67511
66082
63454
62479
68712
64935
60348
67066
60365
63214
66252
67843
61592
66201
63471
62801
63668
65407
61837
66950
65357
69042
65608
64129
69072
61342
65278
57060
61260
67171
66294
64335
