65353
67361
62887
72641
64139
65401
64524
66043
69053
63570
64236
63515
66649
60985
60286
68335
59896
62990
62734
63026
70154
65196
62736
66667
62614
63719
64121
62224
61894
63691
63941
68373
63780
65586
66669
66594
64723
64368
63119
64286
62861
61719
69542
65058
65493
64369
66526
60938
58932
64770
66297
60630
72300
69494
62244
58603
72578
62179
65816
63719
59807
62332
63617
72315
67258
60192
74540
62604
62358
63992
67908
69154
63847
63238
68475
63049
63541
62745
64978
61695
67475
55324
68648
67205
62823
68339
65705
67422
69398
61266
61404
67726
60326
67913
65226
65479
61772
69227
66761
66496
69858
62404
70004
64588
68337
64483
66147
62754
64202
70705
67186
67141
66389
63172
66830
59824
67592
60842
62662
65176
65178
65689
60998
69282
72375
70570
67207
63367
67493
61190
70284
66814
62973
69428
66585
66778
63374
67408
66833
66134
65262
68820
63887
67031
67703
68884
61013
65926
65730
67710
66094
68971
68128
64906
66783
67515
69704
68615
72104
69101
67753
61147
64768
67015
63338
65034
69144
63488
64523
61463
63908
65584
62580
64551
64037
65379
65210
67799
62558
67053
62348
64143
64502
63024
63802
70299
73459
63180
64678
68821
65893
63703
69973
60544
67476
69498
67070
59777
65867
68376
62065
65483
63612
64203
70004
66289
66245
62239
66739
64706
67068
61308
65698
60700
70910
62469
64501
65640
66460
66542
64740
66230
63811
61064
67960
64947
63116
64910
65451
66424
69003
65893
64348
60448
67513
63376
66985
72335
61564
70442
62278
69202
64097
70372
64363
59499
64300
65682
65415
66339
65183
62366
61817
65285
60605
67225
70722
64807
66661
66330
61835
64613
63859
63647
64845
60662
64154
71947
65278
66728
65516
66894
60413
63278
62806
67849
68783
61642
61277
64400
67812
64048
65783
68560
61415
69143
64303
66703
65255
66121
63938
72555
72943
64371
69966
62055
63987
64926
68727
63283
63642
64333
62001
64882
59384
70182
77001
67390
71222
69250
66355
66798
69194
63715
64038
61345
65237
66663
63940
61798
63804
64989
69957
72439
62113
65893
63212
66062
68070
66462
62628
62129
64251
66945
64252
67691
64975
60603
61358
60721
68722
60900
64807
60922
62586
60247
74590
62199
74938
66274
68741
64444
69133
62498
63043
64561
66490
67360
61628
70171
68191
71210
59287
73383
63649
71987
67788
66781
64067
67172
64066
65634
65098
67335
64385
63587
59176
65989
60033
66149
72078
64420
63831
65419
66316
61905
66332
69293
64779
68769
62750
63737
60814
67529
72358
60684
61160
63564
65708
63592
69764
59677
65418
63080
67339
72323
68853
66138
62578
62965
75407
62260
64426
65441
62135
62399
60674
64626
67978
66877
62472
64925
65681
64699
66355
65411
63938
63066
68459
64933
70023
65639
70018
67904
67510
68392
69401
63454
65446
64686
62452
65007
66452
67068
63628
63585
64629
66609
65769
67451
69305
58451
64046
67812
67787
63100
66420
63878
60596
64579
65983
65329
59717
64041
63566
66512
66968
68768
67292
62148
60823
67833
64914
62583
66486
66549
68071
67324
63848
65369
63159
60846
66888
65584
59480
70272
66310
64196
65019
66484
63958
70230
69439
68713
61973
59534
67123
69669
69387
71187
63046
62848
65913
65976
65708
59250
61637
64991
65150
66285
59337
65619
69144
62488
65797
66850
62957
64895
63336
71830
71076
61273
64990
67939
64120
59877
71421
70595
69414
62307
64613
63193
69451
60212
65731
66311
65293
65724
62001
65416
61695
65017
65067
64744
69652
63911
68012
64154
69148
65517
63376
61106
61532
62115
58059
62878
65319
66009
61736
65269
61630
65455
67988
61546
61747
61680
66338
65528
62442
65705
63654
69847
64520
58744
63401
66783
66957
62169
62630
63391
67077
61340
68987
60262
66601
69113
73066
64786
72442
62497
66935
68811
64500
59016
62877
63379
64311
63176
64551
70477
70098
65097
61073
63659
64589
72369
71899
66518
63871
69546
72280
69169
65561
65343
68914
65111
69501
61380
63663
63933
69776
61713
63763
59372
60641
60436
67484
66885
63092
60666
70237
64206
66072
67309
63565
64166
64997
57479
66075
62377
72178
66975
63445
76996
62457
67832
64861
66351
61325
67546
59631
67320
68598
68736
62639
68137
62739
64435
63552
63296
60782
62120
68314
66761
68817
61637
61459
63092
69974
65807
65222
62253
63735
64081
70548
66035
62215
70532
69006
60327
61376
63001
63835
63209
63226
62151
68218
64472
60835
66075
63015
59867
61571
65290
65203
63423
66311
60673
67534
65847
69770
65673
60567
64269
63927
65159
65272
69032
63001
63751
60965
63689
63954
65193
65241
69493
67799
67879
63763
64839
63626
65484
66105
69018
63356
76888
62778
64290
67225
67344
66919
66487
64630
62629
67608
66640
65215
71302
63850
68102
62379
62569
66478
64855
65435
65899
68913
68777
61911
65978
65074
69527
67261
66183
63229
63392
66368
65177
68832
65889
68657
64532
72406
66563
60464
68169
68278
65545
62720
60412
62353
74249
62494
68199
70481
67359
63314
68775
59827
65047
62247
62202
71810
66428
62066
71638
63191
69829
65286
60278
67873
62494
61867
69786
71436
57908
74256
68173
64359
65090
65780
62234
69642
65008
66961
64644
63966
63990
65548
66339
61705
68368
67958
64756
63963
64928
66009
64105
60062
66947
67629
62899
61825
66168
60449
67035
65252
62271
64289
65003
66049
62054
63387
70222
64049
63603
63165
65897
73975
67955
62625
66136
60193
64379
67651
70083
59343
62753
65571
62500
61515
61695
63001
64265
63459
64674
62569
64729
62134
70297
63454
68168
67875
63419
64365
68617
64390
64248
60912
67683
63852
65442
64226
62177
63200
67221
64942
68293
62129
62115
68364
65154
67694
67897
66572
65091
59795
64836
67451
64464
68455
68839
76951
66226
66500
65555
63745
64235
66757
63860
64450
69570
68099
66788
64353
66769
64151
59518
62977
63593
74405
69875
66516
64331
70817
68201
61993
58898
64541
66486
68340
67455
72770
67225
71658
64988
66262
62080
61003
71096
61654
65857
66308
64812
69146
62346
61416
65584
60438
66394
69131
68838
64549
59371
63135
68931
66038
66743
61017
66095
70391
61584
63935
64973
71449
70067
60841
62256
65961
63676
63012
66082
66893
65004
69699
68546
61880
65668
63794
66617
59493
66946
67407
65592
62311
66723
64290
63450
64293
56287
67129
69210
64894
69972
60118
62865
73460
70524
71050
66979
67604
63388
67734
62626
67206
64302
63894
63105
65426
64932
67566
65011
67378
64083
67403
65596
64895
69347
67046
74070
64960
62078
68825
67358
63374
65516
65617
66430
70810
62090
65948
63423
62436
65108
63528
69370
62441
73366
63644
65973
73271
65577
63044
62568
66859
59897
62736
71343
62115
58247
67875
71539
69396
64610
67589
64310
66407
66378
70902
60743
69902
66547
62795
64716
64850
63005
62668
65471
66909
70067
63392
64154
64174
66815
64378
71350
66427
64559
67823
62040
66504
69143
64468
68347
63363
63623
65934
69854
61724
59777
70137
73864
63094
66577
65952
63023
68119
64941
64843
62304
64244
75753
72328
66755
65372
61527
62913
65075
63730
63876
62559
65591
63526
68720
62932
63421
63882
61135
70550
63102
62050
63124
74153
61702
67231
67557
65821
62701
65436
58728
68610
66565
58865
66493
69142
61913
66787
67799
70866
61939
70262
62041
61212
64336
66255
55767
62380
61148
65255
71003
61738
67500
68452
66497
68928
61666
68000
62798
62996
64239
66039
72039
66897
65134
72713
72444
60799
65203
67952
64504
69429
68238
61797
63989
67812
61477
64236
61565
61494
66912
62567
62968
68373
67542
62878
67983
68011
61874
69889
65513
63912
72664
65480
66585
67477
65925
63817
67467
63812
62305
71288
64157
71949
61608
67485
70866
69990
62369
68573
69162
73051
65074
67202
69271
69322
68310
62463
67694
65579
60893
64910
65032
71342
62267
64858
62806
67477
61766
59739
63366
71755
63041
65660
63739
63873
65168
62455
62847
69206
64395
66196
64550
69848
66927
65863
73780
67047
72351
62862
64939
67001
64872
65803
67109
61160
63033
67414
67678
69210
66381
64140
63023
62150
66859
68162
71139
65513
65943
66280
67960
63173
66258
65733
61310
65475
62350
64380
64191
64470
63783
63305
62662
64822
65701
60411
70804
67384
62119
64217
69655
58889
62275
64655
65695
69993
60281
63355
65697
66157
61312
66703
62137
64633
61921
68265
65293
61605
64960
64869
63855
68445
65498
69089
65016
70778
66585
64100
64369
61054
65484
67436
63106
65010
61229
65319
66677
73562
69409
64692
67837
63842
60059
65081
68231
66239
62577
62747
68162
64645
70840
62585
57085
64846
62702
67990
64346
61272
63701
64118
67007
67377
64545
68364
66396
60622
61265
58920
62391
61375
64750
62252
68545
65880
68247
62567
64481
69440
64170
63889
66816
66567
64532
63065
66329
64096
65020
65800
68650
65965
64301
63515
66707
68206
62519
58380
63477
66235
68375
63815
61020
65723
62630
66912
63215
62215
65648
69902
66208
67523
68262
61983
63461
66497
67930
65887
63217
71126
64578
62665
62052
62203
64616
71538
72898
68420
65856
66806
63934
62778
68930
74068
63351
61907
61206
65379
65587
69133
74803
65583
62469
61182
63785
66946
66896
69646
68011
66444
64578
72389
64564
61902
72265
67460
61290
69512
63048
62243
68050
63080
64783
62019
67712
67092
60877
64872
62209
63954
66940
62553
66396
66092
64670
59450
64114
61123
63685
70831
66202
59320
69511
66938
64279
68752
66847
74206
61024
65396
69865
63478
74636
67166
62306
62044
65087
64275
65824
65283
67038
64138
66703
66017
66768
65325
62910
63530
62863
61690
66241
69331
70649
67132
69760
58109
65325
65731
63624
63734
71368
64483
68917
61123
62003
63281
65840
70188
62882
62992
61903
64716
67861
68261
63533
72157
64463
65205
66703
64186
67801
66701
64870
59755
70722
64284
64782
68408
60243
67811
68399
61339
65839
65132
64808
64446
65954
65968
70347
66308
64952
64552
61085
62767
75894
64837
68860
68997
67959
66776
67603
66564
65220
67508
66126
61102
67906
67338
68134
63517
66273
62320
63523
63200
64914
62271
76870
64123
68268
63112
63669
67844
65698
64161
62080
64273
61563
65796
62244
60162
72905
61747
69892
60425
63393
64493
60537
64614
63969
64324
66172
69848
66607
64687
63789
65843
62629
62515
70780
65184
73241
69350
67902
63664
63759
71679
64997
67642
61713
64007
67821
67116
63061
62936
67897
71997
65134
64005
64028
74794
69085
66984
63992
64521
62416
68601
65731
69583
65821
67333
70862
67728
59637
64765
62649
61921
68836
63645
65502
71436
64776
68721
61354
68077
67676
71949
63662
59595
61885
63263
64670
69391
65530
63835
61578
63971
70236
60076
66777
60353
63020
62626
64982
68902
63788
67915
67130
63581
62635
66304
65454
66694
69388
64771
64353
68271
60700
73619
65707
66814
66997
60745
70852
68118
63521
68191
65115
68252
70219
72613
66422
70962
67937
67134
62963
60023
60785
66094
62302
64486
64183
60909
72881
63363
63913
63925
66610
62168
65243
64458
65861
64769
63567
66749
63183
71117
64945
64548
61199
67411
67210
63600
71657
62741
61861
64930
72209
63489
64210
68861
65516
65585
64982
65029
65558
65350
72307
60686
64552
70881
57366
71536
65909
65169
65090
68236
65920
63927
60034
66886
68684
65122
63441
62683
63373
66483
69624
63698
66460
66436
61605
66138
69393
64122
65699
64760
67672
64643
64052
63825
67129
73236
64430
63736
66361
64794
62432
63965
62253
68119
63761
65023
68278
76117
64207
65251
67562
63102
62940
67364
65831
62882
67076
67481
66042
63544
67527
66904
69254
67081
63481
61678
61934
73582
68180
65840
66913
67239
65244
69596
68222
65576
66350
72876
66565
67666
62651
72654
62581
60882
64042
71237
62944
62699
67223
69886
63629
64709
66512
64427
67861
65297
64930
66422
68375
73062
64140
64474
67572
66106
69517
62120
62053
68662
59088
70499
64772
62179
66133
63284
65461
66454
67064
63952
69133
66577
65886
66454
66697
61205
67373
67959
62481
63699
65391
64684
63781
64602
63131
60969
61632
60641
71897
66828
64321
64393
66112
67420
72373
66858
68456
64322
60106
64550
66684
67399
72385
67263
68252
65996
63881
60133
66345
66338
62722
62904
63935
68347
61804
65667
68550
66182
70292
66099
67242
67746
62264
65175
65823
60516
64859
66566
68747
66683
67578
66024
66168
61439
65024
63210
64668
64094
64081
71800
70347
66386
62457
70563
77005
70712
71787
60990
67740
67922
64036
68840
64404
71199
67642
64381
66723
62679
60439
64942
63191
64618
68680
65492
66346
61944
61969
61072
64605
67161
64259
63695
67434
64269
63968
69479
63175
64332
63785
63132
67161
59132
65610
64499
57379
67872
60549
64500
70243
67691
66111
66663
66818
64695
72202
62484
59712
68408
64160
63429
62899
66005
62767
66133
65710
64197
60927
62579
66888
59506
69468
68522
67341
66955
75075
64726
68392
71627
64444
64658
63800
66408
61697
68223
66184
70840
62321
62100
63310
57424
65559
70810
63265
60909
65039
63660
67588
69244
59405
65421
64253
65781
65763
75441
62225
67389
70378
68479
68482
65445
65890
63858
60062
61832
68359
61062
62481
64169
66781
60933
65106
65671
63415
65356
57520
69819
68230
58521
61463
70078
70525
65249
61237
66602
63144
62316
68366
75058
68016
65814
68372
71105
63169
65155
62918
62786
68396
66359
66362
61889
65602
60570
65897
65454
64343
62799
65859
66793
68642
70553
62940
59597
63832
67259
68294
60860
68243
62751
59678
62056
64736
63680
66339
63646
69089
64914
63456
70646
69316
67235
66165
65928
64964
65891
67618
70255
67732
68350
66572
65015
70777
65222
66292
68111
66592
71847
63252
68608
65358
65906
62067
64753
63894
65902
68047
69434
64850
58337
64040
68832
64834
64047
64827
69136
66174
70706
66626
65507
62433
70115
64638
63325
69476
62013
62630
62358
63817
61878
62725
60705
62655
70035
63058
64003
66438
66666
66906
63198
62011
71955
64792
60680
63378
60231
63665
65087
60745
71698
72091
64136
66937
63178
62629
63557
66259
67676
68291
62935
64107
74714
65167
63969
65369
64172
62061
60680
64849
62364
67292
67853
61509
63938
66705
65210
68312
67041
64529
65113
64018
64284
68446
66728
65636
65741
66193
65284
69380
62851
71068
67225
66970
65891
61935
65191
65762
67447
65527
62735
64868
69450
61650
67038
69518
63148
66954
61222
66410
68578
64448
61672
67954
63778
62580
67737
65507
71813
63651
65400
69097
62669
67623
68115
66776
61893
64213
66287
66182
61721
69449
66011
62975
68330
66551
64165
66315
60126
63072
69713
70585
62696
63250
69389
66053
70546
62975
65874
59045
62047
62245
60090
61596
70296
62523
69621
65991
68311
66765
68647
65973
64274
67456
64568
64731
65223
66291
60857
65325
69582
60832
62865
61612
69621
69761
65266
65343
64672
61625
70607
63466
65766
72410
60610
65167
57309
69972
62776
68068
68180
64098
61473
64927
61102
67330
65026
66322
63131
66840
60497
67335
68454
68906
70803
67576
63037
62791
59911
67930
68979
71197
69961
72051
65055
60281
65358
63606
63342
63843
61936
63005
67674
63547
62656
67502
61183
63461
65748
61845
67319
68103
66376
66122
62439
60518
64178
65135
66338
65224
67798
68401
64499
66307
61493
63986
68243
74714
66535
64262
69965
71110
63039
67237
66132
61767
66120
64930
63269
65499
65917
63672
67712
64328
72924
65285
70728
70511
66226
62902
68919
63512
64845
67000
66972
65522
64146
63520
61979
65035
63888
71313
60749
61226
63513
61283
59648
64304
67149
64773
64365
64339
59783
62921
64130
68902
63666
61294
68361
72306
67963
64498
71629
72178
64894
61348
63195
67490
64275
65450
68387
60009
69150
63197
61285
61208
68984
63819
65935
60004
69713
66326
62866
66769
67704
64280
68772
64831
64261
63862
61512
74862
64607
62113
66843
69921
66970
70317
68189
61068
71135
61960
64099
65035
65772
66924
63111
67008
65259
67448
61707
65256
72274
67274
67090
66156
67783
60962
71265
72134
64331
64071
68273
63289
71676
62820
66001
65113
66693
64048
64158
67324
65691
60837
64320
71911
59905
62612
62277
64360
66690
71571
65833
74089
65183
67023
66654
66116
65753
67354
62713
64437
67383
65925
65985
61386
65048
66686
68989
65655
63940
58994
68999
66648
61452
61707
67527
61094
66623
59191
63616
65481
64405
61734
64996
66697
64981
71415
60369
62396
74987
63745
65103
64822
60443
66720
66436
60909
68763
69660
63109
64579
70401
68277
62703
62708
63363
66620
70882
63954
64655
68776
64757
65315
61328
65114
63689
66573
67841
64054
63296
68883
63256
66535
62605
67346
62753
64498
62590
60887
67255
60381
63584
62167
61729
60512
64968
64637
66407
63650
67969
67136
69921
67156
65547
66584
60339
68760
66335
70501
64374
64469
62745
70902
71794
62934
66335
66792
68069
70675
59711
68708
68332
63165
60849
65469
65153
64755
67516
61898
67122
63526
66040
66816
64020
63619
66668
58694
62671
67593
64141
65502
65448
63593
66780
67395
64938
59140
65896
68043
61049
64871
61748
65691
65399
64008
69324
64925
69704
64798
63222
68676
62773
70670
66865
66522
65136
65947
69157
61807
61655
69255
65952
66347
65460
64811
67721
67932
66841
65533
65493
71153
63489
63005
69632
74365
67750
73458
73110
64196
64367
64160
64769
69500
62976
64637
70083
61670
67035
67690
65044
60037
69954
66738
66235
68388
64838
65049
63609
57264
62118
65729
64331
64850
62957
65056
68218
61287
71636
60220
64837
70283
68536
61267
61087
73221
64281
68208
68502
67443
70497
63392
67219
63496
63649
67466
67145
67668
65093
67840
63161
69388
66650
65963
65243
69122
64613
65442
65230
67874
70573
62339
65691
69153
62888
64577
70978
64497
70573
64467
73781
65556
71767
65823
63946
65932
66125
67074
68200
63207
60738
64726
61449
69100
66617
60884
67844
63186
65575
60029
65665
75181
63179
68267
65651
62604
65481
60597
65914
60514
67992
67944
71874
65318
66864
63944
64909
59867
60854
67986
64064
64662
64759
68106
69010
68337
69056
65927
65928
66499
63849
66065
67388
60972
63750
69707
67145
65076
62434
67025
71788
69905
62065
68470
66913
68267
63389
67568
62672
66450
62010
65675
68412
61711
64829
61767
69686
63592
64562
68633
68364
65267
69054
66767
71169
63726
64421
64097
59367
72680
65372
61154
63423
63500
68339
69363
64931
64857
70025
62225
66961
65936
62476
65675
64880
61380
65054
62526
68700
72388
58925
59650
61527
65545
63386
67349
66479
66558
69421
68558
63139
64858
64976
69973
69270
68683
74647
68696
61692
66284
67495
64439
69113
64592
68102
69964
67909
68338
67623
59526
64936
69199
62063
64497
71582
60983
71242
62727
65253
71759
63908
62031
65349
67185
68673
65664
65900
65020
64842
69537
67309
64170
63751
66548
63092
69491
63843
66250
70096
62014
72627
66928
68273
65483
60795
68149
67331
65897
67380
68422
59730
65233
61103
66440
61766
59367
67985
64164
64719
64077
68856
64374
64354
61830
67096
72461
63182
64700
62351
64362
72649
66098
65522
67663
64959
72665
67230
63225
63016
59640
60254
68114
61024
71405
61277
68355
61874
64934
70269
65461
67491
63011
66011
66993
59809
66534
62032
68060
65326
67112
63191
63048
69429
69855
66380
62564
65072
64877
77176
70654
66050
61150
60847
72771
63356
67534
68045
64400
70276
63015
63276
61909
65152
62343
67851
63940
67018
66464
64537
68653
64781
66316
60534
71930
64121
70312
67278
71250
71359
67448
65787
67474
65798
64430
61564
61928
75132
69781
68382
68648
65259
65985
64803
65007
64885
68733
64349
64132
71247
68946
66084
69069
63194
67690
67479
64711
60362
73377
58911
64270
64782
66738
62568
69594
59559
67932
65816
69651
71918
63427
72697
68693
67614
60764
66904
79310
62755
68535
69694
65917
61047
58881
67178
61623
64923
62709
65406
70291
63559
70211
63078
61324
68332
60298
70047
67123
62704
64563
65595
62613
71219
62655
68230
67698
62528
63587
69454
64216
66459
64248
64018
64291
63650
62208
72649
65818
64432
61715
66822
64683
64438
68050
64656
69585
70408
66543
70909
64068
61249
75167
66477
67856
66241
61422
65373
68332
68045
69491
64942
62655
68559
64254
62656
67242
63621
63860
61562
65106
73664
63767
69104
59277
67111
59101
63153
72169
61968
67560
69061
63338
61535
63140
67793
62072
64857
63524
74201
62078
70502
65575
67012
63576
69107
64799
61751
61858
64590
73077
70837
60586
61420
65561
67389
66171
65575
65596
66768
65338
64710
62716
63702
65783
62456
61312
67302
65138
62330
64318
68404
66342
65424
62226
69765
67261
60510
61558
66698
65736
64378
70729
59715
68545
59332
61455
64524
70827
61018
69025
68171
71775
65677
62091
64893
65352
69516
61844
61870
66396
59619
64856
64110
65120
67196
68540
67094
65826
59325
62281
65731
64392
67824
65792
65370
59130
63823
60502
66330
59120
61348
64755
65824
65409
66949
65367
70915
68516
63738
70080
67128
65656
79777
61535
61704
66111
62736
61523
65799
64006
63622
63162
68290
66346
64671
64349
62140
64127
65543
65637
61566
67025
68050
67056
64403
68095
62450
58872
70209
66318
62798
64944
63008
64526
66457
61425
66827
67302
67202
64658
66360
59924
65132
65083
76361
64424
66712
71294
63232
67667
65307
64478
63746
65534
64485
64094
69239
65166
65479
58558
74873
63993
72033
71805
68686
66144
69369
64714
64220
64841
63597
67211
63346
62933
67059
65262
64387
63084
68379
71189
64993
64459
66104
69766
65876
63083
66170
61781
59233
69485
72034
68737
62743
61522
64128
65670
65982
69415
68698
69772
66364
69148
71773
60842
65787
63340
62890
65484
65178
62365
65617
63698
67124
67645
60445
64838
61792
68694
66520
61360
62268
72348
61725
67682
68130
58200
66422
61691
62348
70683
63066
62952
67903
66080
68554
69656
65539
68263
67909
67680
66502
62259
64849
61437
64172
62141
65628
67952
67068
63537
71284
61898
66792
63975
71735
69668
60215
63610
59287
72133
67305
73325
65459
68548
62234
68962
73939
63367
61189
64107
65293
67808
63836
65866
62775
65352
69961
62779
71713
67903
72052
66821
62319
72246
68374
62767
61244
65055
59286
65739
71525
65496
58364
71628
64448
64248
69714
70067
66593
68253
62410
64066
60306
62748
67212
69331
63726
65158
65270
65500
62267
63465
65378
65083
71292
64859
73528
61393
64275
67145
63610
67330
64660
63428
62593
66046
69109
68008
64014
65521
63103
61384
70757
66897
63276
63678
69674
64134
62316
69277
68651
68375
65556
61890
59078
59099
64848
62925
65223
67250
69665
64726
64868
65419
61271
65652
76202
62413
62754
64661
73039
61610
67410
62018
63247
65345
62596
65995
65855
70359
58420
63416
69366
63032
70169
72453
60946
62497
61410
64418
65235
71207
69177
67883
67891
65710
74048
64774
66010
68734
66543
60744
62458
64845
69029
63752
63632
65598
66844
72230
66047
69644
65990
66003
65832
71643
60640
60712
61605
69909
64930
64627
68412
67972
65170
71326
64670
63143
69607
63326
62621
68240
70005
65096
69659
66200
66502
68211
67772
60742
68784
62144
65763
70030
64308
59295
66091
64862
69079
69722
69611
61999
63495
65602
69426
63604
61968
62202
65042
67477
65086
63469
64650
58195
64391
64658
66185
61383
63148
67678
68391
65792
65378
58822
64425
67056
65992
70855
64429
66489
73557
65386
74913
71639
60938
69433
63447
71759
65216
64967
63918
67838
64860
60438
66827
72350
60828
69295
58131
62919
62645
63153
61103
62381
62202
58682
64426
70316
64531
64490
75102
66218
63880
70611
62663
62406
68104
65472
72433
60024
65614
67565
64972
64348
66024
68558
68696
63288
68877
65045
72424
65953
71558
60089
67777
67712
65817
65148
71959
66154
61825
61630
64928
65882
68915
65096
65095
70074
65844
70889
67079
68057
64004
68758
65333
65481
71689
58656
61881
66401
58949
66960
60568
64372
67242
62618
71676
62230
65383
66446
70368
73239
68162
68859
61152
67231
67872
65548
65572
65653
64766
59813
63984
65545
62183
65588
64725
69230
65138
65784
67132
64010
59530
70825
59328
62994
68151
64448
62638
71035
66543
66547
65632
65178
63684
61678
64814
70628
70156
62033
64528
62520
64522
63047
66236
67558
70906
63643
68487
70984
70000
66034
68652
64821
72720
66093
64428
66924
66419
62871
61276
67525
63594
78890
65178
72824
64359
68452
64006
70289
61057
62191
64653
65618
72504
64256
76281
68193
68076
69365
66369
66268
67955
60803
68343
67411
59263
64598
63945
60379
63294
68142
62611
65665
62029
70154
59327
66554
63643
66124
76475
64962
68583
64602
66924
68284
68083
76031
63753
62949
70999
66629
69119
62298
60087
66883
63896
66325
60634
69373
65583
67820
66061
64942
65056
59130
64833
66449
60836
62721
66434
67242
72490
65709
63020
67684
60805
62866
63016
64048
66422
65324
71656
61962
63715
70292
66561
66434
64237
67431
66089
64247
69811
65617
63910
61131
62882
66225
62368
65473
68655
61792
63377
65059
66910
66883
71306
67266
67488
69575
61065
69338
65736
65129
67571
64511
69758
67116
59670
71442
62011
69782
67665
70793
61829
59256
69523
69906
66270
69498
72267
69104
65964
64233
60443
65548
65455
66296
67520
65724
66948
66922
59461
65584
70316
65312
68786
68500
64983
68891
67934
62558
66422
62215
67655
64089
66977
63022
63656
61015
62281
60680
70571
65760
62026
69493
59908
67718
58856
60846
63137
66977
67348
64301
67019
68428
65274
71157
61697
64682
68222
64310
64444
61865
69876
64781
64841
68595
65905
73965
63319
65598
62841
64616
62769
65108
64719
69933
65596
63293
67132
66076
68398
67712
67231
64236
64539
64925
70884
67017
71307
63279
61460
69946
63745
60044
69662
73304
69582
64037
65897
65156
64916
71293
62036
61263
63184
65080
67498
65265
66235
61974
64476
66538
61265
63301
59184
63334
63940
66996
67266
62172
66559
64530
66097
67207
64398
61293
73008
66003
65658
68621
65792
60255
65480
64248
58858
65458
65454
67733
61052
67913
59047
61326
62760
62342
62100
67953
59038
64212
63578
63655
68223
60853
64470
63737
61632
70910
71695
62685
67240
65294
69911
66870
66665
63775
67209
71995
69028
64897
64003
61769
66294
68499
70101
63846
68065
66231
67113
66002
66994
64443
63618
64994
67685
68742
62506
66142
71169
64040
71149
67942
64827
63307
69731
64877
67667
68390
67458
65664
69456
64151
65714
62207
65463
66973
62180
70016
65794
75270
70110
63939
64786
66758
