4166
406928
203693
578307
594761
12938
299008
20422
141721
545041
20824
553229
366393
541260
535965
65321
293813
247098
18023
142033
477803
642946
469139
526790
499825
11067
51491
395681
284172
206569
11806
249543
54774
645014
625449
30819
486004
400054
638334
432536
289860
191197
431427
464157
156861
267541
469417
400933
48707
279553
29295
449225
497658
543443
587743
108689
117328
184270
428602
335231
294494
98256
461441
381209
348914
334511
103775
640498
139247
325052
212512
404118
284741
198912
589104
263094
226685
247838
396499
453154
112687
109247
197603
372910
299046
485894
191495
438436
442027
259591
204111
591417
180911
127517
428259
362971
529928
285830
405837
612142
648281
594148
496450
587565
604385
610717
381956
13168
369824
131295
529720
210573
585976
323092
43076
87612
620569
558985
35180
107020
358628
54134
319493
327378
331506
446946
4526
171810
213976
188812
548921
360770
575016
252703
343826
203179
42127
191215
45882
239913
287425
583776
213213
6781
454360
55435
448558
394854
216503
306335
371072
141494
91452
325082
641307
305720
122698
445295
605026
285854
319336
88899
337074
531032
13022
228216
485407
309686
216586
223478
95953
424886
578303
283756
317693
465630
343347
387002
135496
103812
283891
133654
648992
281406
562145
445773
269392
476229
104413
290422
437211
264960
539180
424470
544522
638982
642294
278532
69134
475508
566654
32801
446489
107842
559215
22644
340526
242363
608201
333715
525121
455701
222384
168920
191763
165464
72562
140604
29127
51699
51728
79792
167407
299824
129315
283684
91466
403641
610604
602296
486090
648986
321439
641701
310280
378060
597703
232719
199387
78997
357620
475530
330317
566551
544740
229684
144813
29984
289475
249166
207452
222404
336036
175767
418773
15444
529836
523174
74665
187273
623903
589803
34963
244518
137044
28402
452384
416014
355791
614713
119316
647671
293282
418816
605533
99353
357406
43106
59174
290829
434474
231559
624289
104111
14953
55772
60181
35520
404986
548494
284699
565120
91116
383615
539623
256852
186457
409810
7453
7598
586128
319086
1924
445337
472110
233593
519190
519891
45154
192659
75822
438585
618426
639026
283471
260017
537799
444607
210584
106784
53299
338839
19680
494712
596258
628938
411858
341337
193083
291301
14435
142425
92003
566094
522872
460744
359295
446242
373008
88787
626044
432552
525674
210702
482040
112143
22837
204083
480232
299883
317573
102079
446275
116321
360790
504300
648818
17872
40816
399115
637014
398938
257371
683
485865
406363
168803
228351
211552
139577
480499
284229
242943
182638
534133
593219
131990
634525
228093
487376
21281
504637
255031
514844
645666
514401
211384
270403
520905
308299
418692
193535
211294
128964
504725
621159
248587
260361
452212
67091
162688
262233
93799
146085
511614
373297
279392
102584
291436
194359
259270
611478
572233
34138
593772
245700
22127
451438
406440
432951
253498
344269
564581
110870
318154
55433
234685
609178
236186
23164
562759
221733
240856
297147
646760
429559
28045
124071
339668
236084
129941
56283
635941
29057
519560
172785
297467
347880
535741
536652
154999
509502
488322
497253
73117
402918
284230
276020
258929
473201
601588
342086
218753
443195
509507
421381
546903
514276
189506
249619
273501
349757
525073
340443
51303
209136
340440
357915
280445
129570
153552
297671
486844
427861
223980
593182
428811
245085
89778
153313
535845
159999
174510
254819
573825
445116
21890
551030
470415
286180
470345
37266
589240
471948
197971
576077
213720
483061
415588
642160
172314
228957
309585
108307
226686
638565
170297
566934
591261
554911
561669
584908
219976
282948
155190
561281
97369
159919
222002
522078
86150
482326
310338
71293
361116
90473
364652
3598
600282
586228
455832
248302
543708
171979
159806
587516
96129
421381
358097
143930
405307
602262
641907
441270
365779
206196
646829
219574
53711
594812
39436
447018
218780
468572
59820
28233
504802
493821
563741
457705
192697
177065
121839
32717
203244
65218
30024
390343
253020
116805
434180
89880
562197
43993
176977
93007
380088
277549
214194
358546
596612
434928
272929
340721
152613
168728
466685
633546
250185
288666
94022
478068
502882
496983
19013
135756
337741
542768
20485
406511
66735
503928
436812
491130
654187
188568
334616
272313
210931
193675
159153
652227
34728
286540
227952
407564
529108
355424
279207
215347
470507
279613
540
393653
547248
423937
489118
309314
218039
14116
575617
110757
29505
343731
614352
450676
370072
148027
447753
193925
602076
245417
623733
522335
120134
449026
59946
652300
361353
464513
222660
331588
147216
377538
193004
541364
302887
275576
533823
556068
395732
583817
566032
267872
108910
73576
166772
293816
258222
9719
333081
114234
215546
85465
72064
253752
487327
226509
33184
253868
32348
530025
629778
168384
356927
431010
29947
484574
60652
151948
123275
388948
67433
37113
468519
20383
623536
628032
517462
218806
471158
268342
504451
152274
578793
4344
625360
195512
399975
227131
638457
349366
590949
391006
340629
439316
218691
239923
414141
14465
224053
466950
66047
104722
400639
307407
354896
564646
286268
603427
393964
346741
636253
540891
557966
214102
409587
561920
375794
326355
211725
3011
382012
612458
571783
118387
54151
106471
590361
133153
175097
481052
399706
499419
102383
290040
651303
296284
216854
35323
528875
49803
149396
153571
140545
361257
573754
414054
584077
258416
268198
629501
43061
84916
317892
636582
9956
556233
528897
407963
251493
513405
95988
544717
326500
580977
201093
232293
426836
308775
103360
15495
484277
554660
246051
549589
185788
8365
192207
269128
8516
117207
306653
309411
80539
129953
589864
576289
323449
14904
205490
24280
636
520583
378210
486988
486183
306813
419573
21485
322759
245565
401807
292580
72371
645494
620989
654662
434303
77849
432653
49268
47204
236621
46467
491918
496026
194839
64256
29471
606529
193564
99489
101576
472380
118093
598043
574346
74728
554081
298175
231262
364615
449701
647060
193525
504787
47846
140351
620162
322753
238756
479507
607305
163186
508967
222914
529442
63269
600902
77796
596199
141013
479385
34467
326516
570578
147828
624693
481790
229285
351825
370389
158049
487320
35660
434329
444232
602689
397685
370095
27575
105075
492781
87440
96118
561085
448430
446566
499708
268655
130768
207344
36633
391848
583269
100564
175655
624097
138647
430728
484931
575162
23158
218587
77856
6568
635589
439558
216367
209983
300805
254682
612530
575084
67709
237953
256984
262582
48455
519481
381647
106736
568198
58969
647947
163912
427602
599083
545923
202854
552001
67609
495199
340473
447439
65140
342751
401317
239773
591754
10063
549096
377103
352764
85781
544706
145856
378633
453063
573049
85323
233305
509410
52497
424535
469651
273377
417048
339853
550840
618689
316030
154386
76962
34410
560827
349792
344628
522568
174355
644621
321667
297613
70375
90496
532726
553886
640840
208893
321603
620927
221725
390186
462670
500009
516910
414758
501787
92063
162681
379810
655316
213320
253685
308419
285476
551213
447619
186409
201389
244148
295882
303474
211694
385080
21159
496591
516471
509227
14876
190935
165828
476315
91124
478049
198524
301186
640797
119350
554907
556757
180036
471175
355553
209727
63592
644814
548603
569660
447368
414956
572123
487472
39485
548602
121469
205651
213492
185126
133616
392790
483356
127508
604117
216031
497564
215936
451716
347294
12133
431906
650235
461652
55511
532262
479812
120761
338982
90387
163676
446609
215386
414013
73944
31520
53637
505918
147589
551540
182653
237190
319361
213709
80976
510249
512508
343131
555319
341657
296795
58760
328023
311886
560394
379052
572626
31751
198930
536731
323350
443888
32957
235577
360783
348320
144340
610922
368259
32937
531381
18513
586911
73169
101105
45823
439839
12698
265934
347706
296020
228919
529306
370830
453417
296188
42335
381587
474450
312422
443583
322607
253618
458379
286351
646299
332383
428303
445573
280423
439613
257746
364487
95178
530440
254960
441278
59321
44652
399183
214026
374893
380119
498462
455328
636942
339292
176384
545041
317160
224806
402525
524300
14160
592864
430399
586548
157317
232937
277950
469844
365513
227710
433551
181083
617835
314231
18915
529801
112405
472552
302915
83742
66488
378061
40003
492043
137425
549930
327145
263583
210197
145865
469579
218250
568237
501514
497621
477778
94464
100242
227798
99271
211182
393570
568857
250085
215392
626545
451949
203631
95924
119521
530428
627474
434773
533696
241636
480413
379196
561372
260650
208940
286908
631798
114032
194409
444141
549009
471593
77315
81303
623439
15831
365071
124889
69883
393996
630871
608114
257296
588279
548939
170253
518989
607530
180811
376672
49229
37555
527875
551602
394460
584442
451374
547701
114126
153765
132730
278841
414539
445040
359973
341392
153978
643669
206281
21367
308336
526388
185130
533343
40411
300217
635659
413349
570229
458217
467371
117069
552802
280191
254203
489994
564137
379108
110793
65200
531484
271341
382421
217859
303238
61358
607355
364710
222987
38174
409316
586478
135285
623900
137231
417441
581076
414182
474660
630913
258365
535324
557673
253422
108109
313049
430580
389114
244836
197161
455579
366740
95241
567
366821
567317
459295
1335
646815
16135
550618
36553
644517
74953
503423
186761
468419
574577
612660
440623
506675
375146
77086
277285
368611
56565
409141
404679
486038
649445
444069
647690
101937
122404
336076
188051
109384
382893
269253
308296
367105
375623
636791
248976
110738
15269
646945
110113
248010
651383
390114
188583
611303
291806
143628
141197
140728
353605
455886
178032
128738
383794
10910
356858
551527
47698
151957
218129
121802
498688
177334
525625
636819
69614
240479
80600
228205
8077
483243
436599
262744
313836
85839
204495
103434
529353
653970
107975
45974
86274
516745
455912
89402
523992
332813
239301
443155
375712
468778
194217
566170
624123
213809
595175
36564
556756
61854
644010
72352
58284
374308
202659
476973
49128
383769
66880
518714
299770
551689
646090
616732
29521
596218
235786
247081
408300
166976
581681
422151
134646
380896
309733
76120
551558
630609
118839
187784
549992
55049
523065
30484
530480
214835
417666
68994
311575
586121
583577
295128
412353
234392
279410
411745
538042
232817
602958
87430
177822
196728
189212
578180
22060
184834
43562
210657
284170
569762
275052
184012
642365
198912
363079
341692
379489
248080
160344
109519
536930
426550
484797
183839
511905
262385
408274
494551
264042
640350
450297
605814
424978
344086
225172
235140
428671
492407
620120
283731
92747
408253
568682
407207
295349
265101
207905
86192
384993
267145
492367
372703
580410
365679
573875
366770
304394
9899
525002
459636
94943
512698
100247
85986
501447
642809
50160
611947
626728
406578
370659
634392
490776
400403
232008
59041
113974
308696
157249
305309
357741
224501
100408
401170
526985
203201
316358
332330
301884
573446
312913
453900
450115
207859
564695
126908
508584
537307
415859
273821
402215
86642
411832
646747
181548
67298
347900
150324
406143
467275
64115
292339
84814
572227
21661
646666
373711
390545
354464
68607
505397
633335
223228
410743
79243
131616
641617
226343
266952
643303
348215
5092
280864
15483
571634
174103
12139
212059
183958
263665
12515
99258
302131
523473
378772
180334
194587
583292
49719
582316
384854
204434
547413
28989
551086
233961
114063
507831
81710
580979
483993
283483
125150
296850
151903
235166
133214
585708
397557
260308
584849
453399
521036
361033
519413
157578
334202
587082
308913
431031
554705
38298
317686
342338
504731
334162
362081
376861
530353
393836
425019
388316
569341
307795
115346
181773
339176
109152
607806
106599
113059
220678
300046
502902
622287
151508
75245
82515
88963
628644
108970
360755
119347
413781
571308
358406
510265
582221
13047
340189
290151
61603
587483
221159
17750
227000
302996
98228
181917
113054
412190
351615
543419
633083
26091
55000
199258
368981
95339
641346
165775
234254
453077
153643
1676
603902
592858
213756
249368
90833
269923
36248
93057
622556
377891
225392
583213
483350
164702
409483
490366
651204
395030
370115
329977
5355
115286
97182
540028
614898
478565
513108
178098
391322
345646
529799
367762
556067
55402
241581
298092
459154
479233
1513
54932
417584
637808
543736
564777
554007
582054
395310
171630
56450
198006
597490
53180
459586
47827
296709
206713
146680
246490
292242
41116
266112
507263
421920
280449
26245
222801
540905
615488
463543
273221
506866
550206
3750
182931
612980
234037
550945
525457
391412
232332
546852
406057
522048
248416
187767
139014
263151
321631
575798
486655
218328
42014
211897
493450
606392
48112
651262
372924
475978
165614
534091
435115
626532
449102
399182
40908
177294
624681
632568
137007
186936
628637
441789
539064
471422
372011
126684
102854
229721
331119
114679
205901
513525
30937
629314
24230
502089
89977
1099
375611
575645
653762
393534
183128
138853
555862
40528
70409
642876
597498
245231
225917
402775
274361
139061
247644
590831
382404
272694
452566
579147
430923
152076
263647
369457
35975
254414
214851
228790
505314
133899
541973
624473
610393
180727
465228
541467
279132
135294
384609
421021
610330
143099
90623
567486
314508
276090
410427
596664
404942
213505
504390
345669
267901
169049
613687
212568
178726
272406
577669
460208
115568
395896
354653
142744
251420
613911
441770
445231
449151
187928
548195
154812
65001
463143
524878
231797
463708
218924
208755
599707
654054
217722
370385
78212
339119
282908
544754
500959
208971
305786
369629
401589
323407
336198
118750
408487
120811
243585
507208
342446
531840
493132
175814
177232
206778
606513
138935
647303
74159
260297
5541
188879
241314
96143
551907
330249
108177
345556
267069
97355
487651
528661
312638
124210
352837
122876
543297
52111
468046
560994
614731
403232
519284
253090
576685
338841
551833
340567
76817
442273
211814
399832
397938
437852
528680
314981
95835
315138
377517
107684
499442
399089
461326
18586
352488
299270
81946
358979
614830
119133
307252
58610
358801
190023
584171
65128
185753
112200
392889
442136
640753
391916
546887
15216
308447
255250
87736
374939
408322
166907
483793
24101
153413
268281
649140
254486
514987
461531
317
653389
514414
266944
239799
362311
269841
515631
361229
423310
176817
233614
441314
94220
288637
240859
589434
111626
104331
307910
595363
607556
123846
479112
364712
335314
492080
213317
322647
397776
483028
26364
590620
422919
283125
394485
368429
644068
152784
262892
571818
481233
232113
503924
61154
226191
349055
257685
234176
27979
552946
323737
222949
12539
480051
141767
134976
348896
445718
645737
288288
642960
609237
404936
604997
462763
519973
405518
124161
56768
434863
622471
338548
134016
627214
278720
173807
104950
420200
138136
364877
389265
149838
388565
388648
347394
143618
30950
502242
2555
335316
170954
440834
139677
449864
418380
440989
511584
61779
162121
639079
433375
405436
487598
523491
388209
582765
514195
586592
35423
204475
47437
97100
22972
166951
548998
76398
69605
584398
638477
137385
261950
365112
54047
512903
249948
275336
357839
643596
576725
66893
125722
509040
528448
654699
182245
267377
51153
87001
509037
239265
540448
178142
371665
150748
597537
275501
170831
371366
490624
384370
271572
168696
387383
383640
459157
80131
460101
572179
651155
276129
223928
422360
210247
224067
197520
474217
41490
37361
562219
179955
310413
380098
172899
210244
566055
473526
506419
324572
368121
47731
183725
644337
471458
565407
298122
189381
7726
518530
563023
447799
343447
529173
204040
143525
630510
16736
476726
599588
165382
452040
197282
302869
199417
194455
604216
303330
332912
371468
225198
167158
526579
136920
389359
371806
528022
213303
44783
181122
133315
557358
213543
375153
261014
514722
614038
587101
101334
327099
504893
518056
453339
155626
349158
75372
286257
536030
405006
95379
18803
647848
378579
408264
119068
164829
551955
382612
170288
408532
617172
371480
172862
461918
332289
194680
515858
234231
84250
245840
258285
232421
524485
195196
316017
15555
595974
175770
501367
386785
590799
345240
474914
452422
36720
117619
542499
61261
289194
191230
384107
532063
39258
370028
212983
526218
345764
577207
247928
54789
575017
180067
533139
392456
442800
106665
453774
315710
473331
307272
335357
66047
116626
118653
365072
381759
331169
196495
138273
358596
60173
485986
616436
314239
598644
398979
38906
652386
291121
219671
43486
205623
66125
52806
301669
425573
139255
337880
261993
319891
383620
486717
319239
327531
581261
488831
477312
544043
68105
323414
261347
628391
612123
451777
606639
382964
318783
600755
646073
629680
320127
116592
482750
34450
145935
110076
462388
273725
170169
90389
37827
565640
589097
646582
569779
119339
76482
553815
319399
87899
295870
163148
286599
385648
394053
429989
154570
89863
322153
554363
365027
298226
237510
369467
610367
231700
441438
269750
361636
105989
42629
298511
590894
47161
81689
630043
386633
89042
430319
80538
144991
557542
397663
166908
521907
31385
548905
134508
496490
205492
240220
50498
360396
2638
549083
534846
442084
239993
358423
388444
242451
336568
463894
382210
654618
17141
404
108928
2762
359386
640910
480772
400793
341015
434297
443031
21431
92454
553218
60387
654482
258029
464948
316105
650428
4375
5528
531328
395227
541008
149194
195197
446952
429721
3323
583682
188101
179036
106989
549695
190098
101492
306336
263122
177286
472008
18611
323706
355640
627561
301989
414702
597136
633923
90512
37521
46629
94472
132639
634286
569074
600017
101889
640902
10255
448617
131675
235409
343706
386094
14563
548226
627185
616962
554367
238996
549476
160944
1224
611368
464324
210185
648778
330506
145059
49878
216133
140744
547907
199791
428246
325589
138647
640724
616803
422193
651630
588010
361319
114228
503843
534659
157876
276961
212912
430585
422077
480352
390027
478209
450347
526067
471664
180364
283881
154828
618347
236354
180292
28010
230045
323028
201084
43098
266837
368975
49607
353046
246715
342691
538695
38195
17005
552035
366031
251345
624857
580428
502
252754
350905
152082
416975
488918
384314
230035
250184
543527
22860
574587
33918
176440
565906
600096
589011
631527
104716
906
135590
162656
463694
535196
66919
53269
86582
148084
569883
639833
177260
213429
357095
565217
164122
104038
47920
338065
313492
289270
244465
273546
574895
577892
382022
39947
103681
255353
508829
230562
406132
183898
598330
198599
542185
429114
10930
503643
646963
265051
500947
480582
187534
102182
449007
615845
453841
175961
110611
593286
377167
562138
432301
500881
375888
10146
638350
451762
228856
518461
359322
244566
155935
343100
338457
461674
351799
241273
206146
241052
135898
354256
411956
438075
357759
53585
146476
548687
233230
304173
608888
462362
331826
481893
471552
124372
605859
250779
281710
435309
572462
511013
411993
262715
559698
125220
195033
452872
100323
560044
631540
279766
98900
323382
438500
19106
202304
634068
182180
200391
435591
425165
374487
32910
57626
105825
299419
2241
543824
477942
558695
515753
173553
559555
509570
603419
552791
393866
592564
186665
104661
555785
616261
8677
21361
201834
576749
469860
363089
293854
188618
316455
43453
611841
593637
407434
199715
343493
284782
17497
441984
361046
624682
225348
306572
224337
568001
615089
138577
606068
315266
603384
299687
234022
518420
627339
556793
304033
313475
563638
557144
615448
36921
613693
463264
338570
108241
92321
129865
633510
328802
201891
289928
496238
220739
618077
175086
114104
373849
144505
370920
407849
554869
643490
417039
417216
262240
237003
627810
389345
47335
198239
537647
240708
311202
187834
526954
266997
163454
330328
187345
165874
217800
136605
127697
433664
137454
631779
201351
133514
623684
298216
456407
625811
540240
313283
156562
32392
249340
92398
560636
427026
310631
310213
172181
558613
133816
602573
205317
157019
630205
500506
622570
407676
95993
21374
60822
620541
321386
298867
583316
566593
556194
540355
107571
411265
537416
324316
245906
385014
529131
378660
152965
509474
602320
74366
259308
477952
137683
429878
9948
89618
428586
620961
411926
205463
7126
207806
56520
626013
283486
514499
270728
599594
403451
194012
645673
75508
453726
327815
272578
391705
360444
556195
229414
432363
107224
327933
648583
401454
505987
466880
36986
206982
520273
211371
587094
103016
256594
97299
564042
313316
377835
427117
530971
355103
16850
136831
137383
217352
537410
241748
224035
261453
133177
30489
378233
382014
628438
369721
492597
460007
270618
512512
130327
97569
338802
589628
526879
513031
540732
86704
486512
302082
12962
510410
106499
100045
639702
418717
537647
629521
122094
431402
67149
257466
20170
94431
421719
541176
376100
458329
321673
274640
571466
122499
96117
199159
141475
147749
432605
445204
910
280240
468096
494448
212812
285343
580249
304267
508184
629309
493495
503618
453634
148294
546776
89994
286961
439282
43753
441195
44758
207311
88567
530955
42577
444424
256723
100922
427078
84246
235222
146376
635106
8577
344607
299279
324179
218636
640526
195528
111916
367383
20948
43700
612514
391077
135401
376331
455549
227525
333190
308362
460557
515568
415017
607145
418834
511264
207555
364569
211399
471525
459988
335836
152775
249970
88453
582595
336694
140495
551802
478254
150944
356467
311856
499871
26058
2944
605277
101260
484472
34574
345440
16122
289250
593049
526887
111234
452450
83373
496706
130992
324177
418418
449879
88609
62015
344779
527534
22433
156252
309060
203794
420951
326028
317464
532529
15404
436758
294654
483943
158306
250846
19361
512153
63774
170483
571837
549798
601756
355316
554778
127420
146370
506311
532257
450062
292931
278602
67435
125278
584562
532922
426816
566178
30876
531307
542959
122029
177642
158619
551085
607390
461159
451088
579777
645958
466886
631025
595519
117432
367211
614855
40522
560030
570916
24351
224344
414766
270092
607134
448696
593372
148218
216733
430805
154092
493941
363268
608070
163627
283308
286003
65002
359226
647074
7023
363290
418583
547652
242794
575910
355269
338660
384888
531228
535455
565235
107335
359721
593333
429283
173263
113392
30201
509229
444023
262343
286098
156738
474921
186823
641227
127690
299957
527826
556419
619477
428623
580144
565809
262515
182103
31044
501087
147748
169094
473235
37844
195833
65260
611332
576958
381143
545384
98927
103486
465268
92666
646296
472442
40980
383883
588533
643408
389773
82589
313911
121361
540822
584162
201106
146350
99398
169975
353726
8928
411873
587552
252214
160663
198135
380068
236299
16005
569635
206502
550539
31230
635076
28976
549697
124163
143277
254146
71305
323488
508604
596254
509442
306708
10806
317351
560986
518401
177778
121674
215897
488011
160281
634109
324915
504883
645401
155847
287559
644141
372125
604965
118481
242382
98408
204996
334163
280577
643872
431783
551897
185510
300137
521987
133915
277602
649592
71879
562310
244077
15353
86862
561652
538698
624877
340562
306422
482535
316865
386922
6727
404043
239512
223624
497195
61318
444505
203236
622475
619052
558928
370076
46498
499829
120142
638065
368595
24114
430785
629155
297693
606874
143858
325110
162376
405900
329357
370788
566659
279310
73074
228854
137860
202965
267671
600480
1313
50741
265855
430325
43296
470861
43595
654490
389643
404156
292149
544497
134880
303969
261380
136721
608346
630061
77888
651885
32841
251659
149522
452340
398395
275118
20136
590835
52609
473003
484017
121858
460912
261749
208699
387887
418631
336452
455378
519216
599987
348326
258608
508365
638096
452342
458417
650297
69132
302264
410888
437534
42421
464368
451346
72215
444962
210728
337626
160280
259137
611281
141728
338368
12936
216369
265121
374610
492100
92149
545290
485287
157007
302483
653655
652292
508153
420771
103851
462664
615543
318793
340161
653651
61337
391107
601823
370578
619717
278312
40505
564825
76725
169801
400694
476299
11534
414774
607853
532130
594381
538550
147461
654885
617556
598502
242814
493599
186208
287982
412875
180005
627525
364949
266030
593291
637508
376391
581024
426959
313446
136294
429230
589681
451598
412679
139913
605727
81846
608879
341314
642011
36380
413204
436199
45183
335470
78269
128604
497743
297467
560203
217022
408631
116790
409665
412463
235477
175104
138152
30877
98140
47818
45388
172419
85229
554502
439994
390733
520030
365130
616592
216196
556627
502418
214799
153480
221645
635454
544737
370377
460949
541005
258451
600017
82961
179286
601424
526843
145320
229177
189060
653600
75672
353354
15526
72415
88205
440986
272791
203512
461253
464710
77371
613972
539503
460254
174369
253698
630940
303932
42294
129112
591800
349731
655292
207269
421406
398190
544366
407854
164667
619837
469814
491867
349053
125501
220620
236878
335403
487316
536762
641462
42806
254023
457852
247558
107106
574356
250714
530027
437733
201724
186891
163521
568094
292189
327069
587414
286370
131207
501807
50064
45071
69719
210072
413167
21275
153788
596998
277059
136531
413506
122880
143544
112997
526968
638042
315447
571647
458346
175587
435432
108936
139780
35120
496239
13344
297842
493085
214909
558563
445620
611952
296567
466965
49032
421927
565529
172632
74813
287743
78140
259412
538477
68870
140068
534124
151754
176084
353524
428260
357586
589414
231060
217637
251866
568773
272746
577571
507221
294900
12586
280989
231819
375269
244029
398753
6111
166771
351701
46372
580090
71249
226339
183303
446114
241208
106456
628233
454355
540854
571073
631127
457535
233998
16232
304947
315642
211875
29290
433833
187102
621557
170232
353736
513468
135973
280472
238723
333699
2770
44479
397842
475987
631939
285617
625960
503824
616908
554837
267723
513434
210044
101385
120338
63346
337016
381222
235990
567348
320303
246582
453738
423251
316798
128770
65307
435725
577321
217180
574579
168469
264048
621921
607818
15864
622937
484062
47263
408844
511394
568736
344769
585389
295639
490605
355979
210787
459607
306819
195455
375338
554312
518801
65543
638761
397264
395318
549026
616016
103669
613750
205355
145647
395617
523918
383675
178199
604668
382133
181714
218347
18297
541826
589446
41953
501611
339448
125047
650069
272179
196960
592438
119804
363846
104667
875
335939
237886
251101
78871
544904
240247
376584
305651
107013
518376
196887
269002
5424
275676
308206
382833
151204
315426
573460
262762
429330
12813
320326
167448
429413
325201
67368
17179
134531
221632
235293
165639
489253
224099
152647
433303
274031
638775
361036
49452
452663
299790
437400
498600
554349
376265
52272
97759
186210
227858
193151
353679
551728
557469
316951
389399
182471
506096
35673
430464
377473
163705
283223
449459
259839
477508
358165
392932
201486
180840
483348
517132
338310
151705
653741
373061
41721
607384
351838
264510
339829
372460
76012
506233
11630
472243
595813
8242
97947
205328
413665
447016
266490
547425
509877
113527
450037
486542
326528
99674
133098
371168
165356
622381
86735
314931
164583
470111
585504
630717
164817
267209
320767
589957
375834
151386
29683
212591
41894
447093
437216
269823
575598
252551
403993
647228
61726
548303
519174
510725
255576
318838
652731
188405
378838
424660
438618
223823
531726
404511
442578
488582
178201
444107
475176
642345
296672
475106
385854
75364
44390
566819
48743
34142
178773
177471
345170
387708
489414
304793
304396
462992
382016
112441
323502
594020
230193
358866
449114
175244
215024
235800
517435
89045
211905
114003
492710
202700
464052
194935
13978
394225
457459
485555
25667
638843
441758
510925
565574
151762
76736
284649
261406
145578
264524
54895
553079
257328
299889
87709
66341
235150
13892
379103
306540
475391
164435
370698
220768
43701
118889
40095
146257
82248
277595
542097
56709
573474
491949
254686
493716
486651
290401
552309
93829
617974
631390
403684
645667
145083
600371
533487
611708
40267
376695
79643
484733
168991
346275
97977
428287
179596
298485
372958
486783
118823
280772
150791
70541
418882
516142
170326
242962
480568
102234
280401
261814
54517
479171
508824
172161
285685
16939
494978
337996
17540
584791
453899
51003
129870
171681
485184
344785
161422
106306
29128
470754
131929
33818
570723
351410
67101
189374
560644
173876
35877
348038
580341
485694
343237
289124
165049
278303
319988
208972
165951
530496
372180
501773
47293
540504
310360
482295
184825
106167
654896
278442
464035
596826
64006
465322
435920
332528
533085
31613
389208
468197
136776
343999
145041
388914
