69899
67879
60472
65508
67571
63176
66406
65891
65550
64963
66954
69478
62373
68905
66285
66994
61811
65978
70400
61997
59055
59823
66407
73351
69218
71016
65860
70116
64647
67545
64660
63736
65970
63975
69823
66175
66847
64429
69653
63137
67699
64386
62457
63932
62899
64839
64424
66558
67387
65052
65451
66483
63766
67856
68295
66203
73382
68542
65168
64349
64775
63891
69234
63249
65270
63801
68964
60887
64348
65136
66582
67046
64828
68776
66567
73622
60593
67569
62111
62921
72040
71253
59453
64806
65320
58550
65375
66824
66247
59000
69165
66337
65333
63065
67868
68544
63956
65829
68245
59131
65920
59285
62511
67075
65062
64224
64566
68315
67852
62956
66495
63993
73414
63113
64510
64392
64097
65998
66430
60232
63658
61209
69586
73614
70068
66670
68886
66082
70964
67724
64782
61834
63438
66564
61519
64809
69926
65632
72041
70278
64593
61081
65378
63960
66773
70826
61855
64262
66625
69255
67209
66893
69941
67153
64759
65723
63219
67327
68624
55772
69527
65350
67046
67706
58015
61617
64444
62942
66434
63848
59929
67542
69140
67385
63200
64681
67333
67512
68835
64571
60880
63311
67285
67973
72827
65919
66337
64955
64206
68097
66694
64856
61998
65132
64254
69648
68639
62186
69360
63661
65972
69477
62178
66061
61831
59174
68768
65628
62841
60337
64220
69934
66854
64314
63333
65882
60465
69942
67184
69449
63689
68337
67790
60512
66024
66568
63652
64355
66965
65411
62243
67474
66282
66352
65849
67007
64598
62708
63105
69158
58924
67307
60809
60264
62237
64692
67929
59970
71021
69349
65101
64584
62411
67462
65761
70163
63287
67331
65416
62760
71769
66452
67568
62034
63168
65811
63620
67508
66972
62972
66168
65549
64998
61771
62798
66225
68858
62356
69524
66134
61375
66595
68438
66402
73135
66547
68460
65572
68747
57686
62726
64342
67187
66153
69092
66705
66215
65060
66073
68254
68010
68417
64749
63258
63991
66681
70816
66320
67125
60101
74317
61919
71492
63713
68674
68207
65746
64990
62453
65360
69144
66755
62641
69330
61591
66223
62615
62971
69074
64019
60571
63770
68015
63145
69516
68839
65776
69382
71640
59036
69326
67532
64476
67712
66835
63648
70412
65995
69429
64730
60176
66338
64765
61404
59991
67555
69696
70114
67286
65549
66156
65682
68140
63920
61402
64817
66182
64699
65620
72748
68433
60991
67677
58403
67564
67099
65621
62358
62312
66887
63523
68278
63492
64345
68024
65424
64990
66419
66765
65261
66276
65156
66884
66479
67188
68171
62158
61087
64662
64974
67051
61538
66167
66962
60178
66961
70116
65944
62614
63645
65290
63826
55035
70329
64006
64949
68566
66306
63934
65231
67290
67341
64908
68140
68108
63937
62239
66609
67433
64028
64107
67293
66050
69988
67224
73348
67270
62599
64887
65223
60029
67753
65734
65460
63722
61911
64824
62667
65571
62566
60896
65846
66171
67316
65720
70338
63452
69171
62283
63300
64194
64725
70542
63407
61377
68009
65457
60432
66670
68623
64272
70648
70599
63269
68368
58661
66094
63052
68707
62670
68904
62905
64132
63060
66258
61036
67655
63329
72882
64728
63033
67111
62810
67479
64065
67134
65720
67324
63297
63376
70252
70065
68554
63658
69714
64458
65056
69004
65172
65408
64479
63354
63227
64376
66033
64539
61673
65047
64798
65765
67017
66499
62824
62821
63922
63073
60331
64000
60846
61395
61471
62085
61826
62551
64683
68205
61121
69007
67254
67284
64705
66165
67380
67592
64422
67951
69477
68716
67842
63553
65551
66017
64020
66252
66088
65372
65044
65420
65646
64334
64145
65369
61853
59449
64826
61671
70925
67906
69625
67936
64484
67177
67239
61020
68107
62598
61674
67964
63658
62386
69428
59748
63011
69219
74290
65747
68529
62269
72335
63602
56308
65894
66003
62966
66380
69838
61115
67174
62309
70405
67406
63855
66439
64260
67661
65455
69823
74260
66659
68395
66772
63875
67118
68737
68310
66049
65029
71533
68580
70066
63398
70198
60755
67101
65632
66066
64189
68586
67299
66175
72304
68950
66136
65498
59024
63436
63958
62878
65179
71502
67220
64767
61978
68654
64781
71663
66052
70233
67084
65783
65949
67585
65447
60399
59359
63184
62855
66222
65107
67151
64806
67377
66643
69153
62585
59306
63501
67923
63378
63966
61311
62343
64899
59812
65041
65594
64886
65944
63361
69735
68132
62943
65284
63359
69703
65144
61600
68308
67538
64868
63818
64164
65333
62066
71451
65293
72760
64054
64849
64570
68506
68810
66569
69264
69330
68812
64171
61788
60206
60755
64501
61312
65180
70429
65024
59337
68289
64798
63899
64647
61193
65596
68008
62177
67403
67532
63673
68842
61739
66976
65065
65265
66809
66236
59105
61286
61995
64762
68092
69005
67737
66109
62356
69407
65883
61479
63504
69527
70234
62469
72443
68523
67397
61703
72587
65361
63072
64114
65192
62290
67547
65151
59859
62672
61817
62889
63734
66150
64570
64923
63080
67786
64628
72056
62607
65401
69796
61780
62419
61880
65110
64575
66235
69199
61746
64272
66844
57306
63810
64042
63553
66466
69131
63771
72730
63233
65337
66247
60538
67036
65604
66048
68936
65685
69164
61152
64704
69647
65272
61535
61748
63054
61235
67159
56311
62844
60979
61036
63669
61489
67100
62949
63726
68280
66429
65949
65451
61851
66524
72478
64674
62248
60562
59238
64410
63765
68960
65274
67703
67578
69463
64524
68715
67013
62053
62176
66910
64502
58291
66377
66389
66185
70535
64230
60501
67613
66043
67504
67657
66026
63729
65321
65017
64040
66050
65143
65695
61963
64600
61779
62067
70047
62203
67127
60017
65196
68953
68107
63106
68136
64315
62366
61578
58956
67074
68077
71011
64385
64462
63704
66559
66049
60604
67099
67407
66368
64745
59254
65867
65186
64009
65758
64800
65771
65153
63996
61901
61477
66654
65414
66869
66966
65113
71813
63890
65757
63872
64359
62148
67764
63799
67684
69022
65466
63794
66551
67388
67664
61185
70467
62656
61013
67552
64406
65894
66241
71173
66025
67075
64424
63226
68360
67462
70698
63009
66752
68063
60068
61360
67148
66295
63443
68520
62601
60815
65814
65969
68636
66270
68267
62360
68367
62113
68904
64891
65509
64179
65113
64490
60747
62821
63487
66410
67259
64526
66794
67012
64522
57559
65650
70300
63765
67961
63215
63380
72453
65296
62447
69287
66554
66820
59327
64416
65764
65010
62212
64448
70256
64257
67641
70494
65069
65079
69387
69415
67775
61554
67277
66340
66361
71252
62396
71515
60031
61884
65729
64501
67077
68080
62047
64937
66228
61168
64855
65510
66732
64225
69247
65212
64844
60357
62489
63576
60840
64005
62606
54664
68469
69466
66786
65831
65413
57890
65316
60774
62352
60956
65817
74221
63947
70025
67025
70708
69455
59509
69171
67332
61762
66878
60856
66177
69331
66320
61580
64561
66676
68217
66193
64338
63720
67114
70891
67836
63428
69602
65216
70433
65291
69119
64518
65060
70259
61362
66323
63663
66487
65935
73130
66691
61560
64207
67884
64523
67887
70036
68730
61912
63664
65820
59703
67881
64674
64965
66695
63611
70490
68009
61233
65715
63783
68178
67992
70055
63990
64633
66318
66684
63417
67878
65296
57467
57634
62272
70542
68524
66634
64206
65172
67371
64299
69778
70481
69151
63596
65097
65340
66496
60912
69645
62618
66096
65728
64855
69348
66745
68500
68033
63302
70050
69417
62317
64715
64488
66592
67069
73151
62836
64546
69585
69437
63078
68207
64346
67643
67685
71231
60545
62985
67435
62061
63737
68622
62769
63630
65522
60684
72631
61853
59160
65132
63977
68131
68974
60623
62009
62192
72804
65188
70680
65793
65663
60844
65457
68925
65971
66912
66684
73557
62967
68043
67849
67905
71298
63723
63550
66160
67635
61416
65340
63920
70338
70755
65699
68881
59191
64132
61044
64855
68403
63645
65549
71988
67213
74688
65281
59489
67169
64775
60857
62651
59716
72281
60361
71808
64391
65883
66620
68851
59910
66087
58819
66878
63523
64570
69604
59570
65327
67110
66207
72034
67263
61988
64143
64957
68835
68251
66622
67063
66667
66876
66654
71960
68971
68603
67840
68145
60860
67216
62781
71524
66298
66516
70848
62795
61032
66924
67182
67539
64621
66640
63789
60943
67903
65918
61136
60726
61803
66746
62499
66497
61027
64695
66885
62704
63261
61142
68943
63928
65635
59707
63561
65707
67851
65788
59734
65371
65483
66821
67179
62497
65301
67606
68060
62495
63049
66339
64333
64593
68310
66025
67446
67547
62023
67955
65383
60261
66312
66310
66713
63843
68763
62982
64238
69085
67152
66297
71199
64770
59483
66249
64222
64408
62588
62163
63456
66820
61683
67151
63753
66036
70467
63982
66222
65092
68784
60601
66831
63917
61104
62489
63777
66064
66430
68178
62644
65272
65977
67975
62229
65055
60639
64566
61862
62755
66420
65021
63152
69706
68570
65378
63287
67433
64011
64974
67212
64770
58177
65925
69408
66619
63433
70780
61446
70646
64205
60950
67513
68049
66721
67512
69148
66882
69466
67104
68108
64119
63954
62320
67911
63691
64504
64667
64888
57747
61681
66947
59750
69514
67029
63788
65141
65145
67827
66581
69266
70703
69309
64829
67211
65655
67517
57339
60307
73584
67097
70587
69167
63527
63659
66436
65769
61948
59936
67400
68611
60468
65448
72766
63436
65813
66019
70331
63746
62208
71236
67329
61670
63766
62777
68459
61637
68594
69620
67255
62653
65000
71033
63623
66480
70674
63923
68473
73263
68943
65889
66164
62932
67677
65322
60077
66716
62274
66920
72818
62719
66425
66946
64213
69046
68499
64927
64128
62348
70223
65304
68166
64547
63707
61505
64340
69071
64670
67872
72057
68686
65035
73711
64020
62674
62924
68331
63141
66791
72435
67039
64079
64490
61252
68902
71417
69767
63673
65357
61103
67935
62115
66605
66023
66974
64167
65727
64082
59678
62117
64463
70300
72663
67202
68404
64121
62412
67248
62829
64341
69033
66307
65612
66250
61565
65544
66548
64076
65255
64881
66803
68984
68316
65735
55336
64824
70163
67055
61233
66335
70250
62247
63360
69474
64832
64897
69322
67828
72133
65265
71789
65272
62680
62364
60408
61744
60974
67126
63915
72275
61797
64270
68881
66688
69082
63215
67905
61897
69756
62246
59528
66467
65641
61373
64334
60845
69802
67483
66360
69656
63355
62339
60666
64054
65067
58826
69425
61894
61493
65315
64968
69402
67655
69827
62639
68851
66693
66087
67073
59689
66466
61216
67217
67643
65755
67619
67834
71913
65025
62431
64592
62757
62823
70887
65146
67944
62767
62896
63258
64496
68283
66886
64267
67244
60430
64374
65700
63291
63800
65753
64097
66267
68071
63112
62426
65203
62436
62093
62238
57731
67715
63919
70434
70038
65194
72418
68957
59172
66663
63708
68359
66279
64513
66907
67442
64573
57331
64121
62217
69340
59093
59412
64071
66139
67828
63520
58545
67982
63456
64771
69429
65348
60508
69009
59578
65091
67934
70801
66025
63593
65811
63556
67664
64159
67982
63342
65269
68298
68705
68211
70297
62333
66045
69221
65951
64150
65474
65747
63654
62837
64263
66825
62557
63514
66231
63097
62318
60281
66686
72674
59791
66584
59349
67265
66903
65905
65708
70545
68174
69531
65980
64830
61280
64476
65921
68611
63382
67502
62017
63109
67677
63244
62136
68301
71468
60977
65008
64508
65015
60523
65704
61909
68873
60075
63458
62494
66916
73161
64480
70460
62298
64572
66453
63930
58866
64584
68666
62143
71352
66811
63400
65440
66370
61480
65073
65531
68938
58170
63238
63207
67349
68248
64019
66317
65576
63745
59410
63274
67372
67252
64969
58126
69496
66402
62460
63206
63667
67138
60365
66509
66118
67194
68029
59710
73393
63969
62154
69541
65507
64875
68179
71164
64684
59815
68571
59702
62328
66441
59521
66197
59569
68780
64015
65162
63041
65729
65014
64290
60101
66480
58893
62967
64076
57573
67745
64859
60986
68612
64636
62108
63452
70693
68210
71518
59714
59491
66684
68530
65879
65753
68488
65184
61188
65963
64792
63616
70138
64402
66391
61048
67563
64209
59422
69372
66978
62447
64551
61852
68021
60956
68647
68070
65248
71819
63257
68195
63461
66247
66495
64939
64504
65728
62408
68140
67859
69756
67143
66562
66946
61131
63476
62756
58023
64187
67003
65574
64201
59859
66550
64223
66723
58802
68814
67748
64219
63940
69382
66268
66066
61506
70846
71022
65500
69955
61772
65601
67502
63428
65341
67103
66272
67231
65555
63253
58153
66206
64255
70195
66751
68818
63505
66010
64798
69245
68206
69851
70074
66072
64334
62274
64481
65678
64725
72797
65289
65209
66181
66049
68302
68862
68277
64981
63178
65580
68629
61741
67234
63342
65243
64879
64845
67625
70300
64204
65941
68756
63122
66751
69729
64172
61417
59572
65088
58555
63634
63199
67286
66498
60275
61263
67234
67611
69312
66755
67542
71140
61292
67750
65326
63990
64161
69699
60370
67733
68839
71444
65403
63499
60529
66190
62236
65740
64912
66928
64972
65063
69558
65794
69605
62875
66998
66705
64102
61797
62438
66618
68686
66339
69910
66283
65159
65701
68190
69426
59687
66711
65961
68581
66678
63509
60185
61148
58392
72368
65673
64647
64977
65790
65793
62337
67032
63815
67087
65516
67905
66431
60246
63919
68127
65847
67265
64249
68144
63264
68984
65384
62802
67341
66208
63369
58688
67478
67713
66028
61476
63784
67822
62449
62749
63325
69126
62762
60873
66040
69418
61428
67335
67812
63569
65079
65641
65306
62364
69961
59733
63250
64583
69868
62202
69150
64012
62805
60501
68698
61596
65520
65278
67597
62520
67879
66055
66567
61533
69511
66779
66191
67302
57775
67008
73226
60820
67214
70929
65461
65026
66725
64429
70784
67771
64088
68093
61729
64375
61843
67233
66344
63942
65172
61726
64893
59713
63164
64876
60993
64255
65457
62625
71502
62706
63941
59329
70844
68954
58363
66896
65105
68310
59050
61312
62547
67548
66843
61811
62903
64260
66183
71263
65830
65997
66588
65177
71115
67729
64429
65567
65289
70640
58395
68292
66972
64039
62214
64690
62856
67606
62896
77362
64817
62796
63386
63739
67161
67896
66555
63290
65046
67502
71040
62786
68200
65707
62939
63347
71890
67229
63123
64631
65888
65138
62168
62069
67531
64071
62076
68462
61090
65702
64357
66752
66598
59921
68399
65229
65234
73291
63853
65231
66624
66005
62992
67314
65698
59746
68512
63563
68650
66213
69212
58863
63911
62274
63960
70041
64114
73178
62139
66155
68014
62765
66076
69117
70126
70402
69401
60917
68928
64234
63222
62993
63807
63874
58431
67662
69667
69284
67755
67329
65583
70394
66923
67774
63217
64123
61814
65416
67421
63513
71166
66804
61781
68938
63113
66494
65450
61712
65086
65737
64443
70136
65904
72080
62944
63934
65268
66888
66802
70593
69253
60992
63663
68605
64032
65515
65036
64669
64542
66541
66109
61630
71506
68142
72101
62705
70491
61772
64588
65106
61739
70850
69966
63757
64492
65784
69097
62655
66531
63680
66470
61893
64529
65736
64034
63192
65893
62354
70095
63696
61590
66538
67587
61401
68644
63178
57904
64646
69615
63988
67695
63753
63660
69510
60824
64527
62609
68939
57713
71902
66786
64639
64167
66825
64910
63073
61082
60695
68480
62966
64196
63354
69016
68034
64024
63995
66048
61203
65942
63895
65967
65413
62532
70712
63043
68032
65701
61472
68372
66923
64285
67053
69668
65329
70830
68771
65945
59846
58438
65603
64693
67138
61941
74775
61814
66243
65886
64295
67670
62758
62611
66568
71349
70271
69864
72746
66028
59782
69479
69554
67954
67698
66512
68073
63488
65740
65270
69287
69157
69766
65178
63554
67299
62113
63942
65361
65999
65341
63424
70921
65342
70827
60861
71137
61352
65329
68230
65629
66243
69417
65772
72058
68988
65184
61726
66837
64178
62087
66024
57453
65272
65262
61652
59751
67646
61972
67591
69025
61633
60495
63708
62903
63626
68612
72171
69288
65372
63864
65698
61125
65125
56664
63097
65234
63275
69592
72426
66885
68909
69532
65176
59389
70114
63289
66440
63278
68110
71937
68459
67132
69457
61915
67010
60689
64321
72931
59496
64132
71530
65855
66610
62103
68309
63437
64476
59308
60266
61689
57443
68610
68144
66803
64625
70899
62607
67883
66255
66000
56342
62589
63068
69746
69981
65634
62338
68884
67607
67230
64778
71300
63166
64018
63947
63214
65493
68337
61132
66376
70245
61249
61862
60516
63039
67016
67181
65340
66448
65041
69832
64961
68537
64021
65999
66803
56485
69104
64302
66049
60004
66210
67003
63883
66902
59606
64705
64644
66338
72554
64703
70479
61640
68272
65269
64954
68141
66228
62695
58186
66484
68348
63664
63015
70248
62520
66728
61043
65409
61279
65576
59376
56156
67083
68818
66535
63314
67390
64942
73354
65450
56639
64203
66006
71183
66685
69530
58068
67619
64407
68058
61758
66471
66548
70486
65635
66849
59527
65245
66671
62433
65324
60610
68728
63174
68194
67607
65055
67446
67956
66861
68499
60701
56971
59378
64786
63286
63709
63318
70579
63731
66039
65975
67689
61360
62699
65084
64149
60487
66811
61771
61192
68769
65651
62843
63095
70038
61115
60360
62556
63287
66126
65388
65984
63619
65619
64096
65776
66365
66166
56264
69308
73383
67344
63531
64008
68494
67613
63903
67401
65647
64507
64736
60763
62008
65004
64727
65424
67336
68770
67281
65707
60206
66963
66827
66303
65233
70387
69182
61610
69238
58902
68604
71500
60290
62682
65366
64490
67281
70794
72869
66332
65009
67730
60152
66857
65454
67227
63560
66647
68362
69314
70424
66542
68672
58657
70155
66888
61712
67620
65386
66496
65075
65753
66682
61501
64831
71084
61568
63528
63948
66775
64843
66006
65306
66186
68804
63760
66518
66460
63262
67334
62127
65011
66268
68623
59904
67406
63344
69523
63839
64569
64900
64170
67983
68738
65377
62041
64079
65932
67611
69778
63128
58078
66399
67700
65503
62836
67222
61980
65310
67063
68042
64923
63538
67355
59985
69597
68862
66556
63141
68589
67857
68562
71918
62035
66568
66944
62262
68090
68912
68451
64999
69704
65568
68561
67212
64374
64706
65201
65320
73107
65517
64122
67263
68240
62497
61275
60749
62908
61506
67419
61854
68839
60097
64856
71455
67739
60989
66029
64204
61767
67584
63993
65882
69026
67052
64538
60040
59647
62822
66736
65011
57348
65539
64852
63984
63676
66540
64706
67429
63843
62643
66216
67958
66170
69654
67901
60134
69262
66286
60800
65602
69233
62066
68699
68299
63680
65103
66236
69186
67106
62032
62936
74050
69198
68174
69798
66307
67780
61799
66872
70429
58991
68495
62793
62560
65811
65760
65839
68761
63536
65298
64062
70254
67743
60073
70115
64422
68148
70253
64337
65262
68114
67041
63959
68307
68722
60840
65846
67631
63138
66771
67529
70323
60987
64188
64160
71453
66774
64654
58164
66139
65954
67253
67923
65806
62718
63289
58644
61508
68649
68642
64179
63796
65083
68046
59928
64909
61247
63703
67718
69294
60467
69743
69239
63697
61703
70755
61545
64415
60320
67254
68415
64720
64472
68993
60904
66203
61616
64687
67116
62153
71140
66357
59961
64516
61860
65641
73329
61139
58978
67045
62296
67091
72599
63426
63936
71832
66797
58608
72501
62745
61570
63700
62345
67656
70299
66137
68308
70004
66327
59825
66699
67955
63869
56654
66784
67041
67287
66235
67336
66118
66471
69345
64105
62715
71188
69408
69681
62552
65957
62237
64288
67837
58853
71609
65341
59090
64067
68136
63314
69741
62359
63177
64710
63525
63418
62409
65618
66249
67208
70441
60897
62401
64145
63197
65880
66947
63713
63209
67158
68913
65879
63800
72766
63918
63745
59407
61630
71187
62742
61850
70086
60203
64501
64225
64414
69911
71298
71874
66440
67263
68692
62518
69439
60414
70196
67620
61399
67252
69063
61733
68581
56573
61458
65856
60091
63375
60176
62873
68228
66390
64195
66073
61660
69470
64489
66711
66532
71440
66263
74137
60679
63039
63411
60922
64325
72070
63414
63620
65726
60768
63222
71452
68393
63285
68119
62116
69830
59780
68928
62310
66637
68193
63863
63304
66094
68028
63844
63413
62420
66717
69969
61142
68137
63702
65027
64656
67459
70183
69329
64417
69657
67930
64393
61818
60374
66714
70388
60946
70294
68411
71508
62364
63710
67937
68945
70032
60755
60639
67377
64454
62425
69710
66797
66170
71533
67555
69640
66032
64281
62972
68999
69479
62253
63804
63987
68703
63360
66035
63109
65477
66638
70834
65886
67516
65302
64603
61671
65715
65467
65232
65397
63037
60079
66387
69317
69179
64169
66197
68739
69300
63559
62479
66881
72323
65448
64733
65936
63132
68582
62348
64040
62757
63688
63121
62029
62506
70873
64398
63805
68863
69487
72808
65899
62582
67856
64486
67346
68165
65039
66856
63499
63234
67301
59907
60996
63665
67090
61917
59507
72352
62624
61897
65971
67476
73409
64071
67313
67123
65775
64907
59581
64365
61713
63936
56987
66729
69739
68641
68080
60678
68858
67457
61538
66601
69890
66737
66579
63905
65722
62507
69398
64731
65159
60656
58842
63570
65578
64352
61140
71767
67574
66408
69899
67071
70122
69736
63418
64196
63276
64675
67024
61607
65929
70599
63054
70044
61552
68754
64041
69187
65895
64948
66874
62228
64434
65959
58379
66469
65349
62625
66592
71259
63021
61683
59177
64651
75193
66599
63443
65600
61909
66847
66742
65888
59014
61888
63883
68280
69798
67494
57723
63415
64850
65372
65355
63712
65119
62858
64934
72859
60284
60589
70583
66520
59830
65783
67910
67927
66455
69993
66765
67332
73158
66121
61809
72167
62321
69087
69152
63428
64384
66626
65726
71064
67120
65822
71311
60485
71951
63511
61048
65314
64085
69749
65925
63253
64351
65822
70149
66073
66464
64909
65417
59744
65585
61197
62145
64410
65811
64162
69424
68443
66074
65262
64797
60470
65851
69207
70589
68004
63749
68708
62127
59371
57840
67451
61596
67374
72278
65268
65169
74014
69596
64445
61112
62840
59925
66460
60951
61861
64425
66079
69877
63076
69446
64586
57687
61685
70922
67921
59813
60140
61005
64720
69774
64314
63115
61324
69969
61661
61327
64008
61814
60661
70328
70018
67975
68152
67176
67261
64420
65502
67639
68764
62811
62931
70875
70735
68288
68953
63683
62102
66363
58256
63799
68455
66624
64619
63780
69102
66833
57787
68622
67585
64838
61145
56618
64747
66265
67420
69208
64046
66552
61825
66793
66468
69323
67771
65019
59692
65612
66511
63734
64542
65995
69216
67117
64026
62343
60637
64570
62292
64780
65537
65893
61303
64627
63520
61676
61689
65245
63464
66370
58189
64599
64131
69909
66977
69708
66253
68491
62049
68380
66202
60392
66804
67652
72425
69086
66206
62881
65646
68723
68676
68558
65048
64623
66551
69478
61609
67362
61465
66112
67953
68235
64108
72737
67571
59455
68693
63147
69088
67956
67543
65265
58425
64692
67556
63836
59923
64933
61813
64163
62779
62555
70220
66273
64874
62877
63405
62814
68432
66569
66199
64494
64521
63544
71074
69016
66331
70674
62326
63491
66814
67117
65826
63915
65452
73188
61465
66884
66570
67604
66401
62605
67114
68329
62424
62971
64894
67033
62572
65783
64147
59402
62528
69236
70229
67636
62849
67270
64480
61059
69268
61996
65684
65667
63408
70434
64872
61697
68425
65117
65499
62703
56516
64780
63861
69055
63757
68081
70350
59747
66786
61341
60517
62944
63345
68161
67125
63517
61297
61666
65115
69736
67988
63615
63078
62276
64696
66146
65709
65713
66343
67548
63776
67226
71334
68443
62262
68617
67270
65303
63115
62790
62687
66313
61778
66292
59629
65587
62057
69374
66801
61782
60214
65994
68509
63846
65402
64559
67209
63358
65223
65754
69385
66619
70399
67938
62554
64077
62017
69171
65932
68983
65598
73320
70808
64060
64723
63136
62769
65524
66130
68106
64844
66379
65705
65063
61586
57693
62381
68214
69467
62247
62215
59824
64551
71196
63738
66454
65872
68181
63854
67172
65466
58765
70333
66172
62635
60609
62725
67941
62709
63725
63729
66914
68242
63353
59337
64385
59160
69830
66510
66891
64362
65744
61241
62113
65176
68825
66643
64008
66508
68373
69643
62888
68882
66866
65571
69096
66024
65035
65166
71468
66478
69101
66714
64588
66068
71928
65083
67504
66625
67717
64161
58989
63217
60725
69624
60892
68628
64003
61055
63980
66609
67302
64786
65956
65003
63990
65361
69712
65518
70454
65981
69942
61411
62683
70025
63488
69271
61059
67038
62769
63739
68070
61549
56764
64448
68845
65559
64477
65300
62180
61442
56375
69051
60776
67429
70341
69606
58645
69034
65405
60969
67363
66649
66856
58919
64732
71139
62772
64673
61880
63915
66574
65196
70855
64571
65945
66932
69530
65374
64765
62708
73461
60806
67047
65411
63307
65006
62783
69951
69446
60289
62734
65860
67810
67512
68520
68343
60702
61933
67108
63822
63995
67523
63505
61755
63236
57776
66025
72255
64091
61135
61290
61484
62468
63109
63691
63151
65666
62463
65354
59861
62841
68487
63644
68688
64127
63563
65340
62672
61035
68064
65262
68099
66698
65659
60364
67422
70817
64654
69184
66691
62496
65837
69548
62037
64642
67508
66310
65700
66000
62017
69007
67183
63618
58385
60780
64571
66956
65077
72918
69804
64141
60450
68136
64254
69797
67262
64015
59135
65486
64105
64608
59446
66248
66683
63814
68401
61062
61700
64533
63377
76856
65469
68760
60665
56402
65019
62914
62915
61376
69568
66819
62975
63695
71140
71081
58622
66055
63090
65393
67732
61853
66356
62095
68727
68697
61178
66803
67226
65359
66819
67873
63825
62532
63407
62703
62101
63335
66302
59936
65551
65173
60040
69175
69305
67745
67137
66990
60627
68482
69755
63142
65356
58690
65816
67624
72020
68266
64722
61039
66997
68905
57625
66403
63888
63359
62791
59622
72834
61287
72662
68761
65552
63482
65464
69515
68579
65763
62510
62694
63824
63656
71858
69510
69081
67659
66184
60671
67728
70279
63459
63191
67764
68154
62132
67800
67382
68994
63533
63964
62886
65117
65621
66565
65235
64093
65258
62427
66602
61217
65213
69275
64375
65347
64665
60283
67966
62675
66941
74301
66096
71930
71460
59549
59808
61021
64941
61895
59558
64819
64138
69095
64096
72137
63193
66019
68881
68874
64330
65930
67603
65096
64176
68830
69468
61820
67502
67805
66414
68776
63413
68491
63107
