0.930778
1.010108
0.888826
1.044921
1.040128
1.064715
0.994929
1.059482
0.948923
0.968074
0.983632
1.042133
1.041162
0.978714
0.994883
1.016505
1.026966
1.085963
0.972135
0.926938
0.959291
0.966565
1.028496
1.003398
1.045772
0.984263
1.024903
1.023158
1.047848
0.971560
1.027922
0.979783
1.011474
0.977124
0.995295
1.034293
1.027815
0.982718
1.072623
0.983880
1.064365
1.039169
1.009440
0.905004
0.950777
1.006207
0.961763
0.966841
0.964857
0.923175
1.018512
0.957032
1.004864
1.027077
1.072010
1.101794
0.910171
0.973754
0.950081
0.983883
0.934268
1.027787
0.955609
1.065863
0.964246
1.040753
0.935051
1.017493
1.006006
1.021856
1.005563
1.088767
1.032414
1.034657
0.994330
0.979588
0.943369
0.997116
0.946618
1.080116
0.966473
0.947100
1.078502
0.978825
1.127129
1.045993
1.013989
0.946385
1.026622
1.009065
1.107452
0.961521
1.043998
1.038408
0.946501
0.855039
0.958833
0.989035
1.031663
0.970267
1.101659
0.871454
0.967728
0.920689
0.945873
0.976247
1.040433
0.951976
1.018895
1.000750
1.000002
1.043318
1.014088
0.943155
1.070478
0.973946
1.009490
1.040213
1.036633
0.913327
0.937341
0.941251
0.955054
1.093771
1.015952
1.086396
0.962744
1.000852
1.010964
0.982187
0.970986
1.009550
0.928812
0.929276
0.984347
1.002810
1.015887
1.054018
0.893865
1.048879
0.987294
0.971367
0.959363
0.980177
1.033569
0.917605
0.939730
1.018806
0.982302
0.961639
0.986495
1.031984
0.968078
1.050243
0.978646
1.002897
1.071576
0.967621
0.967674
1.008184
1.036769
1.063904
0.969993
0.946179
0.902502
1.047740
0.958750
1.041986
1.041082
0.925911
0.946211
1.071570
0.944433
1.045112
0.989159
1.048662
1.005031
0.896937
0.965695
0.970702
0.991415
1.016805
1.078295
1.036513
0.943360
1.061486
1.005721
1.054158
1.049060
1.025220
0.943830
0.973264
1.048113
1.090119
0.976027
1.010173
0.957223
0.990769
1.033073
0.913331
1.000582
0.976919
1.039888
1.023248
0.945733
0.959733
0.970240
1.022513
0.912583
1.042564
1.014064
1.084678
0.943973
1.018860
0.928605
1.025727
1.033657
1.061896
1.016976
0.979651
0.957804
0.993114
1.022868
0.953199
0.970099
0.968258
1.080308
1.013247
1.042599
1.060568
0.967217
1.056638
1.024525
0.965536
1.071602
1.010190
1.002166
1.047458
1.027604
1.067930
0.977682
1.052832
1.030509
1.012716
0.932523
0.970161
1.018824
1.075349
1.005883
0.979828
1.002367
1.072226
1.023108
1.027245
0.992635
0.992414
1.005833
1.064677
1.107103
0.917360
0.998473
1.046170
0.993877
1.042706
1.033883
1.027426
1.020384
0.963511
0.943982
1.081439
0.897863
1.064522
0.958117
1.007192
1.013582
0.992620
0.989269
1.028786
0.941255
1.003341
1.026478
1.021341
1.064721
1.066489
1.004274
0.955585
1.097447
1.065666
1.012126
1.036918
0.987335
1.005757
0.918361
0.954741
1.022861
1.059734
0.904387
1.005260
0.976802
0.990915
0.997193
1.055139
1.081195
1.075036
1.024170
1.020048
1.008954
1.044284
0.967912
1.016153
0.963507
0.973029
0.995937
0.954263
1.075306
1.021520
1.029536
1.026862
0.987701
1.003794
1.013199
0.974014
0.942755
1.006338
1.029346
0.997526
0.984276
1.011531
0.957097
1.039984
0.991512
1.068719
1.049182
0.988999
1.060796
1.014145
1.002423
0.997219
0.962269
1.086828
1.025354
1.021569
0.965504
0.954079
0.961611
1.014758
0.903502
0.995513
0.962870
0.981909
1.006007
0.910325
1.005992
0.996371
1.085469
1.026901
0.969481
0.994982
0.943684
1.075044
1.041663
0.970222
0.989977
0.977701
0.944870
1.044885
0.958706
0.953547
1.087402
0.975509
0.955597
0.965373
1.037418
1.028084
1.005890
0.980789
1.027028
1.033951
1.055032
0.950674
0.930416
0.984612
0.990746
0.960617
1.066421
0.983601
1.024086
1.015203
1.009753
0.903697
0.973824
0.977858
1.109679
0.918885
0.979833
1.079088
1.026382
0.948892
1.062079
0.960072
1.107824
1.005254
0.950972
0.997530
0.962379
1.132382
0.931021
1.013454
1.015633
1.035326
1.010648
1.040242
1.011672
0.942668
1.032498
0.869715
1.074688
0.976788
1.056594
1.026359
1.035864
1.023595
1.014226
0.997926
1.009498
0.936000
1.017823
0.927984
0.958466
0.862300
0.902629
0.946263
1.129494
1.034983
1.068992
1.017931
1.073040
1.064876
0.995840
1.042759
1.046506
0.969223
0.950699
0.959962
0.942305
1.044640
1.022132
0.932858
1.006017
0.942197
1.034623
1.024434
1.033358
0.889221
1.032298
0.996439
1.056278
0.928367
0.967368
1.024421
0.989977
0.993372
1.025890
1.125186
0.984912
1.003372
1.102631
0.970511
1.001021
1.053033
0.980492
1.028780
0.896510
1.005038
0.967466
1.068646
1.043727
1.023912
1.015141
0.940749
1.015623
0.982371
0.928024
0.991475
1.052524
0.974622
0.988320
1.081910
0.926488
0.986430
0.933102
0.939712
1.032367
0.978599
0.971826
0.997325
1.043120
0.952492
0.924470
0.890800
1.008968
0.935008
0.898065
0.947601
0.994985
0.978711
0.975645
1.080995
1.015946
1.123526
0.943145
0.973644
1.052667
1.047424
1.089459
0.951615
1.053384
0.973388
1.099946
0.914041
1.118938
0.963189
0.991428
1.095096
1.019378
0.958434
1.043719
1.011172
0.958629
0.946360
1.035184
0.982931
1.090986
0.904771
0.950859
0.917955
1.079187
1.003642
0.970917
1.037400
1.008816
1.088249
1.005783
1.024737
1.057834
0.946239
0.973604
1.000256
0.987091
1.008801
0.983552
1.061696
1.019586
0.944119
0.988638
1.085560
0.957176
1.047577
0.931499
1.030386
1.012200
1.029029
0.991216
1.061788
1.076280
0.993477
1.032135
0.915444
1.020591
1.000528
1.007491
1.090094
0.967207
0.956921
1.037141
1.018337
1.049687
0.959187
0.979303
1.069602
1.014407
1.020618
1.022524
1.006689
0.954936
0.935993
1.010288
0.924888
1.014325
1.043985
0.972484
0.976138
1.076558
1.000683
1.085462
0.961432
1.079007
1.030604
0.951458
0.974333
0.983453
0.973280
0.941765
1.004653
1.064970
1.077575
0.969602
0.995198
1.001521
1.042428
1.017289
0.952540
1.025995
1.069212
0.990930
0.955465
1.017432
1.070841
1.056956
0.988184
0.946704
1.002567
0.987695
0.936164
1.014092
0.960937
1.003926
0.962767
0.938608
0.979934
1.115886
1.009783
0.993290
1.010678
0.999515
0.978454
0.968001
0.977971
1.045111
1.009123
1.050439
1.090485
1.031566
1.011968
0.939962
0.935219
0.970505
0.997685
1.016812
0.941969
1.018384
1.017740
0.975544
0.973247
0.979149
1.030117
1.009820
0.975090
1.044147
1.056793
0.996244
1.044724
1.005348
1.002666
1.007105
0.974702
1.059667
1.172676
0.986007
0.950007
1.005155
0.961560
0.933067
1.058942
0.965024
1.078244
0.965940
0.968639
1.069664
1.088962
0.961107
0.956924
0.965287
1.013115
1.066782
1.004979
1.013110
0.910941
1.018108
1.053390
0.976540
1.071518
0.926131
1.032385
1.092693
0.944217
1.040864
0.931143
0.984097
0.976722
0.998419
0.969077
1.034749
1.053466
1.032486
1.069034
1.015309
1.064075
0.921009
1.020670
1.038645
1.019432
1.057975
1.008334
0.966577
0.955241
1.008286
0.959823
1.001346
1.020547
0.991726
1.010060
1.014057
1.019620
0.966038
1.009000
1.044279
0.983392
0.903525
1.029754
1.041882
0.940803
1.023510
1.131398
0.991259
0.908161
0.991520
0.896441
1.099488
0.973481
0.999407
0.937956
0.986993
0.917890
0.982471
0.888127
1.036736
0.960737
0.975762
1.033373
1.018426
0.967259
0.936374
0.915138
1.049463
1.054531
0.942872
1.048909
0.928941
1.011850
0.982690
0.983461
0.972403
0.939121
1.032974
1.111064
0.978097
0.992788
1.052044
0.996022
0.912899
0.949877
0.912924
1.089111
0.950476
0.994546
1.065301
0.989445
0.977146
0.934927
0.984836
1.020306
0.918660
1.013579
0.986395
0.913502
1.038290
0.980288
0.988680
1.001143
1.025090
1.093505
1.034106
1.008375
1.054466
1.049600
1.051313
1.030633
1.045701
1.021881
1.006104
0.984186
0.934884
1.012092
1.006183
1.000734
0.893773
1.042426
0.955665
1.013316
1.032565
1.000656
1.100793
1.017812
0.958867
1.064602
0.998213
0.992945
1.026001
0.926425
1.070968
0.932900
1.021999
1.032023
0.955921
1.015119
0.891116
1.023203
1.014761
1.067508
1.044925
1.024376
1.005973
1.032207
0.901581
1.026235
1.084533
1.108548
0.949316
1.030002
1.018759
1.096642
1.021936
0.957126
1.074893
0.999807
0.954083
1.033544
0.985646
0.903331
0.943863
0.980074
1.001574
1.077290
1.147121
0.873317
1.056172
0.971131
0.961768
1.020229
0.973339
0.999376
1.062938
1.012365
0.968339
0.983420
1.035099
1.070956
0.982349
1.044269
0.951784
1.017398
1.073680
0.958201
0.971133
1.035936
1.026984
0.992991
1.045549
0.960251
1.044085
0.951399
1.026272
0.982718
0.984603
1.009459
0.861181
0.876086
1.033315
1.083417
0.960903
1.036416
0.978461
1.004736
0.978231
0.947725
1.075739
1.033996
1.007464
0.916916
0.933370
1.028089
0.945667
1.020444
1.002561
0.991663
1.057493
0.960689
0.980992
0.865474
1.040274
0.966102
0.997253
0.965988
1.074072
1.006686
0.980857
0.998969
1.036170
0.896708
1.020512
1.002210
1.008084
0.992822
1.084603
1.106778
1.028132
1.071296
1.042940
0.995110
0.973966
1.087583
0.984364
0.899003
1.002719
1.017060
0.987442
0.955357
0.999937
1.084581
1.006247
1.044836
1.039216
0.981938
0.988910
1.052944
0.962632
0.963265
0.932120
1.063605
0.952997
0.945396
0.989488
1.022043
0.961214
0.967785
1.002810
1.070527
1.026658
0.971632
1.008447
1.067606
0.978952
0.979507
0.931573
0.983990
0.924665
1.023212
0.997148
1.059430
0.994993
1.044572
1.027172
0.999359
0.993348
0.968951
1.062172
1.018736
1.058010
1.034181
0.943979
0.981168
0.999093
0.986965
0.981164
1.056857
0.963965
0.965378
1.038984
0.974157
1.007706
1.054781
0.964535
0.964693
1.069808
1.075951
0.888707
0.959358
1.031600
1.016945
0.966075
0.985992
0.890636
1.045899
1.075824
0.983891
0.898414
1.061763
0.993273
0.959902
0.952949
1.023742
0.976650
1.088074
0.942040
0.955943
1.000440
0.978119
1.031633
0.926525
1.000115
1.012333
1.069581
1.019869
0.979798
0.976695
0.941398
1.037980
0.955271
1.057771
0.964503
1.045357
0.983835
1.054058
1.084412
1.012723
1.009237
0.991304
0.962921
1.033708
1.030244
0.984955
0.938433
1.063208
1.125170
1.000550
1.058854
1.026430
1.022737
1.027900
1.009591
1.123759
1.051182
0.942073
0.898481
1.044078
0.934348
0.997288
1.009764
1.047207
0.995378
0.996724
0.949496
1.030375
0.958056
0.997038
1.030141
1.060761
0.951769
0.984268
1.019610
0.984743
0.964277
1.001055
1.000434
0.988546
1.050992
0.977628
0.886373
0.983031
1.038632
1.008248
1.071891
1.039176
0.959038
0.948462
1.001052
0.976045
0.979421
0.959362
1.004433
0.920893
0.971452
0.865278
1.002626
1.037974
0.991745
0.963850
1.004362
1.091479
0.999421
0.997551
0.980007
0.888791
1.019941
1.032485
1.038255
1.001403
1.090121
0.968091
0.940408
0.969538
1.072291
0.969722
0.986677
0.856079
1.058865
1.038980
0.947776
0.962700
0.957056
0.982680
0.958928
0.977640
0.989604
0.959150
0.975644
0.946635
0.972227
1.127557
1.050870
0.971663
0.928891
1.075050
1.004892
0.970685
1.125819
0.993891
1.057518
0.975697
0.981968
1.084291
1.054674
1.060139
1.049786
0.960007
0.935025
0.853065
0.954202
0.965670
1.032438
1.030466
0.922170
0.961066
1.030029
0.939132
1.036921
1.001150
0.965887
1.040957
0.932420
0.950277
1.046861
1.078586
0.937088
0.940531
0.992454
0.993825
0.980952
1.001546
0.997199
0.988546
1.082446
0.944055
1.050936
0.986850
1.077306
1.100484
0.913459
1.000647
1.012446
0.991148
1.135091
0.967194
1.049202
0.963053
1.043681
1.000148
0.946673
0.984034
0.998863
1.025763
1.012802
0.994407
0.993775
0.972723
1.013462
1.050149
1.008104
1.040502
0.988434
0.970654
1.009660
0.952948
1.025789
0.999949
1.057940
0.983447
0.977036
0.953679
1.072060
0.971244
0.978426
0.946743
1.039250
1.049230
1.108969
0.972972
1.029703
0.948406
1.039556
0.994604
1.067492
1.058441
0.991904
1.009154
0.997103
1.020851
1.037169
0.998653
0.953210
1.064357
1.046517
0.912211
1.011767
0.991572
1.014788
0.942113
1.033448
1.003369
0.974755
0.971295
1.122814
0.943208
1.075494
0.948593
1.004801
0.970011
1.057933
0.916350
1.123722
0.984801
0.990062
1.009185
1.099155
1.066977
0.897260
1.063003
1.014953
0.989463
0.984996
1.040732
1.088475
1.043192
0.959387
0.975336
1.060158
0.976845
1.001857
1.044334
1.093492
0.999293
1.058012
0.987647
1.006147
0.980758
0.984832
1.000478
1.017817
1.005754
1.073076
0.994230
0.971521
1.062655
1.034013
0.924165
0.988315
0.984067
1.046955
0.866654
1.105940
1.015892
0.997157
1.024668
1.006236
1.061870
1.012819
1.050607
1.062739
1.022205
1.095223
0.915491
0.958964
0.990483
0.982670
0.989934
0.965107
0.930773
0.957520
0.970593
1.064781
1.029363
1.031073
0.961907
1.079013
0.976946
1.063374
1.049594
1.010660
0.978730
1.074019
1.062743
1.109185
0.976368
0.951499
1.048473
0.948340
0.907703
1.038968
0.980266
0.969433
1.075510
1.010563
0.988511
1.071002
0.981940
1.095879
0.898368
0.968747
1.061980
0.939112
1.094352
0.996229
1.003259
0.904688
1.064079
0.901023
1.075617
1.048325
0.972380
0.984621
1.061319
0.992223
1.043104
1.042539
0.961669
1.020712
0.981217
0.953556
0.961061
0.967294
0.961567
0.951492
1.015717
0.963733
0.940644
0.918593
1.041057
0.985577
0.994462
1.016498
0.917729
0.913744
1.011100
1.051268
0.992572
0.977868
0.975860
1.033856
1.072553
0.944240
1.075247
1.012788
1.006107
0.981443
1.031474
0.946521
0.981098
0.973822
0.853139
1.101480
0.980910
0.998393
1.017117
0.970340
0.945152
0.961063
0.980260
1.047825
0.968796
1.054784
1.093416
0.892660
1.013405
0.987723
1.017098
1.036866
1.070964
0.931114
1.017507
0.993194
1.035431
0.940192
0.999053
1.036871
0.935720
0.985774
0.921698
1.079385
0.917303
1.051859
0.996853
0.966529
0.962734
1.007648
1.099513
1.065327
1.050595
0.971952
0.975869
0.989573
0.993451
1.032818
1.002734
1.036296
1.046211
0.969787
0.873902
0.993371
0.987906
1.036520
0.962719
0.943515
1.062714
1.028246
1.007296
1.023380
1.038050
1.008348
0.932587
1.033791
0.920511
1.062571
0.950986
1.034784
1.007394
1.006747
1.075518
1.014307
1.032175
0.998114
1.060495
1.010833
0.984703
0.961935
0.983531
1.007261
0.947690
1.006185
1.013520
0.974495
0.993993
0.923691
1.021906
0.979890
1.010548
0.990830
0.946425
1.015971
1.043821
1.020127
0.978511
1.044223
1.026539
1.012347
1.013335
0.952635
0.964462
0.987475
0.963602
0.985514
1.034425
1.009216
1.007507
0.985212
0.974683
0.954195
1.017872
1.051470
1.162185
1.022907
1.009534
1.006767
1.023033
1.035463
0.917552
1.062336
0.955324
0.985362
0.999910
0.967072
0.966273
0.964106
0.988996
1.061383
0.943015
1.095805
0.935257
0.982607
0.897948
1.014221
1.054402
0.894103
0.894611
1.023018
0.986375
0.990295
1.056459
0.962634
1.003116
0.980293
0.960794
1.008246
0.997060
1.043182
1.062181
0.980514
0.991485
1.041842
0.996562
0.969975
1.042277
1.083165
0.980776
1.036884
0.961950
0.998033
0.946946
0.913614
1.028307
0.990970
1.020721
0.928143
1.089880
1.058559
1.094207
1.037803
0.921005
1.036560
1.095842
1.067371
0.968803
1.011997
0.957853
1.064592
1.015740
1.038125
1.068369
1.037483
1.077847
1.017994
0.966506
1.032952
0.990158
0.933059
1.076500
0.834996
1.025679
0.986642
0.886112
0.965486
1.023192
1.041271
0.988822
0.960715
0.969722
0.998843
1.085218
0.975401
0.997608
0.986197
1.038704
1.039502
1.052968
0.999662
0.993595
1.006180
0.936144
0.916552
1.050858
0.997301
0.977593
1.051469
1.053471
0.889148
1.017344
0.930908
1.016820
1.093040
0.974245
1.074087
0.971913
0.987055
1.042036
1.036806
1.053452
0.966320
0.936383
1.045103
0.873758
0.988870
0.991197
0.960151
1.077107
1.044051
1.089689
0.979359
0.944258
0.945186
0.995262
0.988780
1.005318
0.927308
0.948029
1.038730
1.034289
1.006929
1.008209
1.084397
0.943449
1.041477
0.996972
0.984989
1.033511
1.096364
1.060598
0.934068
0.972725
1.061290
1.040764
1.057014
1.020576
1.046175
1.020106
1.040213
1.091731
0.995506
0.996522
1.073052
1.021872
1.023243
1.014062
1.029835
1.023918
1.031318
0.943335
1.055527
1.033448
1.045629
0.980974
0.941622
0.966309
1.000238
1.038132
1.014492
1.009837
1.017829
0.969693
0.981517
1.030297
0.989690
0.964293
1.034027
1.028057
0.964856
1.115161
0.960308
0.999817
0.914019
0.919345
0.967796
1.033055
1.043301
1.004099
0.992128
0.932630
0.959889
0.986033
1.047843
0.925160
0.955521
0.999995
1.005768
1.135795
1.003127
0.980647
0.979968
1.090646
1.007045
0.982786
0.986559
0.960273
1.025483
1.005486
1.029647
0.921742
1.148378
1.025399
1.081497
1.014200
1.016564
0.902837
1.005936
1.110840
0.997717
1.025005
1.047865
0.941200
1.007285
1.015169
0.965739
0.972081
1.096863
0.988434
1.091534
0.962487
0.999310
1.017877
1.080677
1.011869
0.940591
0.987966
1.049864
1.014695
0.996821
0.869355
0.985977
1.022013
1.011599
1.075837
1.015682
0.988743
0.945609
1.040465
0.957357
0.926190
0.944337
0.984546
0.895508
0.979132
0.937243
1.018593
0.983889
1.023606
0.949762
0.997301
1.003169
1.091284
1.048019
0.995643
1.005554
1.017099
1.008259
0.976645
1.010032
0.987389
0.982555
0.915209
1.002126
0.982268
0.947083
1.040773
1.007447
0.971967
1.087056
1.053872
1.002023
0.941685
1.059240
0.987069
0.967149
0.945697
1.015325
0.945869
0.929655
1.082572
1.005164
0.977550
1.036636
0.989491
0.995626
1.032168
0.947035
1.032582
1.031964
0.979148
0.896360
1.002324
0.970709
0.998556
1.015089
0.932011
1.066951
1.011013
0.997133
1.018437
0.915482
0.957542
1.025999
1.010732
1.045875
0.982516
1.026798
0.994133
1.037786
0.946994
1.045553
1.009237
0.960416
1.050301
1.031276
1.003051
0.921921
0.996134
1.061680
0.957299
0.926674
0.922626
1.020724
1.079016
0.936781
0.994527
0.976777
1.022789
0.948209
1.044090
0.996459
1.001607
1.015894
1.032224
0.904880
0.966833
0.967131
1.084798
1.000327
1.053308
0.977035
1.011790
1.070819
0.988127
1.039034
0.991125
1.034913
1.114017
1.024242
0.979556
0.969043
0.987956
1.003373
0.925783
1.052579
1.055896
1.016522
1.011146
1.027686
1.052643
1.043875
0.963158
0.961466
1.009061
0.981069
1.055468
0.995124
0.982520
1.040950
0.936370
0.854351
1.017314
1.023772
1.016185
1.002373
0.992284
0.950532
1.056204
0.977084
0.988132
1.037751
1.015725
1.001942
1.029667
1.077129
1.038120
0.964525
0.990466
0.975697
0.981669
1.178282
1.082007
0.975866
1.034803
0.989886
0.986451
1.009942
0.981832
0.909157
0.907534
1.059950
0.992621
1.050041
1.011048
0.976235
0.929433
1.028432
0.970706
1.039692
1.028218
0.989014
0.967364
0.950882
0.947312
0.960516
1.034101
1.040614
0.978032
0.980102
0.997532
1.095766
1.027127
0.990308
1.007387
0.942855
0.910754
1.117061
0.966510
1.047120
0.979062
0.910213
0.922413
0.971610
0.983474
0.871933
1.002440
1.078699
0.950174
0.987925
0.982785
1.017746
0.970110
0.960653
0.956228
0.942208
1.018704
0.957334
0.954176
0.947588
0.983688
0.998484
0.927108
1.052542
1.017924
0.975206
1.055380
1.082410
0.958248
1.057602
0.971228
0.958673
0.962732
1.115206
0.993915
0.993572
0.965904
0.981100
0.959363
0.906334
1.018103
0.887538
1.025661
0.990055
0.915644
0.995672
0.981804
0.918028
0.989190
1.068323
0.931195
1.048182
1.123339
1.014410
0.990055
0.954047
0.973182
1.085236
1.003191
0.934935
1.010096
0.985936
0.973886
1.047423
0.917818
1.022121
0.963578
1.048908
1.031457
1.063621
1.097009
0.967897
0.967988
0.946283
0.984375
0.989378
0.979807
0.943731
0.898924
1.065069
0.921037
0.985776
1.115626
1.049976
1.053192
0.949803
0.952308
1.000597
1.074375
0.942986
0.979991
0.904492
1.001572
1.029520
1.037962
0.995448
0.976829
0.976890
1.068784
1.006808
1.028396
1.008888
1.025237
0.979043
1.068676
1.128241
1.039999
1.065179
0.942363
0.968988
0.929513
0.893735
1.010087
0.943145
0.954841
0.985081
0.922238
0.996444
1.052714
1.001525
0.979402
0.916602
0.967711
1.007280
1.017092
0.981304
0.955402
1.064872
1.009575
1.072465
0.974278
1.034074
0.931352
0.993739
1.019717
1.122743
1.104651
1.053627
1.008916
0.946233
0.996986
0.992352
1.033143
1.095168
1.076033
0.999901
1.044878
1.032526
0.986368
1.023172
1.047285
0.986448
0.881300
1.034198
0.974837
0.973799
0.973432
0.999099
0.993855
1.073995
1.009653
1.050620
1.058204
1.027902
1.035350
0.990789
0.955933
0.959162
1.059468
0.990901
0.945343
1.062220
1.041855
0.935686
1.022279
0.980543
1.014023
0.933959
0.966745
1.091025
0.986675
1.018071
0.967744
1.058865
1.026506
0.997886
0.969000
0.991980
1.001164
1.020295
1.084381
0.928470
0.997963
0.988853
0.958183
1.003688
0.952400
0.947106
0.944350
1.030946
1.079614
0.963341
0.977565
0.998243
0.965391
1.062121
1.015957
0.971723
1.086991
1.052855
1.043033
0.960386
0.917961
0.944092
1.035159
0.930537
1.035591
0.994350
0.966822
0.953290
0.982967
0.993943
1.037957
1.025057
0.992066
1.010172
0.983818
0.927139
0.985226
0.987419
0.925136
0.971751
0.979137
1.049855
0.921421
1.006326
1.021773
1.072765
0.944097
0.980698
1.055762
0.945340
1.061942
1.018672
1.015438
0.995327
0.902432
1.043403
1.013527
0.930234
1.083149
0.967247
1.048540
0.953356
1.017092
1.070440
0.914809
1.044457
1.023489
0.891914
1.021659
1.018062
0.989794
0.997357
1.047128
0.949119
0.935769
1.068041
1.008339
1.029461
1.127760
1.063683
1.032837
1.026175
0.948400
1.029873
1.021891
0.975718
1.077847
1.101727
1.012061
1.025379
1.063673
1.048517
0.981495
1.052335
1.047185
0.994151
0.932623
0.946257
0.939793
1.002056
0.952641
0.950447
0.969578
1.058773
1.075374
1.031838
0.948758
0.989730
1.015985
0.956105
0.962218
1.058721
1.046140
1.016043
1.011802
0.979509
0.974135
1.020447
1.101104
1.063949
0.987462
1.073626
0.968499
1.059599
1.075655
1.049918
1.025039
1.007898
0.905387
1.032240
1.040424
0.959147
1.042945
0.910963
1.062929
0.940395
0.971223
1.014995
0.985196
0.940540
1.044253
0.970733
1.016436
1.018302
0.903271
0.975659
0.992442
0.962692
0.970298
1.011550
1.040343
1.002350
1.001343
0.977201
0.954152
1.121344
1.022922
1.116460
1.074634
1.036056
0.937958
1.054683
0.996219
0.951831
1.005950
0.925370
1.027949
0.991441
0.892986
1.035375
0.999877
0.923954
1.103267
0.960447
0.986717
1.018037
1.035271
0.992390
0.965584
1.013006
0.933031
1.053597
1.001709
0.980679
0.930845
0.958495
0.965789
0.966354
0.952380
0.990030
0.954947
0.992103
1.048692
0.987371
1.034906
1.008423
1.030414
1.035331
1.071734
1.094887
0.962703
1.043057
0.945918
0.988449
1.008644
0.984600
1.027337
1.028031
0.900486
1.000862
0.972893
1.019276
1.008651
1.012682
1.013137
0.962870
0.993141
0.982507
1.037501
0.974317
0.970852
1.073431
1.007272
1.088638
1.006270
0.925264
0.948213
0.976792
0.999355
1.052553
1.029300
0.974894
0.928332
0.973878
1.040636
1.075482
0.926521
1.054590
0.994215
0.990820
0.965403
0.905270
1.064664
0.928055
0.963717
0.987478
0.995897
0.913008
0.946206
0.961188
0.957361
0.904728
0.966340
0.935577
0.996970
1.058401
1.045995
1.011173
1.046977
1.047396
1.031827
0.900794
1.089169
0.993052
1.021139
0.964355
0.970462
0.953205
0.917133
1.022223
1.046475
1.016073
0.987980
0.995131
0.988569
0.942736
0.985853
1.061426
1.116487
0.957088
0.987295
0.988637
1.010180
1.077268
1.036646
1.088535
0.986502
1.041883
0.925029
1.039408
0.979929
0.983384
0.989021
1.055847
0.987390
0.899639
0.999449
0.938847
1.044858
0.939540
0.944753
0.997593
0.970075
1.019472
0.936414
1.030180
1.021277
1.007623
1.066753
0.985694
1.082516
0.948429
0.995993
1.007757
1.007767
1.028100
0.934576
0.903866
1.027789
1.032596
0.946366
0.954652
0.970678
0.974789
0.990666
1.004302
0.948653
1.049110
1.061187
0.904786
0.905798
1.044256
0.951151
1.035520
0.921081
0.941891
0.992084
1.067779
1.050214
0.934237
1.054149
0.984843
1.040206
0.950919
0.964993
1.046351
1.046616
0.951838
0.984362
1.039617
1.017685
0.979152
1.040809
1.001309
0.985838
1.046008
0.964519
0.955913
1.043135
1.046722
0.911330
1.038478
1.075369
0.994796
0.992952
0.978954
1.017646
0.987008
1.112662
1.026725
1.018327
0.947994
0.946000
0.996751
0.948376
0.963273
1.024136
0.997750
0.974420
0.985302
0.985590
1.006921
1.020553
0.928092
1.022252
0.994387
1.016267
1.035663
1.023516
1.053628
0.960076
1.065720
0.944622
0.986495
1.043146
0.908848
1.026587
1.040202
1.003539
1.045198
1.063894
0.969488
1.011618
0.967640
0.906349
0.970107
1.072911
1.094494
1.020585
1.003501
1.029659
0.960155
0.988400
1.024945
1.088477
0.956014
0.980347
1.061617
0.912307
0.988311
0.944380
0.853316
0.944819
0.978850
1.060035
1.036189
1.068892
1.040663
0.945823
1.038516
1.011495
0.986996
1.008065
0.973951
1.032301
0.944500
1.029590
0.997820
0.992645
1.003109
1.068219
0.978770
0.998625
1.030631
0.970688
0.962489
1.067208
0.898532
0.924847
1.026181
1.050736
0.999118
0.942528
1.080056
0.972055
0.978536
0.994590
0.975762
1.039599
1.009183
0.985533
1.005715
0.983843
1.082491
0.926448
0.958227
0.989552
0.973676
0.956975
0.910637
0.999540
1.015183
0.912581
1.023662
1.043956
1.027261
0.890356
0.962326
0.974844
1.025691
0.886721
1.040111
0.997956
0.962693
1.017119
0.984902
1.010401
1.000536
1.015248
0.959929
1.053467
1.023630
1.041834
0.964772
0.982841
1.009924
1.105272
1.054974
0.944726
1.109003
0.973684
0.976163
1.137551
0.867536
0.913693
0.916494
0.968677
1.041520
1.019111
0.988666
1.017859
0.947763
1.058682
0.992187
0.904821
0.985630
0.946987
0.939526
1.023740
0.967820
1.044046
0.993496
1.019345
0.948391
0.946776
1.026692
0.993962
1.009219
0.946991
0.946923
0.999482
0.989071
1.049177
0.991337
1.049956
0.980915
0.975715
1.002416
0.941044
0.967616
0.969172
1.031599
0.962750
1.058967
0.937553
0.979567
1.008415
1.052129
1.068687
0.951059
1.006347
0.910468
1.079236
0.993266
1.072989
1.074609
1.005333
1.066762
0.982129
0.985900
1.008958
1.051571
0.924631
0.921807
0.960085
1.023839
0.953419
1.050130
0.897542
1.042392
0.949489
0.920799
0.994951
1.014688
0.910258
1.015351
0.983058
0.961658
0.974698
1.041085
1.093173
1.023195
0.939801
0.978124
0.979854
0.978772
1.061585
1.047714
0.999901
1.114084
1.012577
1.014165
0.931451
1.055236
1.001645
1.124989
0.957140
0.977560
1.088907
0.984361
1.055506
0.963496
1.049419
1.039538
0.881349
0.956908
1.040497
1.001734
0.989696
0.962823
0.975522
0.969834
1.007668
0.983606
1.037992
0.924398
1.036989
0.993851
1.012434
0.921370
1.005063
1.033047
0.998269
1.030012
1.124999
0.985590
0.906045
1.035252
0.936687
0.979613
1.023810
0.963969
0.918159
0.951078
0.991587
0.955860
1.016240
0.981040
1.069971
1.034197
1.062738
1.038395
1.031048
0.968349
1.089899
1.014581
1.040685
1.051863
0.950715
1.022233
1.023796
0.909875
1.009710
1.030793
0.993430
1.112677
0.938971
0.998635
1.008045
0.972836
0.935721
0.985540
1.031333
1.075470
1.033095
1.045327
0.887119
0.984471
1.014042
1.052919
1.019385
1.027085
1.033639
0.933766
0.951512
1.085000
1.018884
0.963797
0.989205
0.954512
0.996993
1.012621
1.113583
0.942985
0.981542
1.016906
1.105976
0.906971
1.074784
1.015943
0.975748
1.001998
1.013788
1.037955
0.893250
1.000564
1.010666
1.118161
1.023937
1.006271
0.961430
0.975820
0.935741
0.986592
1.088771
0.921568
1.053637
0.953392
1.016065
0.996767
0.956101
1.082716
1.037363
0.965276
1.010319
0.923152
1.031232
1.062714
1.107011
0.949815
1.043615
0.923703
0.966506
1.043871
1.114119
1.021441
0.934888
0.997145
1.074638
0.942020
0.984007
0.984851
0.998833
0.984701
0.968288
1.022776
1.019506
1.018657
1.050929
0.996788
1.042644
1.019172
0.955603
0.959189
1.027524
1.011967
0.955943
1.011856
0.962554
1.053028
1.006226
0.967047
1.048305
1.047154
0.948288
0.966424
0.939346
0.985346
0.944299
0.972071
1.048942
0.979995
1.020268
0.897820
1.098862
0.947764
1.034230
0.970066
1.008575
1.006985
0.867180
0.966776
1.033008
1.027001
1.075895
0.968773
0.889085
0.959554
0.999331
0.973821
0.992865
1.050674
1.001800
0.923223
1.052626
1.001925
0.990075
0.930297
0.998046
1.005642
1.075051
1.000479
0.981266
1.037334
1.090757
0.982640
1.054220
0.990355
0.896539
1.065164
1.024374
0.946135
1.071468
0.971412
1.062571
0.992812
1.051136
1.002950
0.986510
1.016677
1.029953
0.966530
1.022524
1.016195
1.094132
0.938292
1.006783
1.040669
1.062896
0.988787
1.059538
1.027617
1.029506
1.030416
1.024071
0.891955
0.985440
1.028447
1.015686
0.942267
1.043913
1.000574
1.037771
0.983544
0.993668
1.042209
1.029749
0.995530
1.048882
0.992862
1.005693
1.049342
1.045775
1.016025
0.907820
1.066180
0.929112
1.026947
1.020795
0.975570
1.035991
0.958083
1.029283
1.005306
1.041567
0.917468
1.053879
1.032930
0.938646
1.023703
0.909559
0.956565
1.033026
0.970650
0.987778
1.037028
1.045042
1.057224
0.993591
1.036275
1.093635
1.074129
1.026093
1.020951
1.036692
1.011087
1.071149
0.978529
0.986946
1.015795
0.871660
1.119539
1.030649
0.989922
0.970441
1.084449
1.046989
0.918772
0.981845
1.027921
1.038446
1.019582
0.980290
1.034994
1.067706
1.050534
1.053741
0.945969
0.972745
1.050654
0.990823
0.963265
0.951955
1.071733
1.001366
1.029572
1.000895
0.958714
0.990323
0.981067
0.996963
1.010933
1.034399
0.993963
1.049625
0.991655
0.967020
0.981981
1.018784
0.975566
0.851449
1.021895
0.988052
0.957683
0.947822
1.011274
1.049277
1.040736
1.097275
0.964927
0.899799
1.043216
0.987636
1.079861
0.989602
0.979778
1.006406
1.042609
0.934808
1.029492
1.083027
0.989844
1.040129
1.011404
1.121831
1.087001
0.960866
0.966443
1.019852
0.985598
1.043918
0.931245
1.007645
0.997077
0.961850
1.068115
1.014304
0.978692
0.926403
0.924477
1.006953
1.086237
1.038317
0.993823
0.997078
0.965354
0.985400
0.925735
0.982637
0.980044
0.920192
0.941388
0.972180
0.954959
0.962856
1.086136
0.989171
0.968138
0.968013
1.016464
0.928560
1.043175
0.970361
1.014651
0.962519
0.982974
0.979682
1.026491
0.997033
0.946187
1.016535
1.037578
1.015930
0.920433
0.950306
1.038048
0.916996
0.946810
0.876879
0.973691
0.981379
1.028779
0.928637
0.990039
0.915291
0.970263
1.008129
1.012650
1.058678
1.057373
0.922969
0.985861
0.965743
0.964873
0.985474
1.016752
0.978857
1.086435
0.977675
1.008601
0.881507
1.032189
0.993435
1.036159
0.994926
1.024407
0.927223
1.022376
0.935643
1.027237
0.931806
0.925124
1.003625
1.094148
0.968176
0.894201
1.035412
0.935559
0.987284
1.000644
1.017723
1.010033
0.948502
0.965463
0.998127
1.068914
0.954877
1.018040
0.964520
0.989479
0.952507
0.990238
0.949600
1.010985
0.954572
0.987719
0.915134
0.951876
0.911568
0.956976
1.041901
0.966355
0.945617
1.048142
1.043792
0.943053
1.051591
1.005770
0.890929
1.007731
1.001891
1.057484
0.966111
1.066210
0.950277
1.065946
1.000209
0.884968
1.058530
0.933633
1.081296
0.999021
0.968079
1.019021
1.127883
0.986648
1.055874
0.916277
1.034450
1.082119
0.967801
1.022301
0.927228
1.025946
0.952446
0.869877
1.059607
1.048759
0.955486
1.050161
0.951561
1.066990
1.108434
1.017250
1.023063
0.983990
0.993233
1.050306
1.011086
1.068735
1.051792
0.989802
1.037270
0.872616
1.056672
0.994270
1.076663
1.177493
0.939879
1.043684
1.014929
1.054118
1.006462
0.958176
1.004092
0.993228
0.964578
1.015065
1.074073
1.069043
1.086328
1.085771
1.086292
1.060245
1.000548
1.018844
1.050257
1.031826
0.894042
1.062150
0.991082
0.996268
0.935639
0.876994
1.043947
0.966847
0.945074
0.982131
1.089856
1.046096
0.976551
0.952150
1.034788
0.993526
1.031976
1.005180
0.926587
1.073091
0.948207
1.120695
0.944203
0.951821
1.033422
0.953129
1.013283
1.028657
1.004355
0.995055
0.979815
1.028935
0.953205
1.069073
1.015996
0.979587
0.921641
1.084287
0.992873
0.979637
1.013988
0.987626
0.991727
1.010569
0.911988
1.085042
0.925964
0.967278
0.912853
0.945068
0.947178
1.021837
1.005539
1.013533
1.098025
1.010314
1.031090
0.997509
1.024831
1.033427
1.015342
1.033551
0.995364
0.957628
0.941065
0.953386
1.007216
0.950883
1.073385
0.937243
0.973587
1.018955
1.063856
0.973844
1.031488
0.918971
1.092151
0.936769
1.036003
0.965975
0.889084
0.949027
0.942097
1.030484
1.085588
0.980176
1.016918
1.029569
0.948305
0.909959
0.884612
1.029596
0.942033
0.888348
0.978236
1.013689
0.986045
1.080137
1.049304
1.092588
1.039725
1.056630
1.063894
0.884904
1.106231
1.026704
1.043748
1.017840
1.008782
0.981423
0.950078
0.945050
0.979628
1.152468
1.127907
1.007431
0.981511
0.989294
0.893997
0.961809
1.065238
1.027848
0.932344
1.022530
1.086939
1.053161
1.140111
0.965682
1.069941
1.018690
1.072090
0.875638
0.982027
1.026296
0.997550
0.888701
1.072132
1.017004
0.965389
1.060339
0.936560
0.975018
1.041440
1.056913
0.974152
1.060157
0.995511
0.976768
1.058774
1.099476
1.000691
0.936270
1.072003
1.117833
0.976159
1.050137
0.956383
0.956552
1.050756
1.025420
1.011691
0.996920
0.966859
0.987098
1.032983
0.994393
0.940499
1.001035
1.063038
1.018571
0.957841
0.979071
0.891570
1.030308
1.038052
1.010722
1.021913
1.078286
0.966090
1.010681
0.930754
1.010108
0.999607
0.940585
1.008237
1.061031
1.031044
1.001006
1.112288
0.953975
0.921354
0.960347
1.027662
1.007944
1.004639
1.080037
0.980072
0.975346
0.980431
1.007390
1.040469
0.953161
0.923269
1.034884
0.971825
0.898908
0.997275
0.963122
1.086736
1.003412
0.979016
1.105518
1.004590
0.941758
0.983455
0.994869
0.952760
1.039482
0.908368
0.980843
1.049637
1.019629
1.032714
0.979991
0.961492
1.030844
0.986234
0.994669
1.036322
1.041110
1.037512
1.015513
0.957059
1.118913
0.948893
1.030738
0.946863
0.884529
0.929943
1.018360
0.956889
1.000517
1.034473
0.935630
1.012038
0.965913
0.953462
1.055995
1.052381
0.995521
1.028503
0.962360
1.088180
0.988439
1.050555
1.041429
1.017357
0.952379
1.056345
0.997312
1.041077
0.918207
0.895056
1.119373
0.992521
0.967146
0.969886
1.003243
0.992794
0.974815
1.025713
1.008379
0.999461
1.050707
1.095429
0.986646
1.070950
1.002735
1.042072
0.960684
1.003227
0.859628
1.022789
0.991306
1.093852
0.954918
1.001712
0.959302
0.985795
1.054494
0.927300
1.015204
1.073087
1.025542
1.021112
1.041293
1.072112
0.944651
0.949912
1.127240
1.027214
0.959035
1.008711
1.041558
1.008066
1.014526
0.933490
1.016241
1.041226
1.044020
0.995576
1.088464
0.955115
1.009316
1.014907
0.910874
0.942130
1.033493
1.013567
0.941441
0.984788
1.030025
0.981688
0.971942
1.008025
1.019471
0.979831
0.968236
1.045484
1.048791
0.944897
1.050638
1.054601
1.084706
1.061176
0.972555
0.910121
1.071158
0.962437
1.000665
1.002758
1.081593
0.942025
1.030741
1.053483
0.941393
0.965892
1.068365
1.061521
0.951495
1.039119
1.018571
0.995058
0.960726
0.983302
1.165344
0.964152
0.974420
1.031381
0.899193
0.919122
1.015964
1.085183
0.953347
1.101895
1.068764
1.113961
0.958663
0.930895
1.001350
1.024510
0.953132
1.033425
1.022348
1.001220
0.944462
1.020991
1.094446
1.043982
1.000552
0.999802
0.993742
0.976683
0.983833
1.050873
0.953612
0.997155
1.000355
0.975197
0.998996
1.015819
0.966823
0.989092
1.036475
1.023143
1.029073
0.928072
1.078709
0.956375
0.939281
1.033429
1.068068
1.074517
1.015183
1.026866
1.081324
0.991204
1.049143
1.042305
0.988142
1.058698
0.984642
1.030194
1.008266
0.961512
1.059152
1.119499
0.988541
0.978917
1.016992
1.019736
0.995430
0.987046
1.051770
0.933514
0.978469
0.972235
0.960911
0.983379
0.973045
1.036113
1.022639
0.982983
0.913243
0.945849
0.950783
1.019998
1.062818
0.971972
1.052430
1.006161
0.953490
0.931154
1.008883
0.955692
0.981238
1.061647
0.990276
1.072122
0.986507
1.065216
1.070752
1.079417
0.981184
0.956007
0.950077
0.988421
1.077003
0.995920
0.991614
0.904099
0.980731
0.990996
0.982151
1.009116
0.984500
0.963885
0.959071
0.958835
1.020583
1.031232
0.996239
1.036645
1.033864
0.945909
1.064725
0.976805
0.893767
1.096790
0.969611
0.912559
1.049059
0.973308
1.026278
1.068074
1.085188
0.985216
1.067853
1.050543
1.076759
0.973578
0.986453
1.028370
0.941379
0.994688
1.071310
1.066579
0.981150
0.998823
1.131025
1.052450
0.918214
0.930148
1.028345
0.960103
1.063593
1.063497
0.985839
0.983979
0.918995
1.089485
0.941860
0.992522
1.066239
1.017798
1.074788
1.003553
1.052155
1.005287
1.064171
0.950128
0.958973
1.005007
1.018728
0.976466
1.010773
0.956507
1.013033
1.035743
1.023957
1.039659
1.017801
0.994119
1.090887
0.971104
1.042262
1.075452
1.034518
1.015759
0.925960
1.003857
1.033841
0.991799
0.991271
1.008041
1.085168
1.036891
0.950369
1.044698
1.068579
1.043380
0.979791
1.069509
1.058036
0.997057
1.060274
1.022925
1.052790
1.012759
1.006476
1.012842
1.002643
0.938817
0.915946
0.962974
1.008240
0.956871
0.997150
0.935611
1.059601
1.031726
1.015119
0.992235
1.010649
0.939114
1.071258
1.041456
0.975789
0.995092
1.023845
1.032591
0.980715
1.025559
0.897002
1.067362
0.965192
1.002911
0.969347
0.951793
1.088548
0.966706
1.013253
1.043253
0.978699
0.928969
1.007646
0.960268
0.983717
0.983884
0.974539
1.041305
1.078266
0.977166
0.963166
0.992659
1.058982
1.031950
1.058557
1.010778
0.969822
1.028580
1.068016
0.945170
1.011920
1.026639
0.968589
1.022075
1.000429
0.989238
0.935540
0.958660
0.973575
1.013474
0.881824
1.020164
0.973836
1.029653
1.023828
1.049454
1.030532
0.927976
1.017885
1.040289
0.979400
1.000637
1.035533
1.020079
0.944479
1.085585
0.878376
1.043129
0.968486
0.992800
1.022003
1.001176
1.099944
0.961943
1.026861
1.031881
1.005330
0.998557
1.013883
0.947788
1.056196
1.026098
0.995923
1.000646
0.997370
1.034337
0.973050
0.965712
0.986706
1.078714
1.099312
0.982273
1.039549
0.957060
1.046665
0.957054
0.993930
0.991910
1.005595
1.021642
1.003498
1.105799
1.073039
0.999580
0.991661
1.054478
1.047598
1.088794
0.957268
1.023099
1.059164
0.993999
1.027394
1.153433
0.951198
1.023247
0.878270
0.965537
0.971408
0.940788
0.934753
0.956984
1.002289
0.932971
1.007552
1.000316
1.064517
0.976907
1.035456
0.966848
1.038114
1.079634
1.018437
0.933669
1.039226
0.978441
0.913967
0.984099
0.977864
1.016847
0.947832
0.971162
0.952181
0.915106
0.972564
0.974447
1.032073
0.994060
0.979072
1.012067
1.001615
0.945302
0.984010
0.926499
0.967413
0.950296
1.031812
1.062461
0.919010
1.083212
0.938238
1.101926
0.982980
0.986389
1.029345
0.972266
0.988074
0.988063
1.030262
1.052241
0.997260
1.044482
0.983707
1.005400
1.040086
1.048560
1.040451
0.888888
1.027004
0.895775
1.015752
1.061666
0.937776
0.949399
1.083209
0.921908
0.955114
1.062791
1.001409
0.927035
1.040380
0.993259
0.981865
1.022886
1.013752
0.977717
1.153638
1.007442
1.075203
0.920730
1.064577
0.997814
0.892401
0.949536
1.008721
1.038298
0.939495
0.956289
0.948508
0.918262
0.986977
0.968102
1.072541
0.971127
1.070891
0.957723
0.985328
0.988519
0.967408
0.993173
1.043900
1.033977
1.094811
0.958132
0.982823
0.939138
0.949308
0.996418
1.050836
1.025231
1.000690
1.012572
0.906676
1.036955
0.892177
1.022264
1.053325
1.038136
1.158545
0.930491
1.007995
0.990420
1.008442
0.916327
0.957737
0.976823
1.037107
0.945887
1.038999
1.030097
1.023474
0.983645
