0.912512
1.017134
1.057652
0.987378
1.049066
1.025711
1.011059
0.946498
0.990525
1.012750
0.977099
1.021758
0.970820
1.040842
1.033636
0.994779
0.973436
1.051487
0.978093
0.944084
1.080949
1.077080
0.987406
0.957878
1.009226
1.046854
1.036550
1.068078
0.983688
1.002784
1.011120
0.927839
0.962182
1.040823
1.037522
0.977203
1.059481
0.915469
0.932180
0.938378
0.972778
0.966591
1.000366
0.969353
1.064987
0.913345
0.950835
1.017875
0.919321
1.073536
0.940599
0.972513
0.952998
0.958603
1.005443
1.025391
0.956889
1.062474
0.996019
0.955513
0.955910
1.000932
1.011892
1.000677
0.918224
0.947789
1.030652
1.036810
1.051346
0.928390
0.907941
1.018305
0.983411
0.965539
1.101730
0.972464
1.037523
0.934650
1.029029
0.944774
1.034506
1.034345
0.921666
1.045249
1.038941
1.021412
1.005444
1.001414
0.971059
0.940027
0.914702
1.018458
1.093829
0.981155
1.091597
1.000151
0.996199
1.000198
0.990749
0.875642
0.914767
0.943187
0.851334
1.001666
0.987556
0.977491
1.006621
1.001111
1.015868
0.962379
0.935180
1.004757
0.978814
0.940701
0.981727
0.936449
1.079309
1.034670
0.902096
0.993260
0.922969
1.102336
0.930150
0.945141
0.988064
0.928547
1.047450
0.999030
1.044730
1.037985
0.925114
0.940306
1.064813
1.047614
0.939137
0.992137
0.924621
1.005394
1.037353
1.021484
0.929248
0.967962
1.038981
0.978094
1.103740
0.982835
0.969169
1.038159
1.009646
0.982577
1.114933
0.991740
1.023315
1.013499
0.984008
0.942613
1.085181
0.963892
1.054684
0.988524
0.999555
0.972840
1.037653
0.919528
1.097163
0.927628
1.006512
1.047468
0.899241
0.996023
1.015052
0.915755
1.011119
0.965754
0.993690
1.099514
1.026150
0.999183
0.979209
0.932075
0.974279
0.989197
1.021119
0.945298
1.061845
0.988486
0.964779
0.970431
1.036850
1.021793
1.088800
1.025654
1.058526
1.103886
0.977204
1.032459
0.991261
1.050863
0.970001
1.078808
1.030221
0.954648
1.029601
0.978147
1.005089
1.065417
1.069380
0.913230
1.014419
0.983046
1.026368
0.981285
1.023855
0.928512
1.020385
0.958586
1.021173
0.992024
1.062054
1.083177
0.966903
1.173261
1.019572
1.016362
0.984433
0.928767
0.968756
0.994500
1.047648
0.950832
0.945272
0.987933
0.970244
0.950859
1.004411
0.969862
1.056278
1.046353
0.886542
0.982591
0.991799
1.060829
0.968657
0.986253
1.057373
1.057998
1.035109
0.935805
1.076115
0.991002
0.981193
1.023017
1.072771
1.012075
0.998117
1.041577
1.114968
0.953020
1.005591
1.126972
1.020180
0.905758
1.063873
0.977721
0.936484
1.031775
0.985078
0.979886
0.973168
1.041156
1.001260
1.075877
1.018481
0.975968
1.052117
1.054944
0.893354
1.037960
0.985741
1.024021
1.023400
1.135450
1.100954
1.037370
0.970515
0.959329
0.991155
1.025352
0.986661
0.957197
1.077966
0.945366
1.037902
0.940028
1.008819
0.956213
1.005880
0.952092
0.905944
1.009117
0.972575
0.997368
1.158669
1.166710
1.080169
1.050645
1.092226
0.983193
1.024938
0.946109
1.028847
1.004326
1.019189
1.066737
1.083590
0.984350
1.006178
1.077386
0.994606
1.050170
1.044384
1.004432
0.933771
1.011919
1.059833
0.976758
0.943166
1.012425
1.017535
0.993396
0.973718
0.970756
0.953538
1.019921
0.932205
0.914421
1.007930
1.106624
1.136067
0.901357
1.026991
1.027159
1.048187
1.062686
0.988993
0.987387
1.000502
1.024014
0.902152
0.971776
0.941838
0.998941
1.016554
0.981675
1.043024
0.987670
1.074527
0.980030
1.016260
0.967286
0.999044
1.049647
0.993520
0.991458
1.039521
1.054591
0.979746
1.026822
0.893434
1.013154
0.936447
1.046455
0.903429
1.001211
0.939315
1.009407
0.971387
1.137256
1.006248
0.946738
1.030153
0.946927
0.924178
1.016464
0.900819
1.008357
0.991055
1.058912
0.977830
1.036948
0.992258
0.995697
0.983212
0.993169
1.004639
1.009486
0.897566
1.039189
0.988351
0.940779
0.990110
0.957266
1.001180
0.991477
0.946517
1.011292
0.956617
1.020921
0.884737
1.008108
0.971058
0.980036
1.074395
0.982109
1.017822
1.051564
1.076127
0.949176
1.056421
0.953638
0.940361
1.068743
0.964838
1.012210
1.051617
1.080847
0.997258
0.987599
0.980164
0.998323
1.051646
0.900509
0.986098
1.038285
1.037207
0.913840
1.051520
1.002986
0.953289
0.946878
0.968528
0.984886
1.051982
0.953452
0.936119
0.952784
0.984060
0.895786
1.063516
1.001544
1.032659
1.027917
1.006820
0.983133
0.933142
0.979425
0.994611
1.026146
1.047807
1.060166
0.951188
0.996242
1.017640
1.002452
1.064301
0.986639
1.066212
0.986620
0.976530
0.928712
1.040275
1.067738
1.041278
0.987065
1.037875
0.964777
1.060566
0.907888
0.981588
0.922600
0.977416
0.943123
0.993206
1.031719
0.999322
1.018795
0.988171
1.048957
1.054687
0.930819
1.050507
1.043633
1.051881
1.015127
0.935094
1.042393
0.986556
1.015099
0.886405
1.037880
1.043802
1.107811
1.064435
0.992873
1.083295
0.930994
1.192897
1.153779
1.041541
0.956087
1.006993
1.035627
1.017981
1.035637
1.053439
0.975241
1.006648
0.995855
1.010711
1.034635
0.904591
1.005827
1.087759
0.980222
0.953371
0.966322
1.035727
0.910500
1.011215
0.839502
1.076179
0.996519
1.068280
0.972065
1.013770
1.120046
0.949448
1.047125
0.888924
0.870712
1.034446
1.002064
0.975114
0.999508
0.974117
1.015109
1.038672
1.049410
1.000880
1.040990
1.034388
1.019658
0.974457
0.862398
0.990397
0.988297
0.919929
1.039551
1.000643
0.932574
1.043303
1.039565
1.058848
0.941728
1.026912
0.957857
0.856252
0.973575
0.983946
1.109114
1.016435
1.072400
0.978136
1.045574
0.943659
1.055737
0.938672
1.067764
0.995557
0.965253
0.949276
1.043561
0.954026
1.014382
0.973360
1.008282
1.000834
0.968428
0.949799
0.934395
1.022341
1.007427
1.091815
1.006983
0.911740
1.072380
0.942911
1.037320
0.976549
1.039349
0.990899
0.949831
0.953154
0.952786
0.963624
1.103274
1.006803
1.010091
1.063538
0.949826
0.963383
0.967600
0.960724
1.086737
0.977692
0.938004
0.985411
0.966993
0.945410
1.028243
0.902773
1.013197
1.076938
1.119854
1.077810
0.989866
0.994555
1.056760
1.050490
0.954329
0.888537
0.976864
1.081410
0.996205
0.930273
0.961000
1.034932
1.023646
0.986377
1.009240
0.983051
0.992884
0.927548
0.933864
0.964455
0.969691
0.946388
1.027273
1.026959
1.059941
0.996158
0.965331
0.952651
0.886569
1.010679
0.936747
1.048185
1.025917
1.029501
1.056559
0.994546
0.997092
0.957874
0.962353
0.975872
1.026227
0.986771
1.017650
1.011191
0.981390
1.132371
1.006665
1.040505
0.896677
0.983580
1.014272
1.045636
0.955730
1.033145
0.922596
0.972206
0.989530
1.091994
0.999398
1.077212
0.890742
0.954737
1.010653
0.951714
1.050475
0.949389
1.045253
0.954351
0.977482
1.052036
0.962224
1.021221
1.003322
0.995600
1.097721
1.028397
0.994918
1.003463
0.941920
1.016351
1.028367
1.045080
1.093857
1.021531
0.940461
1.011311
0.971534
0.963387
0.964413
1.002844
0.958825
1.015332
0.908306
0.855388
0.992070
0.923420
0.971103
0.904705
0.899553
1.011945
0.974577
0.997587
0.998249
0.963635
1.075918
1.018051
1.128849
1.079366
1.034384
0.999089
0.970521
0.963492
1.006719
1.048578
0.947081
0.998570
0.937386
1.005330
1.027113
1.049561
1.014361
0.968202
0.981075
1.000816
0.989521
1.016072
1.011676
1.050748
0.931733
1.013827
0.952239
0.986974
0.933625
1.001865
0.927368
0.958620
1.114610
1.031394
1.047635
0.958519
1.058023
0.984424
0.973030
1.027022
1.007035
1.061913
0.935721
0.960978
0.976691
1.004847
0.977088
0.996032
0.984086
1.045977
0.971941
0.979494
1.003406
0.995054
1.011963
0.936625
1.004579
0.991532
0.955715
0.917720
1.008490
0.993107
0.996425
0.980689
1.067248
0.945937
0.996846
0.974822
0.897455
1.004363
0.933528
1.037819
1.041214
1.018984
1.026211
0.977364
1.034380
1.045837
1.055986
1.063177
0.927195
1.016064
0.878149
1.048669
0.967876
1.014642
0.976801
1.019337
1.033625
0.945451
0.973650
0.984780
1.038541
0.988212
0.991111
1.114432
0.873553
1.028388
1.003678
1.037416
1.045733
1.062612
0.955764
1.058780
1.023985
0.970502
1.043108
0.926367
1.032616
0.992415
1.067162
0.967026
0.979547
0.983071
0.980169
0.927088
0.999455
0.961671
1.042109
1.039594
0.934119
1.000658
1.007661
0.960680
1.068405
1.000200
1.022660
0.979681
1.034206
1.144198
0.970591
1.018261
1.016155
1.029120
0.999577
0.913817
0.948723
1.026746
0.917499
1.033447
1.014016
1.020136
1.029760
0.997755
1.032267
0.943627
1.011226
1.005286
0.949933
0.990691
1.099898
1.028628
0.931564
0.942114
1.053291
0.917250
1.073857
0.953357
1.006521
0.998449
0.995616
1.030888
1.144288
1.087991
1.054567
0.889327
0.998801
1.061863
0.977190
1.106237
1.012037
0.997068
0.956300
0.993861
1.045590
0.994627
0.963626
1.079788
1.049387
0.975594
1.031485
0.977330
1.030455
0.957388
0.997272
1.054540
0.907683
0.979378
0.979227
0.934912
0.943195
0.910118
0.966922
1.127464
0.918116
1.000316
1.027086
0.993395
0.981063
1.097031
0.947906
0.985720
0.970054
0.980883
0.950701
0.931776
0.958823
0.915931
0.954189
1.027181
1.076243
1.059871
0.938875
0.898812
1.002686
0.973185
1.005357
1.030758
1.045253
1.082629
0.957859
0.996830
1.024453
1.035227
0.946413
1.020688
0.982749
1.062009
1.005171
0.892907
0.965818
0.940960
1.059050
0.946697
0.962848
0.955704
0.975209
1.026369
0.984912
1.017782
1.066407
1.011904
1.008593
1.055838
0.999316
1.064145
0.943501
1.037936
0.945070
0.984855
1.074980
1.007307
1.095171
0.984690
0.977147
0.880569
0.956910
0.973280
0.936870
0.948840
1.026923
1.085825
1.008956
0.977202
1.016335
1.034098
0.963101
1.066317
1.046350
1.010655
1.066417
0.989457
0.966154
1.006756
0.991787
1.054986
0.970713
1.051633
0.960659
1.080887
1.088343
1.001336
0.965306
1.098766
0.938981
0.943425
1.126354
0.963159
1.012496
0.979640
0.973583
1.035002
1.003728
0.995410
0.959472
1.099993
0.960476
1.063602
1.006170
0.992764
1.003170
1.001552
0.913045
1.004325
0.975448
0.866282
1.032218
0.992747
1.040585
0.987759
0.965182
1.022455
0.958846
0.979875
1.069289
1.029226
0.987593
1.016424
1.057154
1.035792
1.067540
0.991327
1.001596
0.956981
1.070894
0.989182
0.949226
0.963701
1.061385
0.943676
0.969915
1.013343
0.948596
1.081023
1.003951
0.971521
0.992585
0.992476
0.955602
1.014338
1.014299
1.015372
0.967124
0.993741
0.954792
1.003986
1.024462
0.886606
0.928180
1.029617
0.993741
0.973139
0.956502
1.010493
0.967428
1.038221
0.947025
0.988498
1.094235
0.972509
1.012535
1.013147
1.020247
0.919876
0.996976
0.965123
1.007519
0.996110
1.006261
0.950077
0.987201
1.073956
1.023797
0.990710
1.052702
0.960706
1.065951
0.991386
0.907699
0.963762
0.999310
1.029222
0.946028
1.035735
1.011179
0.954696
1.010727
0.928433
0.886479
1.083402
1.034386
1.073460
0.977648
1.048461
1.042334
1.030541
0.966736
0.973047
0.971502
0.925533
0.997558
1.027497
1.065242
1.026116
1.042191
1.002784
1.078190
0.968098
0.964763
0.947669
1.102489
1.019497
0.988602
1.063265
1.084252
0.978462
1.124720
1.030314
1.094875
0.981738
0.982494
1.044845
0.935193
0.961695
0.888187
1.002316
0.997232
1.021246
1.031141
0.989771
0.954824
0.964611
0.985588
1.018764
1.002105
0.995502
1.065721
0.989724
0.951944
0.956146
0.982531
1.032978
1.033951
0.979531
0.982334
1.021466
1.067439
0.986355
1.009197
1.027943
0.931434
0.983468
1.022612
0.973474
0.985927
0.967794
0.943499
0.941912
1.008467
0.997015
1.055292
0.966905
0.982075
0.996441
1.004893
1.088533
1.035806
0.987398
1.083409
0.958326
1.058259
1.008412
0.995149
0.944581
1.058156
0.889789
0.993832
0.978045
1.031499
0.956522
0.969596
1.059967
1.136251
1.022538
0.958026
0.997990
1.044255
1.079303
1.101289
1.076515
1.091637
1.048445
1.008539
1.035400
1.065081
1.018871
0.960605
1.046411
1.101666
1.029063
1.078036
1.003686
0.998882
1.034279
0.988996
0.896555
1.031681
0.882954
0.979008
1.050866
0.980545
0.963137
0.999670
1.013825
0.970737
1.114064
1.057676
1.064862
0.988855
1.017211
0.900086
1.027577
0.958265
0.959469
1.005191
0.985573
0.953525
1.022439
0.972197
1.065498
0.965680
0.943338
0.991783
1.053025
0.973518
0.978959
0.870348
1.014384
1.040510
1.005097
0.985974
0.971111
0.987839
0.925374
1.012102
0.929348
0.952733
1.076108
1.100034
0.967181
0.976354
1.087313
1.072154
0.954028
1.054508
1.054628
0.983792
1.041186
1.097753
0.967443
1.048444
1.021012
0.914614
0.999704
0.962975
1.067607
0.967751
0.992243
0.996567
0.978384
0.890115
1.044613
1.007193
1.063780
0.976551
1.023706
1.033420
0.939764
0.957443
1.044956
1.046860
1.047679
0.889745
0.885935
0.969418
1.140485
1.008792
0.968462
1.092777
1.008015
0.928858
0.981617
0.905686
1.037741
1.089061
1.032632
1.011875
1.029710
0.943353
1.024871
0.987788
1.052034
0.986646
0.966136
0.966420
1.131281
0.944160
1.046813
0.971691
0.974733
0.956679
1.069852
0.956904
0.994242
1.000527
0.974019
0.987521
1.112183
0.975850
0.881551
0.953921
1.075950
1.027625
0.965366
0.947000
1.073358
0.991604
1.037990
0.989569
0.997589
0.990831
1.064152
1.034238
1.025391
1.020807
1.007148
0.996919
0.984260
1.033053
0.945257
0.982632
1.067918
0.985097
0.995996
1.024734
1.068666
0.953562
0.947186
1.010113
0.966087
0.998899
0.904981
0.948803
1.010753
0.973665
0.973778
1.027353
1.005937
0.884734
1.036000
0.935775
1.067849
1.024234
0.987194
1.067731
1.103798
1.033344
0.949314
1.009830
1.010544
0.922381
0.944468
1.022522
1.114016
1.084630
1.044209
0.973076
0.981166
0.978381
1.079033
0.915765
1.106792
0.999398
0.985446
1.028123
1.036578
1.010405
1.007344
1.025477
1.077028
1.084312
0.941154
0.990524
1.001714
0.983305
0.980894
1.048640
1.015434
1.022838
0.982015
0.957617
1.060582
0.922743
1.034155
1.017809
0.994077
0.993670
0.982284
1.081132
1.024391
0.943901
0.936409
0.987840
0.971668
1.031537
0.993541
1.041543
0.952313
1.023010
1.083042
0.961798
1.006386
0.958541
0.974976
1.034381
1.076728
0.948138
0.942952
1.029303
0.963981
1.015685
1.028541
1.045574
0.984885
0.895404
0.981083
0.951108
0.974878
1.055687
0.966489
0.982278
1.081796
1.146483
1.051248
1.041318
0.939764
1.055197
1.020540
0.941835
0.964444
0.961116
0.964926
1.025839
0.979280
0.971921
1.017186
1.087376
1.026995
0.975240
1.023151
1.011869
0.970407
1.032758
1.004726
1.059171
0.988920
0.961162
1.002817
1.018124
1.021518
1.003080
0.859067
1.041359
1.043106
0.973799
1.027790
0.985014
0.957146
1.033379
1.047088
0.967652
1.114894
1.063812
0.976495
0.964040
0.992097
0.972586
0.965249
0.974596
1.042255
0.981791
1.005208
0.943364
1.049759
1.075190
0.982110
1.021963
1.048809
1.027428
1.013994
1.023027
0.909220
1.036948
1.016705
0.943169
1.016844
0.903489
1.047023
0.996078
0.965573
0.963847
1.040716
1.060703
0.919402
1.019133
1.042296
1.016176
1.008880
1.001136
1.055464
1.037316
1.042466
0.964140
1.031360
0.957770
1.006274
1.000986
1.016564
1.069644
0.981710
1.113755
0.979455
0.956815
1.030455
1.063098
1.062276
0.969774
1.010464
1.003443
1.046031
1.043432
1.005624
1.026668
1.013287
1.025535
0.968723
1.059537
1.033508
0.973155
0.956245
0.930898
0.869036
1.029308
0.961875
1.031989
1.107801
1.054275
0.921020
0.995781
0.994661
0.956435
1.035426
0.991148
0.914613
1.024678
0.886656
1.047964
1.049870
1.006186
0.965065
1.014516
0.956464
1.072281
1.024750
0.957742
0.986859
1.159874
0.999947
0.981085
1.050551
0.968328
0.970720
1.038857
0.961575
0.935149
1.036879
1.037646
0.884691
0.959536
0.988153
1.016195
1.053603
1.004323
1.006185
0.946889
0.958265
1.044919
0.944976
1.031694
0.954236
0.935126
0.978389
1.052973
0.892020
1.013680
1.010895
1.053797
1.003469
1.023333
0.923561
0.953718
0.966843
0.886297
1.058340
0.963753
1.037057
0.949899
0.963417
1.029816
1.026817
0.931039
1.006954
0.996774
0.995236
1.016898
1.079039
0.965233
1.079354
1.020022
0.967909
0.965369
0.971862
0.976526
0.952851
0.982067
1.029068
1.005610
1.079941
1.015215
1.046438
0.905497
1.049559
1.027380
1.069372
1.043483
1.027092
1.028533
0.986613
1.019621
0.964369
0.937446
1.089470
0.980729
0.983031
0.976731
0.957280
1.008920
1.011866
1.037139
1.012465
0.903424
1.039648
0.923116
1.069486
1.059183
0.938106
1.106777
0.991664
0.964152
0.977807
1.031627
0.981476
0.903696
0.950524
0.945308
0.999236
0.886378
1.128538
0.997220
0.964543
0.962756
0.941977
1.014721
0.949504
0.995797
1.031821
0.993984
0.985164
1.012717
1.081735
0.963916
1.051096
1.009650
0.976135
0.986417
0.987624
0.943388
0.959449
0.994763
0.998204
0.967326
0.959227
1.162645
0.983885
0.920206
0.952643
0.976692
0.940184
0.966060
0.988592
0.926312
0.959418
0.995341
1.005625
1.004604
0.930664
1.041414
1.000471
1.019208
1.039156
0.998566
1.028741
0.988957
1.074159
1.026924
0.903132
0.961288
1.049318
1.056877
0.933576
1.046570
1.020765
1.128296
1.065554
0.989785
0.973611
0.997188
0.990637
1.020768
0.990984
0.938112
1.020472
1.048551
1.002795
0.993279
0.960325
1.062426
0.942768
0.953858
0.922131
0.942306
1.024895
0.883086
0.961320
1.034036
0.963949
1.031161
0.933584
1.091784
1.029823
1.055848
1.047643
0.972710
1.027254
0.953623
1.027844
0.867273
0.987536
0.873314
1.010302
1.027081
1.026100
1.028197
0.997091
1.053890
1.033957
1.024628
0.994797
1.003765
0.980767
0.916774
1.019529
1.069626
1.008421
0.980372
0.984885
0.973084
0.979728
1.115421
0.941926
1.018261
0.980618
0.983946
1.007377
1.016016
1.122704
1.074083
1.069563
1.030328
0.933648
0.984645
0.952815
0.960607
0.947928
0.950903
1.042546
0.998118
0.994551
1.013515
1.011586
0.923555
1.074320
0.918589
1.042576
1.078773
0.912406
0.966627
1.031141
0.931163
1.112855
1.018246
0.936158
0.926027
0.991572
0.947330
1.022105
1.095987
1.048647
0.993534
1.031612
1.032501
0.947934
0.905028
0.887433
0.974544
0.976132
1.044134
1.011102
1.045115
1.025236
1.063885
0.904067
1.061977
1.006638
0.953292
0.966232
0.944133
0.954033
0.917747
1.024982
0.992603
1.040051
0.967192
0.963483
1.052631
1.010294
0.964553
0.986125
1.026266
0.994868
0.926410
0.991400
0.998257
0.943703
1.005677
0.909888
1.003897
0.917722
0.945836
1.013696
0.988869
0.966435
0.978756
0.988422
0.987398
0.998001
1.004423
1.036660
0.910239
0.956958
0.982036
1.093075
1.003784
1.015836
0.992956
0.960203
0.990211
1.015821
0.957975
1.034752
1.128719
0.998075
0.955841
0.993369
1.062296
0.998539
0.937762
1.035450
1.054663
0.894102
1.027730
1.018690
0.952762
1.032895
1.084536
1.009898
1.023157
1.008403
1.007169
0.894871
0.923274
1.027110
1.001057
0.980433
1.058771
0.991879
0.983516
0.966505
1.039788
0.896727
1.082398
1.039583
1.001302
1.005990
1.020017
0.973358
1.027576
0.997836
1.041801
0.944905
1.091962
0.958036
0.954837
0.948199
1.017921
1.080566
0.943856
0.999713
1.033930
1.036776
0.944184
0.978925
0.959440
1.025668
1.027980
1.061860
0.998512
1.032084
1.048069
1.001071
0.986885
0.955420
0.947646
1.036283
1.044096
0.987713
0.966210
1.063665
0.917888
1.005671
0.961524
0.950971
1.058554
0.948878
1.031619
0.997060
0.951894
1.044330
1.063252
1.098576
0.890275
0.997128
0.973774
1.019488
0.905424
0.928867
0.938957
1.052667
1.021420
0.975352
0.955968
1.029610
1.014841
0.991766
1.014047
1.077794
1.037293
0.993303
0.988893
1.021526
1.020512
1.072895
0.937383
1.065391
1.029784
0.907635
1.002873
0.979064
0.962493
0.982330
0.972762
0.965456
1.184765
1.012703
0.967514
1.029279
0.986701
0.996059
1.036397
1.068347
0.916656
1.016890
1.010396
0.925057
1.046205
1.055460
0.958631
0.958382
1.034269
1.102727
1.069554
0.985954
0.975971
0.987803
1.007692
1.096047
0.876431
1.008994
0.971025
0.956324
1.008299
1.006432
1.000237
0.992773
0.952236
1.073686
0.915854
1.036026
1.012910
1.036478
0.975482
1.007786
1.007237
0.972199
1.101756
1.033286
0.941956
0.988638
0.942722
0.995309
0.980643
0.960414
1.040088
1.007078
1.005972
0.970264
0.954446
0.989297
1.051601
1.054131
0.965508
1.005095
0.962646
1.089440
0.965005
1.051316
1.059102
0.968008
1.034652
0.963230
1.071622
1.000102
0.997379
0.925418
1.017517
0.928477
1.028182
1.006642
1.032003
0.998773
0.998097
1.082703
1.050386
0.911050
0.999269
1.033813
1.010538
0.906910
1.013867
1.005979
1.004615
1.051046
0.974382
0.997950
0.983001
1.028703
1.133141
0.931585
0.970363
0.975075
0.927543
1.052396
0.964514
1.055509
1.086062
1.082136
1.021302
1.094612
1.111276
0.955819
1.051430
1.029363
0.977407
1.023711
0.995214
1.018384
0.986205
1.036289
1.067629
0.914223
1.034471
0.964140
0.968710
0.997569
0.985824
1.001038
0.969969
0.940832
1.049061
1.052812
0.932445
0.940365
1.045295
0.994483
0.951656
1.078487
1.054727
1.048122
1.045335
1.088014
1.050881
1.082093
1.048939
1.022594
1.037586
1.022981
1.060876
1.020945
0.948296
1.082308
0.940282
0.987783
1.044529
0.970668
1.001527
1.075705
1.046469
1.029578
1.007037
0.923927
1.051092
0.920886
1.025476
0.982156
0.889122
0.970416
0.937175
1.033529
1.004962
1.079739
0.952936
0.963072
1.009881
1.067787
1.026915
1.001776
0.956650
1.108904
0.992060
0.938452
1.013768
0.961556
0.951035
1.056868
1.035044
1.029603
1.062994
1.006614
0.936682
1.010954
0.999410
0.953733
0.937379
1.074651
1.039274
0.954864
0.953334
1.025229
0.998182
1.042808
0.997433
0.983523
1.022741
0.992027
0.966283
1.028006
1.049446
0.977693
0.978606
0.967446
0.953074
1.019059
1.046823
0.920358
0.894325
0.910873
1.072247
1.018287
1.042233
0.970455
1.049175
1.028799
0.978940
0.891237
1.043951
0.968879
1.013746
1.009645
1.041610
1.030714
1.044255
1.024422
0.976122
1.018824
1.012729
0.986548
1.006367
1.034325
0.984863
1.054002
1.076613
1.034572
1.020247
0.968795
0.978611
0.970154
1.061233
0.990361
0.977581
0.949735
1.010309
1.071815
1.048649
1.068711
0.937113
1.022134
0.944738
1.037576
1.052876
0.974961
1.022997
1.032801
1.000271
0.963126
1.055945
0.945582
1.059179
1.018739
0.948900
0.989919
1.025044
0.995773
1.003291
1.000509
1.088991
1.004861
1.013726
1.030574
1.017228
1.112075
0.895768
1.014639
0.983641
1.061873
1.053499
1.083975
1.130584
0.980796
1.020223
0.937661
0.935683
1.008404
0.931898
1.025452
1.018293
0.949491
1.066543
0.961948
1.063511
0.907896
1.024778
1.031386
0.985620
0.947072
0.889888
0.973498
1.033200
1.034518
0.991737
0.928806
1.087540
1.030509
1.001099
1.002526
1.053440
0.973469
0.921112
0.938982
1.105227
0.981333
0.937163
1.033852
0.996835
0.960728
0.967017
0.950399
0.932597
0.973907
1.122367
1.006297
0.961326
0.918724
0.957520
1.049273
1.017607
1.095126
0.980898
0.975657
1.001351
1.018294
0.991699
1.027020
0.988820
1.013085
0.956059
1.011169
1.013797
1.003232
1.012565
0.988054
0.937055
0.874722
0.983041
1.024175
0.983381
1.039713
1.003167
1.027725
0.961905
0.946289
0.937505
1.045143
0.979584
0.983312
0.945695
1.053970
0.958304
0.954665
1.023957
1.021222
1.049834
0.977072
1.004238
0.962411
0.946988
1.030527
1.020314
1.003473
1.096236
1.072696
1.104312
0.983049
0.952638
0.994906
0.971752
0.985973
0.983167
0.945294
0.973250
1.002570
0.976992
0.849026
0.959826
1.050777
0.957881
1.030149
0.998944
1.052981
1.029679
1.043108
1.015075
0.975924
1.006107
1.023338
1.014604
1.059525
0.941775
0.904408
1.028838
1.015647
0.931677
0.983953
0.998391
1.046213
0.994735
0.992643
1.038199
0.911247
1.027199
1.008460
0.953699
0.998806
1.064258
1.018251
1.097857
0.923769
0.973869
0.959863
0.974229
0.971886
0.967714
1.029723
0.942550
0.959041
1.009170
1.096658
1.003170
0.993384
0.969343
0.921737
0.951391
0.991364
1.016591
1.035882
1.046190
1.035438
1.031633
0.916946
1.001576
1.080452
1.023589
1.102345
1.061149
1.031470
0.950486
1.039276
1.037238
1.030243
1.047396
1.001460
0.992335
0.959587
1.035742
1.001919
1.054431
0.928991
1.009887
0.994685
1.000889
1.017822
0.992763
0.937374
1.008550
1.138816
0.938996
0.982923
1.022738
1.011921
0.994170
0.975973
0.992927
1.037306
0.988378
1.042752
0.995891
1.061396
0.949254
1.029132
0.971973
1.075944
1.023987
0.975757
1.009276
0.967620
1.088215
0.961883
1.007918
1.046945
1.031455
0.983808
1.047586
1.010094
0.941044
0.944486
1.057273
0.918649
0.949188
1.082785
1.022400
1.031624
0.983531
1.088047
0.986345
1.046324
0.946051
0.970957
0.863548
1.055100
0.975769
1.057199
1.029959
1.055856
1.081514
1.087868
1.009608
1.033141
0.896853
1.022177
0.951689
1.009343
1.021984
0.990768
1.065171
1.050697
1.059783
1.045251
1.028023
0.956148
1.076919
1.086677
1.016891
0.987961
0.930818
1.013812
1.008388
1.026047
1.083599
0.943172
0.966016
1.044788
1.046911
1.039653
0.997881
0.997147
1.001561
0.933959
0.989050
0.978980
1.015500
1.109025
1.033484
1.064952
1.038899
0.973151
0.990957
1.031271
0.929464
0.914315
0.989604
0.977838
1.010522
1.066859
1.042500
1.032771
1.025897
1.011321
0.973797
1.136736
0.982796
1.028663
1.009590
1.026694
1.007130
0.958524
1.012175
0.939288
1.107036
1.067841
1.025734
1.016244
1.037484
0.972868
0.954611
0.908279
0.890515
1.041504
1.105749
0.981586
1.097041
0.957905
1.084464
0.982379
0.993915
0.992256
1.123626
1.018396
0.979930
0.935730
1.081228
0.996663
1.016450
0.985740
1.050753
0.969983
0.988762
0.921903
1.025920
1.008942
0.977230
1.014772
1.027191
1.012054
0.927924
1.012511
1.026115
0.969826
0.920478
0.983308
0.993893
0.940895
1.027430
1.010367
0.979600
0.950765
0.997337
0.972872
1.004749
1.091999
1.014753
0.897875
1.008887
0.950942
1.028972
1.052379
1.017692
1.087918
1.066197
1.086120
0.919429
1.039059
0.902822
1.089879
0.985628
0.999166
0.919373
1.025910
1.041453
1.037067
0.923105
0.981900
0.944837
0.978284
0.946590
0.907833
0.986363
1.017440
0.956995
0.982697
1.007097
1.004913
1.006769
0.989088
1.019038
1.011936
1.006727
1.081985
0.969276
0.932048
0.970636
0.902822
0.989106
0.951237
1.009219
1.005713
1.042217
0.991459
0.984526
1.022714
1.015304
1.033807
1.042824
0.989545
1.033289
1.016085
1.024719
0.970260
0.944063
0.945119
0.986278
0.927001
0.996165
1.026987
1.019544
0.955950
0.974346
0.937739
0.930262
1.079033
0.999966
0.995815
1.068376
0.920897
0.990862
1.147464
1.048198
1.007872
0.961546
0.940938
1.017679
1.047817
0.924334
1.039409
1.052413
1.078733
1.050851
1.097483
1.018512
1.050051
0.992849
0.997757
1.053857
0.930833
1.000126
1.028816
1.071690
1.040151
0.994649
1.012536
0.962759
1.074007
0.973938
1.096779
1.006175
0.990150
0.967094
1.065154
0.962022
1.046296
0.950527
0.988188
0.983269
1.061198
0.921658
0.938576
1.045817
1.063590
1.051619
1.104031
0.969240
0.877322
0.964583
0.977944
1.000597
0.994993
0.924328
0.939918
1.057615
1.097818
1.012531
0.935623
1.027203
0.951183
1.042860
1.064626
1.073733
0.985738
0.940260
0.904944
1.083356
1.010450
0.998110
0.930354
1.016845
1.007388
0.983350
1.088636
1.007504
1.056128
1.042066
0.907857
0.899537
0.964619
1.030094
1.090756
0.949999
1.012246
0.982156
0.951598
1.041304
1.016942
1.079128
1.000493
1.047671
0.972238
1.026139
0.947965
1.000024
1.050175
0.937560
1.003664
0.931294
0.970046
1.033637
1.028016
1.000238
1.009083
1.071052
1.037217
1.034282
0.965296
0.976264
1.062912
1.020098
1.018102
1.086320
0.954880
0.979338
0.927717
0.973779
0.932766
0.875986
0.991845
0.974261
0.973480
0.942069
1.136133
0.985604
1.138193
1.005208
1.044643
1.037236
1.029382
1.007230
0.979385
0.884317
1.016625
1.008466
0.960311
1.033137
0.981956
1.001036
0.960294
1.044012
1.032098
0.928933
1.029893
0.934555
1.017236
0.961977
0.992966
0.969977
1.030386
1.028072
1.028793
1.115182
0.932391
1.020105
1.044952
0.979471
0.953085
1.072503
0.957686
1.120161
1.046227
1.056633
0.970345
1.075691
1.022059
1.086480
0.993464
1.003528
0.957060
0.995646
1.051090
1.089498
0.977914
0.995843
1.041024
0.973145
1.014649
0.997342
0.952274
0.935188
1.014462
1.019706
1.047872
0.958261
0.963887
0.974011
1.033031
0.982375
0.974372
1.089175
0.998393
1.049820
1.012818
1.083779
0.947958
0.954624
1.062079
1.013499
1.036529
1.016446
1.019352
1.062531
1.012977
1.041792
0.872259
0.956225
0.937022
1.028450
1.018148
0.987753
0.955469
1.011373
0.932056
1.056044
0.959386
0.931725
0.989947
0.990293
1.038073
1.026112
1.021831
0.976809
0.978480
0.978027
1.042227
0.982669
0.907247
1.066883
0.964162
1.014698
1.079118
1.063889
0.984049
0.989264
1.078342
1.082374
1.020492
0.999924
1.020175
0.973969
0.943764
0.979197
1.024938
1.003606
0.903930
1.068410
1.071818
1.056591
1.032885
1.011130
1.016594
1.065485
1.002307
0.956325
0.997213
0.925345
1.000429
0.970025
0.997254
1.120538
1.015503
1.024712
0.929850
0.980158
1.046446
1.044832
1.016138
1.100870
0.940951
1.031170
0.946934
1.041935
0.866259
0.954271
1.030770
1.005851
1.050833
0.980669
1.015642
1.077316
1.013326
0.911305
0.984252
0.975223
0.963276
1.005360
0.954010
1.078509
1.005006
1.035226
1.021686
0.968492
1.010240
0.915383
1.019237
1.010878
1.092433
1.062259
0.955787
0.962571
1.076255
0.947473
0.992975
1.010318
1.085254
0.946706
0.958447
0.991648
0.988742
0.936679
1.009117
1.023786
0.999688
0.978570
1.004641
0.992345
1.054083
0.968517
0.980616
1.077410
1.046596
0.981658
0.923362
0.968372
0.956971
1.034634
0.930024
0.998050
1.034347
1.001231
1.030998
0.999078
0.979067
0.974678
1.005908
1.014010
1.008805
1.042662
0.989614
0.979818
0.968119
1.049079
0.939529
1.122667
1.079266
0.989680
1.040075
0.955035
0.990911
1.022813
0.885088
0.962140
0.974383
0.923544
1.078936
0.985410
0.855424
1.079067
1.083953
1.092150
0.987948
0.976401
0.997764
1.062426
1.010539
0.963820
1.005785
1.078425
1.099760
0.897631
1.052113
0.997553
0.950584
1.003132
1.058632
0.892705
0.959123
1.016901
0.999499
0.961748
1.005570
0.945843
0.961236
1.006855
1.019912
1.023579
1.013363
0.995652
0.988188
0.990381
1.031779
1.066938
1.086696
0.985885
0.996626
1.006385
1.006679
0.949148
1.035169
1.100909
0.894078
1.046704
0.939674
1.054870
1.022825
1.084061
1.039736
0.996005
0.932940
1.006899
1.039002
1.024335
0.966763
0.939798
1.008627
1.040299
1.063961
0.976803
0.973175
1.051194
0.991113
1.036747
1.010881
0.932725
0.988377
1.063510
1.065305
0.933482
0.986380
1.019972
1.036106
1.042549
0.991751
0.858593
0.957372
1.047410
0.958855
0.990369
0.970858
0.944166
0.942648
1.050617
0.969830
1.008451
1.049839
1.015378
1.062358
0.983774
0.973379
0.956469
0.922077
0.913741
1.030965
1.055712
0.891366
0.999297
0.950948
1.038723
0.923930
1.029177
1.021615
0.970838
0.972369
1.014283
1.023553
1.002695
1.121438
0.973107
1.022172
0.957943
1.030356
0.944083
1.045579
1.024785
1.010810
1.033471
0.953690
1.006857
1.041112
1.019762
0.985033
1.004401
0.988048
1.040978
1.016307
1.074233
1.032338
0.981793
0.964134
0.989451
1.033430
1.133801
1.049025
0.961847
1.035864
1.012758
0.961977
0.901817
0.949335
1.033327
1.005172
1.101111
0.916760
1.011606
1.096217
1.040400
1.001892
0.956093
0.988461
1.004766
0.983678
1.076155
0.898000
0.981668
0.951991
0.963856
0.940865
0.980227
0.981808
0.969538
0.993434
1.041417
1.011234
1.062022
0.888833
1.018967
1.002708
0.991636
0.954837
0.953479
1.091291
1.092076
0.941922
1.027213
0.977557
0.864552
0.954739
1.018714
0.986607
1.009758
0.952800
0.948468
1.035525
0.923264
1.023960
0.894078
0.940623
0.927823
0.917217
0.993051
1.006464
0.992358
0.968101
1.058422
0.982282
0.999573
0.895767
1.136206
1.055500
0.956468
0.997798
0.995663
1.035693
1.009450
1.073474
0.965891
0.995860
0.920800
0.964249
1.093127
0.975899
0.913732
1.132647
1.029044
0.934552
0.930450
0.910508
0.889991
1.048263
0.961725
0.940521
0.922212
0.976083
0.983011
0.980963
1.032985
1.011740
0.971455
1.013627
0.986582
1.006844
0.996681
1.030953
0.988281
1.003522
1.012475
0.957580
1.059211
1.002052
1.006774
0.915236
1.008906
0.997736
1.102600
0.970365
0.991739
0.989983
0.964156
1.000834
0.976332
1.055925
1.024304
0.948615
0.911868
1.005218
0.958258
1.052317
0.955202
0.932054
1.066521
1.046466
0.997770
1.047545
0.968379
0.946943
1.018583
1.004798
1.069887
0.896897
1.041246
1.005897
1.023907
0.974174
0.974334
1.047459
1.035939
1.093071
1.001292
1.065801
0.967715
1.070756
1.019854
0.981941
0.973502
1.047833
0.926050
0.933885
0.867611
0.973279
0.999435
0.962180
0.962155
1.057987
1.035320
0.966296
1.005301
1.037035
0.972073
0.939805
0.942065
0.945235
0.979402
1.013300
0.955143
0.898873
0.982148
0.890343
0.975609
1.036352
1.114488
1.034246
1.001290
0.888233
0.998811
0.987852
0.961019
1.066459
0.951053
0.907739
1.032625
1.048569
1.072566
1.095601
1.030753
0.976658
0.910703
0.934796
1.081590
1.011846
0.967216
0.987862
0.955581
0.971298
1.000653
1.018864
0.913976
0.964045
1.031572
1.029644
1.047812
1.007080
1.005132
0.981142
1.028774
1.009928
1.057827
0.972770
0.903600
1.041371
1.008199
1.015793
1.013745
0.988550
0.946909
1.020498
0.967533
1.036797
1.017474
0.910897
1.067112
0.958156
1.024224
1.101057
0.910568
0.969496
0.989320
1.065239
1.043186
1.015806
0.965721
1.033153
0.935161
1.063861
0.987120
1.030704
1.066273
1.106498
1.012807
1.051276
0.975543
1.000988
0.967089
1.027303
1.058932
1.032204
1.023042
1.013611
0.971105
0.922274
0.968855
1.018949
0.998908
1.044211
0.943347
0.850217
1.019160
0.928985
1.004012
0.975978
0.916499
1.077008
1.035132
0.958918
0.990025
1.090921
1.031327
1.043148
1.012587
1.047916
1.123860
0.873837
0.948608
0.951009
1.044258
1.067232
0.992546
0.962418
0.960294
0.983756
0.959102
0.968980
1.013780
0.969818
1.056643
0.965268
1.039600
1.087276
1.060234
0.893176
0.896294
0.982624
0.946900
0.995187
0.972989
1.040240
0.970896
1.067784
1.016740
0.933812
1.002870
1.058628
0.939887
1.060660
1.061939
1.041926
1.031313
0.859649
0.951510
1.052041
1.081833
1.043471
1.013998
1.036076
1.024235
0.998552
1.014600
0.992203
1.021924
0.966754
1.032682
1.032137
0.988469
1.040856
0.984742
0.901185
1.004568
0.955934
0.975668
0.973223
1.003542
1.031015
0.983199
1.013326
0.999200
1.030514
1.019504
0.972602
0.910739
0.953567
1.017723
1.013291
0.971927
0.983637
0.959842
0.999690
1.010159
0.958467
1.054592
1.013865
1.060151
0.997451
0.968791
1.024868
0.965075
0.992548
0.967755
0.929119
0.969315
1.015808
0.991056
0.946161
0.943074
0.993471
0.982760
0.966963
0.997525
0.981449
0.993049
1.014961
0.980845
1.053511
0.987132
0.988561
0.994994
0.977620
0.970940
0.948398
1.031944
0.995507
1.051257
0.999026
0.964760
0.990112
1.033048
0.991714
0.973654
1.040026
1.099506
1.078748
0.937100
0.969881
0.882827
1.056908
0.928843
1.045714
1.011363
0.976643
0.953580
1.000242
0.998719
0.867129
1.089651
1.043819
0.985245
0.967986
1.009204
0.930205
0.995846
1.011089
0.925791
1.041728
1.035146
1.063868
1.118822
1.000458
1.028772
0.924393
1.043729
1.160458
1.027576
0.999960
0.945387
1.037573
0.927576
1.058736
1.020596
0.920770
1.013296
0.900500
0.948776
0.961063
0.875729
0.946117
0.928998
1.076810
1.104529
0.931135
1.053662
1.006765
0.996186
0.986834
0.941946
1.016381
1.006469
0.949840
1.029154
0.987414
1.023581
1.133031
1.056885
1.015864
0.995277
1.054746
1.024945
1.009790
1.078366
1.032908
0.939866
1.075496
1.084012
1.059283
1.006943
1.069456
0.976024
1.023509
0.975263
1.017601
1.003080
0.960999
0.947461
0.912758
0.975589
1.143221
1.064475
0.935741
0.960797
1.012767
1.002704
1.031816
1.082530
0.905863
1.065787
0.983125
0.980480
1.057324
1.006639
0.905090
1.050858
0.876893
0.947774
1.041137
1.048693
1.058021
0.981989
0.969117
1.011479
1.075087
1.024063
1.015893
1.002020
0.916796
1.066605
0.956855
0.998232
0.912964
1.046294
0.950136
1.010057
1.031736
0.910808
1.079493
1.030991
0.968552
0.965605
1.090621
1.048075
0.991271
1.031822
1.040180
1.086084
0.958487
0.944554
1.012917
1.010616
0.963882
1.044418
1.015833
0.976603
1.004015
0.980344
0.969286
1.086903
0.997260
0.969806
1.002595
1.049774
1.082330
0.957397
1.061310
0.929517
0.952125
0.992291
0.969129
0.994421
0.937352
1.009009
1.006925
0.970983
0.964503
0.997422
0.993465
1.050615
1.040784
0.983708
0.987076
0.955478
0.977091
1.172930
0.951479
1.134358
1.046564
0.973343
0.985735
0.952553
1.125498
0.972670
0.970477
1.002239
0.982495
0.883129
0.980403
0.928183
0.961493
0.962437
0.976354
0.947558
1.054922
0.987704
1.042071
1.037042
0.985065
1.007509
0.995353
1.017224
1.016626
1.015829
0.988949
1.110354
1.091218
0.952596
0.991046
1.032444
0.879236
1.028222
0.939052
1.032458
0.996093
1.085624
1.000906
1.064343
0.952316
1.031249
0.894603
1.062979
1.002615
0.915321
1.038983
1.012578
1.020840
0.967125
1.074756
0.986905
1.007166
1.020428
1.091078
0.966709
0.948526
0.972076
1.003585
1.019466
1.061908
1.027132
1.020880
0.987547
1.088083
0.961114
1.079229
1.012309
1.080986
0.930548
0.974316
1.032524
0.965659
1.007865
1.041292
1.047195
0.983984
0.993467
1.057509
1.014521
1.058037
1.045910
1.037599
1.025962
0.919712
0.998345
0.950180
1.073815
0.977873
1.066456
0.930716
0.993040
0.931381
1.000140
0.985409
0.906911
1.064094
1.035632
0.953774
1.020049
0.939640
1.031341
1.034058
1.060678
1.086663
0.975261
1.033000
1.033575
0.979292
1.000697
1.032094
1.111137
0.984074
0.963752
0.976620
0.976321
0.996311
1.039069
1.039673
0.980143
1.004832
0.916469
0.978101
1.062888
0.993698
1.113556
0.961869
0.941864
0.935207
1.021146
0.993199
0.930091
0.985981
1.110122
1.038938
0.997036
0.862646
1.009078
1.014975
1.004181
1.092889
1.026569
0.995367
1.088427
1.057025
1.049805
0.938123
0.889511
0.989577
0.982064
0.968614
0.970715
0.961541
0.962914
1.034703
0.995239
1.018526
0.946464
0.990510
0.946374
1.030584
1.069653
1.009768
1.053781
0.975411
0.952888
0.992730
1.031813
1.002091
0.989305
1.046105
0.949275
1.090420
0.958407
0.960526
1.006351
0.988065
1.098171
1.005497
1.048425
0.951585
0.933790
1.002831
0.897915
0.967540
0.982559
0.975172
1.042677
0.967848
0.920587
1.014628
0.997191
1.026589
0.947738
1.043873
0.978421
0.966789
1.113270
0.906153
1.044461
0.984103
0.976166
1.048024
1.172376
1.026525
1.043320
1.046231
1.039713
1.040500
1.030709
1.110576
1.101009
1.111499
0.905553
0.997711
0.975976
1.025727
0.926191
0.978712
1.007029
0.992074
0.956385
1.007324
0.998321
0.979599
1.004410
1.009168
1.034222
1.047291
0.853635
1.040071
0.971684
1.050948
1.005662
1.026906
1.074945
1.058965
1.035780
0.945953
0.969101
0.982419
0.962781
0.976246
1.042118
1.002110
0.919004
0.913848
1.016559
0.956250
0.926130
1.046282
1.001455
1.083920
1.050310
1.000828
1.007569
1.061010
0.940783
1.017109
1.003215
0.896925
0.980586
0.993352
1.091537
0.926336
1.052370
1.037781
1.007848
1.042113
1.010660
1.033998
1.030632
1.029763
0.999200
1.014804
1.045247
0.969948
1.028641
0.966288
1.014067
0.922262
0.913031
0.891971
0.902021
1.077815
1.016364
1.024305
0.937930
0.972991
0.994583
0.957957
1.024037
0.926223
1.020859
1.075074
1.055898
0.903116
0.901514
