0.949124
1.056804
0.896669
0.925236
1.033645
0.911767
0.957417
0.969735
0.959736
1.126680
1.041662
0.945650
0.998398
1.033478
0.982125
0.963156
0.970166
0.978026
1.010839
0.939517
0.951222
0.993727
0.942847
0.973015
0.981627
1.025174
0.911011
0.927683
0.972824
0.978625
1.103157
0.979442
0.905420
1.008989
0.935073
1.017776
1.004637
0.933574
0.936211
1.122191
0.980746
1.064949
0.991307
0.941580
0.908904
1.058735
1.019533
1.049747
0.974806
1.006061
0.933299
0.979933
0.948210
1.003933
0.993876
0.973881
0.958063
0.937466
1.053242
0.913254
1.008619
1.005294
1.024044
0.995565
0.998027
0.992372
1.010295
1.039337
0.959005
1.020989
0.952135
0.949111
0.935198
0.957314
1.060155
1.020691
0.932744
1.013783
0.963475
0.960508
1.144910
1.079056
1.012735
1.029227
1.064857
0.974309
0.960658
1.010874
0.997208
1.038434
1.035876
1.064828
0.982271
1.015067
1.025437
1.082791
0.968574
0.956732
1.048444
1.064219
1.038541
1.068436
1.032891
0.953392
1.014738
1.005037
1.039552
0.958609
0.975000
1.047607
1.029276
1.018217
1.046221
1.006214
1.065327
0.978627
0.964482
1.004337
1.083174
1.007418
0.973831
0.968773
0.958951
0.946467
0.951902
0.969239
1.012500
0.965363
1.039530
1.047031
1.005534
1.004008
1.003368
1.007255
1.065527
0.985555
0.995807
1.078991
1.017449
1.045712
0.987467
0.911132
0.957269
1.064921
1.075424
1.006960
1.068140
1.042236
0.960115
1.067283
1.026295
0.955645
1.012863
1.010754
1.023935
1.079261
0.922392
1.085329
0.945744
1.072810
1.053234
1.030956
0.995409
0.967494
1.050910
0.997056
1.079527
1.039784
0.909085
1.157670
1.094257
1.017023
0.945162
0.957433
1.051612
1.051309
1.064325
1.019492
0.888735
0.971404
0.962903
1.027656
1.040894
0.994415
0.987859
1.028275
0.940433
0.991981
1.000083
1.008865
1.012764
0.955772
0.959692
0.953653
1.006683
1.028064
0.963124
0.905249
1.067904
0.958247
0.931503
1.055075
0.981821
0.951539
1.024454
1.066151
1.009867
0.912436
0.931371
1.019429
1.009821
0.971626
0.977079
0.965782
0.984902
1.051679
0.981103
0.973297
1.023039
0.972749
0.996546
1.036277
0.915236
0.947669
1.024691
0.938557
0.936931
0.961534
0.979897
0.997132
0.949158
1.011438
1.019412
1.073055
0.947374
0.950711
0.935273
1.024587
1.010152
0.993351
1.028635
1.042227
1.035299
0.978402
1.020976
0.983505
0.990885
0.910335
0.975887
0.944838
0.949946
0.987976
1.012769
1.014149
1.002510
0.957213
0.980786
1.004012
0.985689
0.986457
0.946651
1.057612
1.005678
0.952056
0.996831
1.048842
0.965923
1.090405
1.064631
1.006072
1.044237
1.136583
0.975733
1.023872
0.988131
1.009724
1.015927
0.977282
0.953661
0.977021
0.947375
1.000791
0.905933
0.980043
1.043504
1.014158
1.021525
1.002595
1.035599
1.005756
0.972046
0.924332
1.007814
1.068177
0.941662
0.974565
1.024689
0.984224
0.938434
0.951438
1.072312
1.038266
0.921097
1.005899
0.976522
0.921202
0.998255
1.086605
0.905282
0.942974
0.964888
1.008687
1.010455
0.972547
1.019828
0.998508
1.013343
1.021175
0.963061
1.040383
0.988924
0.965329
0.983084
0.925418
0.982418
1.080218
0.930098
1.013952
0.956535
1.068133
0.974927
1.034645
1.025507
1.039443
0.961144
1.003834
0.971386
0.967539
0.930864
1.000403
1.018867
0.960198
0.991874
1.021221
1.004731
1.050817
1.075356
1.050464
1.019617
0.919931
0.924890
1.001357
1.074439
1.006830
0.954794
0.899683
0.978644
1.016953
0.977205
1.063124
0.991323
0.930923
1.055902
1.025511
0.929040
0.932770
1.020160
1.052993
0.937789
1.024038
0.957447
0.998145
0.991457
0.976368
0.911761
0.977921
1.032843
1.054613
1.042250
1.014528
0.940754
0.928556
0.953868
0.983098
0.980788
1.046975
1.147095
0.975329
0.953511
1.046296
0.989671
0.860794
1.014308
0.944357
0.972764
1.038891
0.983305
1.032195
0.964235
1.014878
1.041327
0.997793
0.971552
1.023640
0.976754
0.924914
1.037515
1.007628
1.060177
0.974890
1.035084
0.981847
0.968840
1.025203
0.913641
1.029185
1.015296
1.045692
0.985209
1.056492
1.019866
0.960049
0.932881
1.053818
1.068804
0.955141
0.989465
0.944133
0.946961
1.062386
0.927528
1.005297
1.057711
0.922683
1.061897
1.055608
1.008063
0.920216
0.995211
0.904378
1.078367
1.079114
1.032154
1.004830
1.142598
0.902172
1.020716
0.995910
1.114854
0.990661
0.937160
0.932568
1.138769
1.024996
1.000621
1.019479
0.996188
1.029966
0.970984
1.075018
0.947670
0.969495
1.049534
0.976061
1.041639
0.928427
0.907025
1.057805
0.964497
0.998993
0.895511
1.016041
1.003383
1.007662
0.996508
1.031583
1.013316
1.020385
0.984380
0.945540
1.022212
1.052399
1.037249
1.042413
0.931886
1.014643
0.947094
0.950929
1.018608
1.004095
0.971249
1.017370
0.980822
1.004284
1.046216
0.979348
1.046803
0.992476
0.963979
1.028706
1.004499
1.010396
0.962570
1.047466
0.958553
0.990159
0.963763
0.968486
0.976328
0.962526
0.970791
1.008802
1.087060
1.021735
0.990984
0.969067
0.972336
0.899247
1.026922
1.001187
1.037529
1.022602
0.949306
1.056886
0.992803
0.915498
0.966712
1.025876
1.031794
1.064178
1.025320
0.892706
0.939176
1.019088
0.947348
1.028169
1.011064
1.055555
0.927977
1.077695
1.038193
1.091998
0.993880
0.943870
0.974116
0.996139
0.927641
1.013675
1.024773
0.951634
1.051557
1.038463
0.951715
0.904254
1.075660
1.091324
1.037835
0.998952
0.941051
1.028281
1.060968
1.014131
0.990617
0.970342
1.011257
1.085464
1.073661
0.980935
0.971468
1.094613
0.996487
0.990077
1.043968
1.092118
1.021945
0.974925
0.940665
0.956752
0.939965
0.966822
0.928379
0.961390
0.957265
1.034413
1.010139
0.946554
0.957195
1.012166
1.036043
0.992697
0.967167
1.049019
1.067552
1.006413
0.964846
0.903012
0.960479
1.003811
1.060471
1.050823
1.098089
0.966111
1.065363
0.983951
0.968483
0.994892
0.922803
1.007189
0.947860
0.990708
0.979384
1.049749
1.016655
1.043241
0.909483
0.962954
0.972204
1.030673
0.985654
0.968124
0.970266
1.105700
0.940935
1.007543
0.855814
0.944037
0.988010
1.052954
0.965619
1.017499
0.986378
0.990924
1.070038
0.971754
1.010953
0.981541
0.895392
0.946110
1.031589
0.976662
0.922709
0.982640
1.002711
0.883052
1.015145
1.048232
1.023685
0.973318
1.008783
1.079638
0.947745
0.991971
1.005472
0.940854
0.907560
0.946657
1.024081
0.980707
1.037040
1.003524
0.973896
0.984931
0.966670
0.921962
1.044873
1.024956
1.006027
1.023525
0.975970
0.940484
1.035538
0.972310
1.008173
1.005248
1.057507
1.027828
1.030452
0.968374
1.029016
0.996967
1.054477
1.002061
1.032931
1.072071
0.999631
1.049648
1.024205
0.949683
0.874064
1.038715
0.956432
1.053564
0.962450
0.929892
1.049023
1.027562
0.978219
1.051265
1.006624
1.009303
0.973533
1.044861
1.074370
1.035989
1.043381
0.999424
0.915756
0.942493
1.033787
1.036928
1.000015
1.024758
0.978052
1.040794
1.009072
1.005402
0.923613
0.958932
0.971803
0.974276
0.991446
1.047549
0.983549
1.017458
0.994734
1.023865
0.976483
1.082669
1.004331
1.000076
0.943683
1.038715
1.029382
0.959606
1.003912
1.018421
0.894132
0.980370
1.081178
0.941596
0.968871
0.986778
1.044584
0.915562
1.004076
1.047833
0.920862
0.927040
1.053826
0.977176
0.927067
0.990256
1.000646
0.968367
1.003955
1.048320
1.118135
0.996606
1.011131
1.010549
0.932741
0.971618
0.932777
0.956527
1.058717
0.899516
0.995037
1.065911
0.985467
1.084717
1.047760
1.031713
0.984220
0.999707
0.964505
1.071324
1.048610
0.985915
0.982301
0.985289
1.003067
0.970907
1.042712
0.975494
1.000099
0.967606
0.999192
0.948181
1.087673
0.948953
1.020701
1.047691
1.190960
1.067589
0.988947
0.977994
1.040826
0.989734
1.114055
0.966949
1.113084
0.999165
0.961240
1.039167
0.872191
1.056346
0.930923
1.067793
1.063277
0.997661
0.988302
1.118658
0.989663
1.072042
1.057281
0.902839
0.961115
1.097386
0.942654
1.025610
0.980742
0.974977
0.943110
1.006425
1.042162
0.929854
1.000880
1.092698
1.031170
0.972539
1.029673
1.009160
0.997680
0.966748
0.973954
0.963503
0.960474
1.045081
1.015008
1.038555
1.020131
1.050814
0.941406
1.060227
1.003306
1.016194
0.977733
0.936362
1.056225
0.924970
1.054972
1.102104
1.017065
0.937744
1.030215
1.077661
1.089882
1.005065
1.005636
0.930625
1.079447
1.040128
1.017485
1.051704
0.950467
0.933706
0.938192
0.990624
1.002545
1.019634
1.002196
0.954023
1.021569
0.996235
1.033545
0.972064
0.936234
1.077667
0.954340
0.954962
1.017391
0.983406
1.043404
0.970602
1.077620
1.020417
1.009813
1.011307
1.012167
1.078406
1.002273
1.027019
1.066926
1.047226
0.976034
0.997029
1.056025
1.003173
0.933440
1.030990
0.927684
0.942755
1.095330
0.975324
0.867685
0.997088
1.041832
0.980058
0.991276
1.034277
1.048949
0.947018
1.011927
0.959734
1.039355
1.098834
1.029978
1.056289
1.072217
1.009226
1.069866
0.984687
0.960119
0.979924
1.063115
1.091040
0.947907
0.920517
1.026537
0.960386
1.055088
0.946607
0.952770
0.894940
0.994293
0.938900
0.877248
0.943991
0.964219
0.998712
0.909708
1.036831
0.983960
0.978347
0.925185
1.020254
1.022069
0.972546
1.030501
0.958557
1.061877
0.974038
1.064269
0.921641
1.001414
1.040699
1.027317
0.996849
0.997250
1.000032
0.996427
0.930250
1.014229
1.019340
0.963664
0.990752
0.966255
0.978163
1.033741
0.979723
0.949652
0.936556
0.983979
1.051760
1.072614
0.951683
1.100503
1.031913
0.981395
1.005089
1.055791
1.021107
0.890884
0.954667
0.929384
0.983469
0.964288
1.046157
1.020375
0.974606
1.044374
0.929092
1.086633
1.070027
0.961174
0.961247
0.998028
0.990782
1.117133
1.012365
1.055838
0.941449
1.024202
1.030649
1.039309
0.977163
1.059801
1.030929
0.959738
0.991314
1.019430
0.957404
1.038890
0.990216
0.950908
0.909586
1.004555
1.098603
1.065435
1.073728
1.033719
1.025380
0.932823
0.968645
0.996791
0.923262
0.985806
1.100615
0.965108
1.016380
1.046313
1.088683
0.909917
1.042335
0.998628
0.996089
1.034211
1.011503
0.986068
0.910765
0.971339
0.911216
0.861283
0.989826
1.002586
1.053729
1.042130
0.951083
0.971688
0.978770
1.016752
1.085469
0.969208
0.973311
1.078241
0.939956
0.919297
0.993683
0.979466
1.018159
0.968724
0.985964
1.045116
0.990214
1.001378
0.917036
1.075048
1.033289
0.966477
1.012141
1.076805
0.960331
0.974243
1.016901
0.977505
0.983067
0.998791
1.006143
1.015439
0.937241
0.976871
1.014644
0.958197
1.029773
1.039538
1.004165
1.009795
1.029530
1.053305
1.058188
0.954058
1.028862
1.025519
0.956309
1.019022
1.019648
1.011000
1.110142
1.074340
0.953241
0.902518
1.012033
0.999813
0.967743
1.058588
0.942944
1.010421
1.060229
0.983008
1.009694
1.003291
1.062683
1.010050
1.061315
1.031275
1.034286
0.967520
0.942840
1.094197
0.924761
1.095382
0.978144
0.994034
0.947350
1.042241
0.911801
1.071648
1.042880
0.966617
1.002117
0.978952
1.026596
0.974830
0.929180
0.966619
0.959639
1.013363
0.971040
1.040051
0.978141
0.967556
0.931407
1.119351
0.991418
0.905669
1.011818
1.075195
1.026159
1.072327
0.993884
1.012365
0.988515
1.040465
0.956489
0.958792
1.050370
1.005435
0.947338
1.050081
1.000665
0.970974
0.996704
0.906089
1.025567
1.009902
0.991041
0.968877
1.046194
1.104526
0.961198
0.934115
1.013643
1.029172
1.016239
1.040877
0.997428
1.054900
0.928696
0.966346
0.963273
0.916099
0.949944
0.939660
0.895981
1.082452
0.978856
1.087517
1.024369
0.985080
0.967879
1.011163
0.957544
1.021482
0.940657
1.041443
0.949561
1.041801
1.064307
0.910026
1.013009
0.982868
1.018447
0.914681
1.000474
1.007096
1.042903
1.014172
1.096561
1.008603
1.021642
0.982533
0.984686
1.049171
0.927600
1.078083
0.950190
0.961388
1.116074
0.940982
0.988369
0.886406
0.972798
0.988998
0.938914
0.953636
1.013493
1.030681
0.963140
0.995236
0.980994
0.978436
0.965701
0.993680
0.997221
0.983124
1.030393
0.948329
1.070137
1.067986
0.986337
0.976798
1.027925
0.997304
0.989826
1.000705
1.030816
0.991150
1.084337
1.047087
1.018609
1.035549
0.993098
1.022255
0.993121
0.991735
1.016778
1.045385
0.998522
1.031467
1.008143
1.020949
0.967757
1.050530
1.009890
1.075987
0.968260
1.093261
1.010182
1.009943
1.008672
1.000119
0.983964
0.993572
0.985516
1.035175
0.910574
1.048408
0.931343
0.955298
1.069027
1.069952
0.914612
1.039703
0.970262
0.980277
0.899854
0.980230
1.048486
1.015968
1.051309
0.926074
0.895035
1.000912
1.093129
0.877994
1.000117
1.076897
0.966097
1.034421
0.977444
0.997965
0.971865
0.929334
0.907445
0.915706
0.965402
0.937056
1.027887
1.057987
1.045176
0.959838
0.953088
1.050115
1.044322
1.023280
0.977660
0.928449
0.899070
1.078571
0.944118
0.954236
0.989976
1.069890
0.953109
1.026478
0.995631
1.079975
0.960154
0.916337
0.990021
0.999332
1.025661
1.053308
1.021818
1.007988
0.924553
0.940043
0.943828
1.028483
1.001242
1.015047
1.046407
1.038354
0.948738
0.991920
1.079588
0.933788
0.970244
1.075798
0.979261
1.095851
1.044017
0.996079
0.915722
0.986072
0.971767
0.978439
0.983846
0.973417
1.010023
1.019033
1.052946
1.012527
1.014673
0.961098
0.981640
1.025406
1.056753
1.078874
1.012310
1.056435
1.055691
0.919673
0.940376
0.939457
1.064003
0.945335
0.969046
1.031078
1.049218
0.974275
0.882912
1.070794
1.015439
0.969663
0.998047
1.022724
1.050131
1.024698
1.097315
1.047408
0.966639
1.067926
0.900638
0.924568
1.066322
1.029847
0.943974
0.988865
0.992689
0.963132
0.938433
0.962781
1.061091
0.971174
1.026422
0.963138
1.022264
1.017162
0.978538
0.962660
0.983875
1.023126
0.926114
0.994383
0.905892
0.977783
1.048398
0.998698
0.974248
0.909260
1.080564
0.981658
0.994333
0.953706
1.008889
0.960708
0.957222
1.024669
1.093082
1.051708
0.986415
1.073414
0.965380
1.021516
1.045965
0.949953
1.100302
1.038483
0.941741
1.034814
0.946248
1.057763
1.019268
1.007301
0.949492
1.086452
0.915252
0.999443
1.009816
1.026782
1.019068
1.016438
1.069448
0.960516
1.093458
0.947162
1.003477
0.933115
1.052653
0.902164
1.004837
1.023967
1.016866
1.001581
0.991643
0.997608
0.975190
1.011829
0.927638
0.908070
0.875592
1.042654
0.991213
0.943536
1.042004
1.011288
0.974342
1.056705
0.923117
0.966728
0.925927
0.980434
0.971962
1.024700
0.986643
1.071108
0.932674
1.058667
0.978791
0.971328
0.967308
1.028640
0.999587
0.992794
0.982054
1.025294
1.007823
1.013302
0.974591
1.039203
0.950179
1.034606
1.033045
1.007069
1.020607
0.982967
1.015706
0.990816
1.062764
1.057532
1.032486
0.984538
1.056382
1.066756
1.017218
0.964096
1.076069
1.021332
1.007594
0.950388
1.063017
0.932546
0.979058
0.996965
1.061656
0.923677
1.057720
0.972873
1.053804
0.979338
1.028449
0.957732
0.964709
0.900262
1.035255
1.022519
1.046938
1.042283
0.994880
1.057729
1.008828
1.019934
0.961774
0.967426
0.933098
1.088892
0.996599
0.939552
1.037312
0.870336
0.967322
0.984317
1.016832
1.042187
0.932214
1.025795
0.962190
1.034288
0.963728
0.987898
0.958618
0.952061
1.028754
0.956458
0.956387
1.079373
1.053452
0.958628
1.004912
1.108418
1.076547
0.996167
1.024466
1.052011
1.020869
0.910100
1.014064
0.968119
1.060375
1.089998
0.975056
1.021721
1.044543
1.067308
1.000370
0.944448
1.034163
0.970320
0.991717
0.997845
0.998811
1.022353
1.018268
0.971278
0.925487
1.037725
1.056715
1.046363
0.954739
1.004629
1.030848
0.954495
1.046718
0.952474
1.105853
0.978756
1.009235
1.000859
1.037054
1.010598
0.982768
1.013682
0.916998
0.976775
1.039303
0.935430
0.989487
1.019675
0.958194
0.971224
1.025471
1.033359
1.020175
0.952369
1.018819
0.964833
0.923915
1.093385
1.022664
0.980826
0.975254
0.993884
1.026263
1.007207
0.933864
0.997519
0.987550
1.053143
0.972523
1.017782
0.995705
0.905618
0.977185
1.082462
1.004588
1.092762
0.913683
0.932352
1.041827
1.045513
0.957491
0.941652
0.937023
1.014947
1.003652
1.078685
0.979533
1.076402
1.024298
1.029310
1.027316
0.992854
0.964001
1.076685
0.929128
0.923755
1.016145
1.052399
0.959495
1.047576
1.034832
0.994079
0.911673
0.978441
1.038388
0.867044
1.095778
0.902720
1.081795
1.004697
1.068990
1.046605
1.037026
0.953734
1.022879
0.947959
1.011575
1.016092
0.873672
0.985945
0.983786
1.006574
0.971494
1.039917
0.960190
1.010699
1.000464
1.025361
1.027772
0.986237
1.010162
1.050362
0.880463
1.000630
1.058520
0.900351
0.946700
1.055195
1.016767
1.095551
0.988446
0.848888
1.056135
0.909017
1.116915
1.019253
1.045824
0.910241
0.966029
0.970885
1.045636
1.007130
0.890031
0.925493
0.988091
1.048118
1.054261
1.063558
0.971900
0.971143
1.016000
1.037627
0.936162
0.949579
0.984925
1.082822
1.016738
1.033390
0.915191
1.055496
0.976392
0.979111
1.040777
0.942148
1.022603
1.019858
0.938038
1.008042
0.978569
0.929687
1.054113
0.970861
1.037779
1.061380
0.924585
0.991840
1.018337
0.976935
0.936615
0.992460
1.045426
1.026947
0.923987
0.912052
0.971596
1.021037
0.938159
0.973429
0.970674
0.933166
1.012975
0.917502
0.998370
0.941989
1.055464
0.973320
1.039270
0.962396
0.926998
0.870674
0.999223
0.932165
0.938726
1.039092
1.007752
1.023557
0.983343
0.979260
0.963795
1.029238
0.999215
0.991400
0.929784
1.005470
1.094247
0.893243
0.951222
0.995625
1.076262
0.975631
0.942011
0.997278
1.045317
0.952255
0.956454
1.055573
0.975082
1.014025
0.939803
0.908043
1.063806
1.069027
1.079842
1.008603
1.027243
0.995721
1.033776
1.069938
0.956060
0.998830
1.001835
1.070343
0.970539
0.999469
1.055227
0.944308
1.047403
0.941155
1.003959
0.997238
1.049056
0.999073
1.005983
1.021320
0.977152
0.978549
0.997248
0.946155
0.982115
0.964179
0.962543
0.954290
0.939759
1.056538
0.985668
1.019306
0.985772
0.948548
1.026874
1.092901
1.086268
0.994380
0.992643
1.001658
0.978882
0.964139
0.922556
1.016402
1.003488
0.917805
0.953047
0.946424
0.966690
1.057533
0.989531
1.073234
0.954195
1.040404
0.973262
1.004655
1.008175
0.979563
0.930457
1.084691
1.041168
1.017638
0.999388
0.986594
1.042406
0.996841
1.007334
1.049588
1.005239
0.975065
0.982484
1.086830
0.986301
1.037535
0.938077
0.953696
0.918339
0.975304
0.954298
1.022285
0.942929
0.886911
0.950587
1.001851
0.997938
1.089190
1.032701
0.966296
0.956257
0.949614
0.952319
1.048312
0.978584
0.918930
0.873204
1.066280
1.028909
1.019752
1.111584
1.017961
0.965811
0.966684
0.995314
0.945886
1.110951
0.976185
0.980409
1.027749
0.961151
1.071564
0.995683
0.937401
1.003333
1.055526
1.038675
1.036617
0.975615
0.981100
1.051138
0.979976
1.025767
1.024099
0.936202
1.021066
1.028992
1.044404
1.018076
1.027775
0.922480
1.029420
1.005379
0.917108
0.921224
0.979994
1.034106
1.035787
1.040101
0.963930
0.992572
0.969965
1.037125
1.026038
0.986931
0.976635
1.008208
1.019826
1.018803
0.979216
1.031973
0.933251
0.942823
1.072700
1.024639
1.037251
0.988417
0.963767
1.022646
1.050070
1.039123
1.050463
0.875284
0.975948
1.059298
1.049543
0.984998
0.998029
0.955713
1.014122
1.018585
0.977446
0.915621
0.950008
0.968100
0.936537
1.070509
1.059555
0.853027
1.014855
1.046513
1.001795
1.022102
0.935851
1.011191
1.026199
0.955029
1.089546
0.950997
0.971765
0.984353
1.005091
0.990010
0.933464
0.940958
1.026367
1.047257
1.050709
0.947247
0.990475
0.923482
1.053872
1.029977
1.010872
1.070266
1.018319
0.974413
1.008124
0.957832
1.020846
1.006423
0.983292
0.946631
0.938941
1.048194
1.121091
1.060194
1.048846
0.912792
0.995568
1.044569
0.992140
0.968377
1.070524
0.954337
0.930399
1.021048
1.001406
0.964354
1.010154
0.926839
1.083622
0.997423
0.960590
1.039186
0.970124
0.899969
0.991595
0.965195
1.039610
0.954429
1.041686
0.916961
1.009349
0.992108
1.096549
1.011649
1.029688
0.958044
0.987775
0.943616
1.052113
0.998927
1.034326
0.933109
0.905279
0.955974
1.045547
0.919082
1.034733
1.029679
0.961732
0.982871
1.023328
0.980783
0.947902
0.979446
0.951115
1.070941
0.986090
0.991905
0.943341
1.069656
0.946268
1.023831
0.959571
1.040407
1.011423
0.994977
0.991170
1.030054
1.035758
0.997563
0.924971
1.048621
1.005402
1.074141
1.004035
0.992768
0.965097
1.008523
1.040089
1.011090
1.065372
1.031657
1.004740
0.972088
0.979385
0.957681
0.992831
0.947029
1.005061
0.981814
0.985118
1.055599
1.046995
1.085708
0.934080
1.019232
1.020114
1.062625
0.981991
1.096121
0.993025
0.988270
0.928716
0.982761
1.007400
0.976274
0.947307
1.022115
0.915013
0.964866
0.994080
0.953043
0.959310
1.019822
0.967511
1.049303
0.942872
0.927923
0.963189
1.070839
0.913619
0.991092
0.974061
1.005332
0.921537
1.036504
0.949288
0.919065
0.989452
1.045443
0.971382
1.020655
1.021465
0.996375
0.946644
1.057650
1.036300
0.961867
0.997648
1.152808
1.043312
1.014321
1.005868
0.958556
0.958193
1.098439
1.022288
1.039382
1.031006
0.998551
1.076815
0.959665
0.944050
1.021056
0.990279
0.950999
1.040762
1.055008
0.935624
1.016199
0.922844
0.994198
0.989463
1.027626
1.011672
1.041453
1.033935
0.944228
0.994803
0.985350
1.022961
1.071962
0.997781
1.069644
0.954244
0.908703
0.995131
1.010270
0.938749
0.918220
0.987786
0.944746
0.942527
1.040301
0.998020
1.025586
0.993833
1.006483
0.955755
1.030928
1.029020
1.059682
1.037008
0.974511
1.051755
0.999096
1.025928
0.892967
0.994348
0.985252
0.964331
1.020480
0.977012
1.009995
0.939023
0.975911
0.911636
0.969483
1.086671
1.053012
1.025291
1.052806
0.937520
1.038606
0.992985
0.919742
0.865953
1.109906
1.106549
0.940272
0.946299
0.977845
1.025798
0.976375
1.043296
1.091110
0.953427
0.991800
0.936224
1.078530
1.059219
0.939400
1.009889
1.029080
1.030067
1.061887
1.034344
0.912087
1.042188
0.992363
0.941739
1.054487
1.025515
0.957909
1.056633
0.988817
0.976645
0.977620
0.910721
1.031285
0.994620
0.979684
1.050995
0.887657
0.955060
0.952363
0.987181
1.066598
0.936738
1.027460
1.029197
0.994074
0.984181
0.958123
1.010087
1.004277
0.938497
1.097551
0.957440
0.962467
1.075872
0.998454
0.966182
0.956641
1.062832
1.000191
1.122865
0.975923
0.917216
1.016197
1.002303
1.041234
1.008855
1.047387
0.911418
1.037809
0.999979
0.919030
1.030030
0.981492
0.982337
0.983092
1.106119
1.006202
1.090066
1.021649
0.979472
1.042431
1.012815
0.975612
1.051055
1.025375
1.021630
0.973352
0.986653
0.956959
1.017247
0.996548
0.951752
1.105560
0.946355
0.991967
1.057448
0.996584
1.035879
0.951593
1.044498
0.957231
0.992316
1.032453
1.026700
0.991016
0.989360
0.989157
1.012054
1.050063
1.074164
0.963253
0.933586
1.061442
0.929223
1.010810
1.001428
0.965579
1.029843
0.991322
0.990716
0.977549
0.966864
0.998336
1.041396
1.023957
0.995863
0.996212
0.951263
0.975547
0.977338
1.052195
1.067366
1.089697
1.027652
0.974288
0.934770
0.967120
1.045357
0.980577
0.982551
0.977495
1.054199
0.953730
0.915057
0.974639
1.009110
1.012005
1.067092
1.005898
0.993063
1.082590
0.919573
0.997754
0.964928
1.068954
1.011734
1.014453
0.972948
0.964454
0.971621
0.990999
1.019892
0.999527
0.972943
0.990663
0.962786
0.966170
1.124562
0.958841
1.011186
0.868002
0.992886
1.042936
0.975146
0.976632
1.016228
0.981529
0.994855
0.999998
1.044584
0.932525
0.909608
0.932981
1.012352
1.107106
0.986367
1.019392
1.014583
0.999001
0.932720
1.047523
0.996983
1.002197
0.969197
1.072739
1.021224
0.951634
0.965473
1.001076
1.035811
1.041179
1.053812
1.085258
1.075849
1.033595
1.052106
1.041379
0.937592
0.950702
1.059081
1.018099
0.995350
0.986887
1.024477
1.073996
1.001611
0.944253
1.077655
1.006946
1.041209
1.038636
1.001147
0.987496
0.990294
0.976810
1.023592
1.005601
0.988805
0.978211
0.962981
0.923070
0.968668
0.983317
0.956029
0.996505
0.946628
0.945679
1.080419
1.022379
1.005587
1.029774
1.045966
0.921059
1.046093
0.983204
0.920076
1.100722
0.880006
0.993256
0.903696
1.062843
1.029931
1.018637
0.971858
1.013011
0.958224
0.974742
0.942698
1.013407
0.959424
1.033003
0.964874
1.027349
1.052876
0.877127
0.960272
1.035486
0.987400
1.017829
0.921800
1.055096
0.972036
1.044461
0.970842
0.990909
1.030171
1.004929
0.950470
0.956603
0.959291
0.983298
1.062039
1.022025
1.050641
0.944714
0.949446
0.965318
0.931074
0.956280
1.089025
1.120658
1.071380
0.912081
0.986466
1.000209
1.038836
1.041697
0.986941
0.986192
1.015749
0.967051
1.140995
1.041802
0.980734
1.048083
0.941120
1.013139
1.001264
0.924639
1.022799
1.040038
0.947482
0.949848
1.039186
1.005640
0.946755
1.074286
1.012854
0.980472
1.023884
0.977208
1.000845
0.981869
1.028262
0.924821
1.134559
1.004116
1.038503
0.990127
0.966780
0.982591
0.992239
0.955971
0.959740
0.944192
1.034667
0.987274
1.024214
0.975211
1.021816
1.056571
1.051230
1.001801
1.033984
1.017946
0.928865
1.023715
0.919716
0.875848
1.020559
0.936270
1.064017
0.974949
0.968429
0.966074
0.964657
0.985997
0.991111
1.070549
1.023197
0.957314
1.048465
0.983020
0.991387
1.036768
1.013712
0.928014
1.012840
1.062931
0.974016
1.128379
0.939851
0.927942
1.028133
1.014264
0.919729
0.984312
1.014420
0.921775
0.956234
0.927179
0.986448
1.006355
1.040478
1.094598
1.000437
1.013265
0.968332
0.966834
0.922836
0.911653
1.021519
0.976912
1.069996
0.898057
0.970709
1.063552
1.028522
1.018064
1.023944
0.979970
1.011447
0.942186
1.056672
1.009869
0.984276
0.966779
1.013012
1.070667
0.950994
1.005587
0.953512
1.031859
1.021276
0.999946
0.976629
1.055009
0.981999
0.948358
0.995793
1.052898
0.864604
1.023461
1.054505
0.892243
0.890932
0.994067
0.998007
0.960259
0.960191
0.969515
1.024391
1.004368
0.978206
0.995949
0.968483
1.071788
1.003562
0.937294
1.040891
0.985131
1.082442
1.015709
1.042132
0.982625
1.043962
1.013700
1.038199
1.033395
0.970477
0.974216
0.962784
1.028743
0.989471
0.999651
0.951650
0.998703
0.958766
1.023775
1.053344
1.082525
0.966652
1.015477
0.970954
0.932451
1.008605
0.932857
0.954640
1.068542
1.021757
0.993878
0.933256
1.062432
0.926671
0.982493
1.004022
0.939295
0.984904
0.986363
0.996521
0.958272
0.935517
0.932140
1.010986
0.942439
1.060570
0.868865
1.075816
0.997755
1.042429
1.030312
1.049445
0.977540
1.017684
1.051051
0.938431
0.945258
0.905659
0.945121
1.028941
1.064207
0.979846
1.008952
1.048220
1.019228
0.924933
0.952581
0.947142
1.015674
1.069104
1.020220
0.873214
0.934660
1.063143
1.022896
1.059534
1.056716
1.006198
0.994209
0.896465
1.000048
1.026519
0.997489
0.950977
1.063673
1.043459
0.971303
1.042020
0.936573
0.895069
1.063568
1.021609
0.983814
1.041984
1.065412
0.978122
0.942968
0.946105
1.086495
1.030216
0.972984
1.061489
0.913750
1.065291
0.981258
0.893506
1.002848
1.059093
1.058782
1.076824
0.921120
0.988024
1.075344
1.011344
1.064300
1.011169
0.956423
1.024166
1.010345
0.980964
1.032879
1.015624
1.012743
1.052518
1.042627
1.055946
1.053879
1.032854
1.030702
1.034996
0.980462
0.983251
0.985004
1.050028
1.019590
1.057858
0.970186
1.036030
1.030770
1.033613
1.012207
0.885343
1.005873
1.049100
0.993572
0.973321
0.938195
0.966575
0.874802
1.057258
0.965095
0.998458
1.007013
1.090545
0.946550
1.000017
1.010744
0.961897
0.954637
0.914209
1.046321
1.062461
1.033054
1.055840
0.966044
0.927670
1.064658
0.921131
0.993536
0.952267
1.015368
1.021151
0.996753
0.986965
1.070684
0.996994
1.033926
1.015441
1.053895
1.003018
1.038239
0.998104
0.895842
0.974380
0.969082
1.002727
1.021779
1.034845
0.975667
0.967649
0.934130
1.042998
1.018403
1.054552
0.958708
0.960112
1.005898
1.043212
0.973194
1.031660
1.042432
0.968584
0.995894
1.002096
0.976220
1.004458
0.942877
1.026620
0.985447
1.000904
0.994420
1.007325
1.043035
0.936776
0.898199
0.953734
0.963033
1.042168
1.031826
0.921932
0.939113
0.987384
0.945159
0.926331
0.937957
1.007072
0.898502
0.974923
0.986803
0.951116
0.992668
0.955040
0.912961
1.033880
0.965751
0.971127
1.082343
0.988231
0.955311
1.063004
1.074368
0.958948
0.979284
0.923140
1.039774
1.004561
0.938428
1.027311
0.980878
1.036293
0.996082
0.989750
0.897196
0.995616
1.022616
1.005123
0.990452
0.970545
1.069519
1.008168
1.043154
0.879967
0.989212
0.991017
0.985867
0.993524
0.985446
0.966908
1.058846
0.981776
1.029227
0.965746
1.022492
0.998888
0.980143
1.052689
1.044238
1.017918
0.946629
0.992048
1.064687
1.038704
1.056979
0.958974
1.003910
1.023312
1.028088
0.912497
0.967194
1.058187
0.999966
1.064382
1.016593
1.036189
1.002284
1.057644
1.084202
1.008182
0.962016
1.037004
0.977910
0.905980
1.132961
1.004960
0.955150
1.000735
1.028675
0.995291
0.965572
1.062338
1.000199
1.097741
0.941442
0.984496
1.031065
1.010990
0.948478
0.898969
1.021557
1.103759
1.010552
0.990033
1.067185
0.989306
1.013984
1.009529
0.946337
0.904136
1.046485
1.002082
1.029987
0.994947
1.037075
1.016342
1.034353
0.984125
0.932882
1.030677
1.021892
0.941225
0.963665
1.005618
0.964830
1.011994
1.106063
0.995401
1.030530
1.010824
0.935963
1.074870
1.048036
1.027757
1.024380
1.045430
0.970060
1.050659
0.915775
1.038987
1.101283
0.989417
1.036868
1.130441
0.947636
1.090884
0.859676
0.934046
1.067096
1.060887
1.039057
0.999229
1.037649
0.973238
1.012383
1.011605
1.081411
1.075813
0.934543
0.919104
1.041571
1.073568
1.020081
0.906004
0.950621
0.906094
0.925178
0.946346
0.985341
1.017896
0.960965
1.066394
0.991904
1.074750
1.047328
0.985094
1.052932
0.953603
0.904280
1.092024
1.040815
1.012008
1.070631
1.013414
0.900721
0.996112
0.970806
0.985088
0.966294
0.950533
1.061303
1.012416
1.077023
1.100290
1.026682
1.039087
0.959036
0.986469
0.946079
1.043872
0.971389
0.931753
0.924154
0.980145
0.954503
1.003573
0.919382
1.096559
0.970353
0.993114
0.983291
1.050976
1.103761
1.002153
0.978750
0.977260
0.970294
0.954904
1.028165
0.997915
1.098009
0.984589
0.952850
0.955367
0.955974
0.989053
1.106290
1.096947
1.011865
0.989809
0.925009
1.053518
0.955165
0.993592
1.010297
1.045155
1.025467
0.939952
1.063954
0.967135
0.965717
1.019952
0.990612
1.050292
0.977629
0.973697
0.943905
0.967859
1.007245
0.992168
1.051917
0.978646
0.965809
0.974665
0.993934
0.984580
0.975616
1.011462
0.979729
0.915152
1.051765
0.913102
1.027888
1.015757
0.959334
1.037560
1.036391
0.961004
1.032766
0.963319
0.970917
0.934221
1.085429
1.013972
0.994837
1.083731
1.013809
1.046007
1.077002
0.886612
1.019232
0.925556
1.089620
1.007231
1.063745
0.938709
0.967312
1.051094
1.099190
0.901404
0.961613
0.973708
0.927203
1.059718
1.055854
0.997988
0.975720
1.063527
1.067536
0.968333
1.027355
0.900133
0.894764
1.063533
0.972940
1.008285
0.926449
1.085293
0.932553
1.029108
0.996042
1.043840
1.116912
1.045443
0.974505
1.023529
1.059200
0.977679
1.014159
1.010788
0.943592
1.030413
1.049655
0.959799
1.032994
1.024900
1.068169
1.041321
1.024189
1.030273
1.057894
1.003277
0.918696
1.034783
0.906869
1.029549
1.075030
1.035749
0.953426
0.969494
0.956096
1.024009
0.994177
1.006084
0.931820
0.907274
1.074533
1.032326
1.038521
0.990056
0.953035
1.123299
0.959173
1.025791
1.002739
1.005420
0.945397
1.054533
0.994390
0.924199
1.045045
0.963867
1.020341
1.032461
1.061296
0.980110
1.050369
1.009126
1.007508
0.949471
1.016186
0.985117
0.988778
1.053820
0.955097
0.973196
0.908116
0.932824
1.007849
0.971112
1.033110
1.084694
0.974797
0.988879
1.062933
1.021189
0.922723
0.922879
1.039947
0.902255
1.001780
1.093112
1.020673
1.013969
0.992814
0.947734
0.908376
1.060530
1.047148
0.980772
0.935965
1.007212
1.065656
0.974765
1.016575
0.924975
0.876556
1.043310
1.074501
1.071994
0.967612
0.992986
1.057135
0.989886
1.012536
1.010016
1.083115
0.894407
0.996568
0.945077
1.057562
0.974737
0.973650
1.010456
0.963705
1.055704
1.004367
0.979168
0.996782
0.954707
0.921599
0.975843
1.073748
0.966766
0.999239
0.918634
0.970383
1.051746
0.949406
0.942384
1.011978
1.113455
1.012140
1.013818
0.982673
1.064328
0.998980
1.074827
0.999110
0.983290
1.051038
1.009687
1.157609
1.034763
0.975751
0.996863
0.918944
1.051563
0.964724
0.953576
0.948379
0.921848
0.976491
1.053938
1.007797
1.065338
0.990883
0.994313
1.015778
1.031027
1.035323
0.992146
1.060687
0.947103
1.032431
1.061050
0.982165
0.978797
0.943724
1.058486
0.962347
0.972177
0.951180
0.997716
1.010421
0.946176
1.050469
0.992581
0.953875
0.992461
0.882772
1.036637
1.066074
1.078190
0.990333
1.068871
0.948407
1.010209
0.979709
0.985295
0.987592
0.989079
1.112894
0.959262
0.985600
1.055818
1.058788
0.937941
0.944153
1.018665
1.033326
0.958093
0.873370
0.955087
1.000689
0.986560
1.068636
0.934925
0.987094
1.034947
1.012608
1.000983
0.993303
1.067834
1.002324
0.968045
0.932870
0.931298
1.020701
0.982483
1.037936
1.021459
0.993180
1.026727
1.021546
0.991585
1.023700
0.946540
0.988919
1.031828
1.077776
1.089083
1.011608
1.097073
0.999934
0.979431
1.017743
1.127701
1.000659
1.020388
0.967299
1.018604
0.967198
0.976624
0.952635
1.028068
0.978319
0.896065
0.921368
0.982952
0.933400
1.068567
1.035640
0.997881
0.971399
1.011808
1.028403
1.021155
1.047944
0.936231
0.999363
1.006708
0.985403
0.982597
1.053076
0.996694
1.077922
1.071097
0.994977
1.056820
0.896180
0.976083
0.972239
1.010666
0.969968
0.926170
0.978019
0.997238
1.015172
0.972212
1.045901
0.916517
1.019928
0.880057
1.073619
1.031036
0.905155
1.044724
0.964221
1.042006
1.027347
1.051317
1.085780
0.951975
1.032394
0.957661
1.009061
1.011542
0.984020
0.981689
0.913385
0.994508
1.043412
0.986460
1.064025
1.017217
1.030514
0.978058
0.994855
0.992419
1.004279
0.947990
1.041063
1.002843
1.063148
1.026993
1.014914
1.050326
1.035922
0.973306
1.054125
0.889361
0.997147
1.022870
1.025848
1.015791
0.930247
0.956295
1.032162
1.031501
1.065895
1.021134
1.011474
0.928813
0.985252
1.052278
1.014070
1.068192
0.981631
0.974208
0.973179
0.998611
0.967640
1.025655
0.990985
1.021950
0.993120
1.003528
1.006575
0.998992
0.958570
0.975978
0.985765
1.049805
0.976492
1.017465
0.950126
0.967216
1.026225
1.007769
1.030301
1.013751
0.902542
1.108078
1.007946
1.021081
1.017263
1.002767
1.047816
1.009456
1.032693
0.908906
1.077603
1.131821
1.027639
1.042359
0.952998
0.918788
0.921617
0.999407
1.052956
0.974894
0.971540
1.010505
1.037823
1.061523
0.966794
1.071570
0.979148
0.953468
1.031022
0.991662
1.008155
1.002369
1.036073
0.967413
0.918029
1.041064
0.972430
0.892480
1.003448
1.000473
0.960239
1.033575
0.925847
0.991948
0.982605
0.979298
1.016687
0.978497
1.098516
1.030803
1.000427
0.971183
1.068119
1.024015
0.967578
0.896753
1.029752
0.989134
1.086969
0.895943
1.042119
1.046828
0.970590
0.935872
1.043386
0.976128
0.993425
1.022097
1.046757
0.985388
1.000206
1.031576
0.934182
0.983811
1.015794
1.022852
1.011397
1.012727
1.038454
0.999243
1.001424
1.031931
1.036976
0.990074
0.959198
1.069315
0.969606
0.995721
0.972135
1.012890
1.017253
0.990889
1.025228
1.033379
0.995105
1.063272
0.949391
1.008368
1.043830
1.036021
0.915927
1.060875
1.053189
1.132114
0.924500
0.977053
0.990138
0.980583
1.034364
1.088619
1.134257
0.922813
1.003602
1.092658
0.952496
0.937166
0.945620
1.048805
0.976522
1.016867
0.886626
0.953041
0.984592
0.987532
0.950761
1.006299
0.993223
0.959319
0.934702
0.985929
1.027309
1.049212
0.956388
1.058630
0.990296
1.063754
0.980765
0.977018
1.032452
1.052418
0.899848
1.070239
1.078624
0.952920
0.930700
1.045293
1.033201
0.991870
0.946901
0.945531
1.002023
0.881081
1.021154
0.999072
0.939836
1.049935
0.999354
0.932778
1.067078
1.051999
1.054697
1.060042
0.972788
0.995557
0.999432
0.967587
0.957577
1.004608
1.064642
1.084922
0.981347
0.973700
0.989871
1.029552
0.926898
1.068168
1.073774
0.891036
0.967786
1.020849
1.031302
1.010880
1.000577
1.110746
0.899049
0.964542
0.987873
0.898509
1.054990
0.961653
0.989024
0.945383
1.011551
0.991250
0.959369
1.031991
0.973059
0.974869
0.862453
0.940772
1.051963
0.955027
1.002470
1.019237
1.006428
0.991492
0.900375
1.019582
1.038202
0.973388
1.002526
0.924416
0.891905
1.012756
0.936218
0.972296
0.985716
0.913439
1.024386
0.958730
1.052175
0.949815
0.991178
1.098139
1.034235
0.905181
0.965784
0.963163
0.946142
0.921584
0.946304
1.018739
1.030326
1.059277
1.077792
0.987724
1.010144
0.991396
0.975687
0.913574
0.995593
0.989565
1.034965
0.976847
0.965557
1.077661
1.032726
1.043450
0.948737
1.049330
1.028943
0.951268
0.939270
1.030021
1.032220
1.016246
1.030134
0.949733
0.954775
0.922572
1.028606
0.969684
1.011845
1.018666
1.097539
0.985309
0.966536
1.005718
0.970951
0.963718
1.027279
0.988169
1.029492
1.053557
0.886094
0.896721
1.029539
0.935303
0.973582
0.998896
1.054975
1.043543
1.068727
0.984130
1.008862
1.034371
1.109735
0.990311
0.968803
0.972723
0.929410
1.005945
1.043864
1.018924
0.992232
0.987977
0.975540
0.895588
1.031617
1.037367
1.041667
0.977342
1.011601
1.047577
0.927727
1.016824
1.023002
1.017541
0.959629
0.966966
1.038445
1.021070
0.984611
1.001973
0.984114
1.008474
0.979883
0.986324
0.930182
0.961915
1.016592
0.959117
0.997788
0.970810
0.915166
1.032319
1.017472
0.932282
0.944424
1.038558
0.960338
1.040772
1.086761
0.967852
1.048522
0.988619
0.873888
0.927553
0.997935
0.947875
1.022487
0.954415
0.996453
0.874741
1.040068
0.970398
1.036365
1.013875
1.085968
0.946276
1.039982
1.009996
0.960434
1.008620
0.972483
0.962020
0.846567
1.121464
0.990021
1.002785
1.057915
0.996406
1.057962
0.926141
1.031155
1.001139
0.989438
1.061712
1.069674
1.036267
0.998685
1.016958
1.028169
1.052996
1.095078
1.061123
0.960028
0.960383
0.990605
1.100242
0.956522
1.016750
1.029915
0.953454
1.036026
0.985566
0.985775
0.941427
0.992637
1.023940
1.003577
1.006469
1.076875
0.949278
0.994588
0.980316
0.914821
1.011502
1.045495
1.019957
0.995750
1.043693
1.122332
1.043979
1.008891
0.934770
0.999305
1.000599
1.014232
1.046965
1.007264
0.971866
1.011743
0.974072
0.962013
0.985223
0.925808
0.936653
0.978220
0.970358
0.939278
1.030420
0.986083
0.987421
0.952372
0.989676
0.950964
0.935374
1.036883
0.929435
1.018500
1.024799
0.965012
0.865301
0.994087
1.069567
1.048680
1.000804
0.953931
0.954255
0.990722
1.054317
1.001001
0.981920
1.071438
0.934278
0.960761
1.040754
0.989045
1.027369
0.907934
1.045463
0.932840
1.018500
0.962109
0.945507
1.042473
1.005808
1.028751
1.010736
0.985002
0.924065
1.011432
0.946832
0.994470
0.993580
0.915818
0.999238
0.991272
1.004535
0.996579
0.975355
1.086110
1.048823
1.006853
0.972273
1.042145
0.966262
1.001548
0.961720
0.968063
1.058478
1.081664
0.962823
1.021835
1.045311
0.938934
0.965615
1.007307
0.982317
1.040181
1.052112
0.998840
1.072827
0.964982
1.047094
0.924803
0.970400
1.021853
0.938918
1.022963
0.966798
0.949577
0.914113
1.037694
1.114244
1.112513
1.015703
0.978057
1.022152
0.984185
0.985524
0.999718
0.945265
0.936686
0.978684
1.025931
0.976344
1.038776
1.012311
1.028505
1.019705
1.031816
1.083319
1.080525
1.064761
1.060438
