5.001848
7.113254
7.945649
8.193480
7.368880
6.060851
6.048455
3.862120
4.271898
8.337708
1.466608
7.331966
7.963063
3.288321
2.179232
6.806865
9.612494
8.128257
9.986719
0.575510
6.071961
1.870319
8.920335
2.622347
6.098825
9.829400
7.852678
9.177920
2.332735
1.049577
2.046141
0.841205
2.908230
4.985785
5.961168
7.643834
2.624282
5.742045
4.002896
6.974667
0.286314
7.244669
0.950404
8.180898
1.372015
4.793412
6.511444
8.150459
4.796396
7.242518
9.358006
1.640187
6.211456
0.266452
3.146881
0.841742
3.754461
0.387106
3.346551
7.026757
6.597542
3.823727
3.818847
8.894060
7.946373
6.184878
8.673720
0.116496
4.744322
1.408094
7.137169
3.636220
4.592416
8.771419
0.632776
2.929386
3.771514
1.107052
6.692206
6.945687
7.652108
4.672561
7.283581
9.604404
9.137366
0.503076
9.393327
1.289287
8.639380
3.906927
3.492562
1.141973
8.128154
2.372161
8.781908
3.605806
9.015578
5.166441
2.226768
5.972635
3.367361
1.648216
5.416823
2.066250
7.896781
6.787700
8.644261
9.610200
6.985486
4.741215
9.152158
4.117938
7.287081
2.928400
0.342716
1.237578
1.900474
8.390777
3.736681
3.430508
2.626212
8.826440
7.096859
7.011320
4.153924
0.069533
7.490949
2.469851
9.779881
8.595485
4.188303
8.571285
9.995926
0.210998
9.540089
9.274805
4.342380
5.789722
6.066267
9.305789
3.817967
4.887480
9.913279
7.604304
3.500277
8.363397
5.114467
4.666375
4.581701
4.004163
1.532061
6.169102
1.888037
4.493739
5.107354
7.317358
0.334996
1.216434
9.177234
8.163167
9.646468
3.676015
9.003663
9.826515
3.308756
4.703653
1.391013
1.590907
8.156856
3.885744
6.953415
3.615543
9.529738
3.722816
0.112563
3.969645
0.877046
1.279851
0.977901
6.268911
0.773543
0.948279
0.572936
0.996176
6.309131
5.717199
1.288997
7.371933
1.244513
0.692283
6.296550
4.960359
2.528418
2.078902
7.556705
9.416916
3.261201
5.774218
9.601590
6.264957
3.922253
6.779073
2.589005
8.061242
5.499673
5.677059
9.237935
0.252832
0.224675
6.514597
7.113115
7.909383
5.650605
0.952636
3.815497
2.511813
6.566599
8.833129
8.012182
2.867801
0.564742
7.078204
1.067022
5.889037
6.623853
0.780317
7.813509
7.719056
9.025895
1.485107
8.691679
7.591565
4.562472
0.601367
9.388311
2.607632
4.267720
2.599372
5.535390
1.136985
4.226657
8.754423
1.968334
1.353237
5.117380
6.719190
6.941192
6.692087
6.648633
7.932204
3.440880
8.241052
6.945884
1.716344
0.229151
4.663071
1.983121
4.496716
9.775743
4.006009
7.091418
5.564321
6.640009
4.269257
5.988611
7.768056
3.450500
0.534356
7.109360
5.343152
3.788856
4.518091
0.422181
5.586919
1.755521
3.922354
4.727342
4.919461
6.895973
9.386154
6.723867
6.483057
7.587746
6.906079
7.234987
1.308809
5.469942
8.764389
9.168535
0.356951
0.674624
9.509176
7.835304
6.777663
7.319989
2.867692
6.822038
8.120764
9.064577
0.037920
5.585095
1.235380
7.725578
6.531346
0.781763
1.519770
0.300005
4.871859
7.205250
1.581720
3.360721
6.417351
1.232981
4.578677
4.179244
8.774833
0.582751
9.311018
2.164988
9.584999
6.220525
8.076653
0.892792
7.823664
0.853724
7.296311
9.542747
3.275452
5.149446
2.091711
4.182142
7.141347
7.180330
3.985358
9.831764
3.223325
3.818881
9.492815
9.474906
1.974587
5.869153
9.528234
5.343159
2.181771
8.549023
2.277648
5.209756
6.823242
3.260923
4.895300
7.336645
6.445744
4.407031
7.979228
8.157523
5.682055
5.130664
3.847455
1.188942
1.948102
5.913324
6.445479
7.710774
4.225898
8.657253
3.548018
3.688964
7.137314
0.199005
5.919929
7.064267
9.326724
7.980527
1.209165
4.295056
0.941155
2.257417
1.440445
3.450844
8.985401
8.360585
8.739456
1.176737
9.765671
4.778362
3.177246
6.464314
2.024908
9.212285
1.893173
6.023888
1.455780
7.124071
3.621350
2.661711
3.860274
2.215645
9.366363
4.587112
0.265966
9.205914
6.146305
6.619934
7.177238
8.541596
7.640917
4.722146
5.983764
2.044377
9.011069
5.844138
1.362925
6.944316
7.950026
6.315134
3.063363
3.968716
7.923094
7.354316
3.005806
4.745599
5.369905
2.428747
0.585214
8.516603
0.330013
6.580134
2.049981
4.120323
8.148084
5.265092
2.683751
3.522706
9.339468
5.465087
8.650169
3.396809
4.838881
9.415386
5.681128
0.224529
0.292349
1.851395
2.809904
0.651585
6.833631
5.736416
8.565224
6.220747
1.989766
8.995646
5.080495
7.012796
0.634165
8.632731
1.743711
7.327694
1.574488
9.122908
9.981762
7.228334
7.675505
1.601138
7.222794
2.459846
0.770570
5.951767
8.109769
6.582379
9.197457
9.556056
7.402058
0.577147
6.575127
0.809251
3.017415
5.605593
6.937369
2.720042
1.747687
9.379529
9.925172
1.360512
6.936025
4.299092
5.897875
8.547338
2.027150
6.524798
4.684019
8.818161
3.689634
7.026094
5.549748
3.030463
9.022216
2.442907
5.546579
7.757342
3.742743
4.574505
4.721428
3.903851
4.007303
1.038881
6.221684
6.617942
6.588840
1.052461
5.331286
7.705080
9.127337
3.790760
0.717566
3.473684
3.947713
0.633857
0.643416
6.470633
2.240251
9.911286
0.813741
7.196181
8.628705
1.706691
5.191684
7.536927
1.459798
1.918137
8.796664
3.104472
6.911805
2.334325
9.673786
6.986782
1.868575
0.734511
2.967738
3.603434
2.335285
6.883773
2.477112
5.805342
0.459030
7.429669
2.320461
4.624452
5.603117
6.556521
6.317996
4.369879
6.692005
7.428125
6.249756
4.104363
0.012611
9.405519
9.908992
1.627145
6.280066
4.891205
7.513815
6.564131
5.096597
4.465214
0.763001
9.198977
8.609244
5.163731
1.739438
2.439752
4.609907
7.630028
2.967404
6.228577
0.749808
4.096844
3.915201
7.655321
4.416129
4.419743
4.000062
5.751314
8.307273
3.161287
7.418049
3.932683
6.811875
1.522164
5.662049
8.628526
5.148899
3.502667
8.187747
6.673137
6.153670
5.643990
3.086183
3.661215
0.906924
1.226167
6.627602
1.286180
3.771196
4.609312
0.258781
3.976346
8.697119
5.632392
7.124328
5.826453
6.341909
8.711481
6.162107
3.166579
1.651631
6.936076
5.235198
4.925384
0.107259
6.917400
9.100735
5.273098
6.233637
9.247239
2.346338
9.335416
3.424239
0.836075
3.073928
5.197681
2.439120
5.488317
1.009205
6.137321
4.519598
1.445979
9.478511
7.931283
2.989677
0.300897
9.594527
6.443149
8.615537
7.529086
8.756163
2.849304
0.626954
3.191794
4.455617
0.561533
6.261266
9.279995
0.234010
5.440904
3.799550
1.215633
1.373278
3.963826
3.997061
6.999195
2.614002
0.411474
2.461932
4.411527
5.414482
1.513932
9.934873
4.736005
9.324681
4.202893
8.448245
0.867031
3.146626
2.530890
9.815877
0.483471
7.637830
2.958860
4.442512
2.227391
1.290918
5.502715
5.577506
3.868104
0.463617
0.629965
9.172293
4.098361
8.888016
5.213557
9.166367
0.439316
6.627161
8.307371
7.909772
8.681828
9.571096
0.456731
8.242598
5.753179
9.789565
0.790731
3.945202
7.080257
6.695141
8.741234
4.851798
1.525782
4.290505
3.177310
6.322130
0.550338
2.738812
7.070401
5.580107
3.166693
2.376177
8.469561
0.714926
3.380524
5.582327
6.817418
5.524666
2.610298
4.631516
6.173936
7.954764
2.703536
3.644948
9.691453
2.572620
9.212376
8.991658
4.016061
1.992162
5.234558
1.638897
3.890753
2.261744
7.566335
4.582724
2.298109
3.406919
4.391608
6.985786
5.755932
0.110152
7.655902
0.120308
6.499522
4.063632
5.432240
2.534582
9.707518
6.485914
7.757667
8.565978
8.867722
1.029575
8.966836
4.146743
0.373029
1.341508
2.887183
1.897778
2.160790
2.092873
6.794013
5.387290
9.150064
9.776984
3.199119
8.406725
4.128849
3.345973
1.195781
3.765619
7.048931
8.847233
3.912507
9.913487
6.389362
9.243165
1.181938
1.993702
4.863532
0.035252
0.030078
8.676625
4.720299
4.836508
1.449058
1.638168
4.118044
6.643298
7.669264
9.901883
1.774779
5.848619
1.577998
7.190839
3.766213
5.328053
2.533687
6.877765
2.070759
2.504099
7.401718
4.654139
0.219079
1.872677
9.752211
3.323240
2.210726
5.843255
8.748827
2.336192
1.526082
7.175988
2.114105
2.365504
7.794108
3.200453
6.848782
2.102007
7.040581
6.943263
1.627932
8.435180
3.031775
8.982574
3.418841
0.383267
4.962222
6.142664
8.622809
2.542344
3.138524
3.725141
2.971148
9.903975
1.288260
5.048534
0.774642
1.625186
5.296902
3.090360
8.166224
2.586146
7.878594
7.188262
5.702388
1.819890
1.505525
3.890609
1.984066
4.980755
5.403512
7.366693
7.494967
4.010395
9.806266
6.760153
6.531170
3.690451
1.111421
5.612540
5.620019
1.377308
2.903325
7.672888
9.951093
5.644655
4.076029
8.095123
9.974895
8.443805
6.464372
1.715090
7.666101
3.795799
9.210583
2.438627
7.135550
5.355531
7.845999
6.476100
4.173069
7.867249
4.563129
0.412148
1.854448
8.722869
3.580352
3.632783
1.780358
3.285472
7.179185
3.059687
2.921676
3.081964
2.534293
0.860074
6.211098
8.739443
1.126796
1.999116
8.866853
4.089434
8.006584
0.785369
6.308668
7.895455
1.086801
7.994192
0.295674
6.615690
0.323737
7.050708
4.831004
5.591595
6.373457
0.388005
4.959882
1.354668
2.714640
5.894794
9.961029
2.000601
8.001159
1.458936
2.681625
6.313432
4.230515
8.902156
5.790635
8.572296
1.543727
8.293154
2.060582
4.555394
7.014698
1.036074
9.410306
7.706695
2.937017
1.943497
7.293908
5.918834
0.838831
5.761400
5.478118
2.884901
3.209771
6.823776
2.870256
0.513197
2.758160
0.556888
1.579487
5.891401
5.069011
3.704769
2.507618
3.148967
0.670936
6.435372
9.261064
7.313716
5.550699
8.346410
1.964534
5.181670
6.839585
3.838522
8.285251
8.370142
5.091460
3.616340
6.952575
8.182579
9.333122
4.956762
9.320982
8.610938
3.702051
8.030141
7.252305
6.395262
3.685518
7.920764
3.757929
3.544146
1.248814
5.483550
1.711199
9.484980
6.883399
2.203925
9.650006
7.624272
3.426326
0.836574
1.024762
0.199964
0.961267
1.667446
9.357014
6.939644
4.014647
2.731908
6.237383
8.722002
0.519086
9.687037
2.178902
2.414786
8.187261
0.595595
1.369311
3.456658
8.386193
5.095007
1.015026
5.241208
7.917967
9.257955
8.398447
2.714617
0.507816
1.859149
4.650546
6.396572
7.894814
6.652521
0.709241
9.394991
4.134190
2.031316
3.895846
0.992465
0.986753
1.488193
2.477667
9.153931
8.938540
2.678368
2.038824
4.791601
3.630348
2.325465
6.850217
9.887919
0.662715
9.282405
7.909596
6.727459
5.101411
1.639592
4.065864
6.539073
8.024783
5.486139
8.870291
0.147308
6.657803
9.948479
1.495624
6.898283
4.732546
7.291311
7.679204
4.668694
3.060046
1.183740
3.381670
4.818929
6.533704
8.095062
9.332361
9.283960
0.182032
0.478705
3.992531
6.242446
5.828629
4.912806
6.248654
5.947443
6.769759
1.112976
7.861765
3.034540
0.999366
9.517377
1.536132
7.604283
9.921705
0.626525
4.756789
0.674165
6.966061
3.284443
4.148194
0.336423
6.925677
2.876222
9.315315
6.588261
7.540042
9.524981
5.224393
5.033564
1.276432
9.012651
7.053293
3.605368
7.289715
9.752593
9.333146
0.416354
4.159215
6.556049
9.310394
0.363499
5.716301
1.845741
5.586739
4.902988
5.764512
6.986048
4.560836
2.016656
2.877019
4.965194
5.175836
3.748856
6.136044
2.985890
2.899651
7.650556
4.768822
1.333657
4.624406
3.456514
8.615342
1.068127
6.715068
1.300618
2.136174
1.439355
9.224455
8.758027
4.894124
0.299171
5.398338
1.710420
6.150303
4.076188
0.130923
1.327405
3.908717
4.669600
8.974334
5.888968
2.851445
1.996060
5.631921
8.757197
2.630081
8.639910
0.425732
9.166854
6.541245
4.912661
9.624746
7.239976
9.598695
0.755937
5.149837
6.213303
8.584252
3.163659
6.883638
3.573085
5.344074
8.814800
5.987238
9.762053
4.149308
8.473289
6.433072
1.439299
4.478932
3.164890
9.304951
8.016876
9.734686
7.806157
5.102330
0.063547
2.801216
5.676176
9.061838
2.572467
8.258678
0.794292
0.192728
2.375831
6.185926
7.621928
0.574977
8.284462
7.663527
3.786939
6.827913
7.631227
8.426697
4.277873
1.252337
3.544655
0.121138
2.448154
9.125312
4.197763
4.023972
3.349275
4.344285
2.870184
5.925011
1.945517
8.234319
8.424168
4.619830
5.257183
6.590471
8.252884
4.356240
4.852896
4.184936
5.268621
4.756459
9.141461
7.712688
6.878607
5.815864
2.538417
1.872426
1.857085
6.179923
9.691348
6.619085
5.994201
4.143081
4.507631
2.946620
5.858045
4.907683
4.810541
5.547654
2.831119
5.896679
9.701735
9.810903
4.061426
1.218262
4.209584
2.488478
7.828173
6.536835
1.951955
4.953390
8.855136
4.038480
2.367308
8.806631
6.090700
6.571985
8.617318
9.611375
8.698774
6.338911
2.862256
7.370614
6.855993
3.018350
0.058415
4.255769
5.451708
0.736405
8.282838
0.805271
3.473759
0.282249
6.707576
9.470807
3.008192
1.092058
5.681826
8.970599
2.352987
1.987589
8.461303
8.717679
6.155002
1.538967
9.140301
2.260766
7.993149
3.892295
8.713774
4.304723
1.946155
7.840701
3.955843
7.579248
2.446655
7.927353
6.401295
4.740315
4.282209
9.833788
5.605479
2.285180
2.859278
2.417102
3.340803
7.295054
7.188402
9.838049
0.982952
3.392986
7.521498
1.585834
3.780418
7.192575
6.220988
1.597049
9.098975
6.228337
6.731844
2.389067
0.961936
7.128502
2.635169
8.426672
1.306300
6.446637
3.734587
2.304999
9.329674
8.167975
8.656032
7.001602
3.403920
8.568635
9.915951
7.793422
9.645739
8.530933
2.130020
2.142033
7.250581
7.600589
8.609432
6.117491
2.379206
1.606310
0.138659
8.040252
1.082791
4.984981
3.356853
5.371506
6.923248
5.933870
3.303624
3.247973
4.942532
9.622605
9.424984
0.446990
5.726664
2.808342
1.586503
8.037907
2.280633
4.285182
8.125377
9.489775
6.766387
6.378619
2.858062
4.542537
1.638849
4.905739
9.774343
8.924219
6.508455
3.576777
6.262184
2.390532
1.822562
5.543200
8.069846
5.118293
6.946231
4.802796
2.613849
8.900890
7.659739
0.680280
2.366697
9.951669
4.449903
7.190120
9.612858
3.975913
1.132489
1.518813
8.603864
2.357457
6.749460
2.218462
4.352418
4.482153
4.559274
7.801862
1.909621
1.451789
9.660204
2.041511
7.578227
5.859946
9.646706
0.516501
6.607872
3.235626
1.514623
9.543393
2.548801
6.358766
3.598429
7.411137
0.548682
1.631683
3.812694
6.169270
6.891988
2.080406
0.745267
2.790268
6.068670
6.674181
2.424326
1.858288
8.787103
2.972695
2.169170
5.802206
4.144095
8.117587
4.789739
9.967940
4.369424
9.655153
2.926268
7.217295
1.479316
6.861235
4.726819
2.180238
2.559611
8.266616
7.084292
6.176232
6.967669
1.218034
2.188737
5.912690
4.335301
6.059696
1.580802
6.900582
9.978312
7.729712
4.533162
4.838862
6.191685
0.079870
4.957674
6.023793
7.196147
7.078034
1.981572
5.356445
1.925517
3.285720
2.894677
6.598787
5.311246
3.653635
5.198793
0.429485
5.199812
6.288465
7.161352
5.584724
7.309154
0.065331
8.033928
0.663069
6.948626
9.686114
6.602627
0.482088
7.611909
0.554923
3.804475
1.976332
7.211719
2.463457
0.033688
0.828974
8.256980
7.143522
1.599939
2.695947
3.273869
8.586151
7.022900
3.851722
5.895669
8.661291
6.107750
6.514557
4.885691
6.624136
6.733309
7.893303
8.286960
1.913558
9.195367
1.493435
3.589837
6.311175
6.651423
1.011659
9.711648
5.096400
6.742202
5.731229
1.183533
8.038741
0.695872
8.664604
9.465703
4.973616
9.753359
7.637900
5.126605
3.346978
7.275316
7.570457
1.514985
8.393405
8.925262
3.365064
5.578500
4.581341
9.009066
8.930250
8.551719
8.353112
9.250826
8.307158
0.493731
1.641899
8.881088
3.632138
5.111326
8.218368
3.448074
7.977503
4.391519
6.828939
3.207590
9.004620
2.188389
4.462495
3.210108
8.442004
3.635667
6.346303
9.481286
0.613953
4.676557
2.024791
5.826097
2.854131
5.897902
8.496883
2.776735
9.953280
0.746360
1.668829
1.179884
2.712074
1.662953
6.812906
7.009683
9.123385
1.739481
0.982803
7.351015
6.396982
1.455041
1.693710
5.292023
9.019021
4.751279
9.067427
8.683111
9.076942
0.130782
9.042495
8.519988
6.845644
3.593710
8.941588
6.004968
0.106547
2.222153
4.113173
7.026505
6.741840
2.207141
2.510836
2.228920
6.027472
1.330865
5.493101
0.306536
0.075931
4.276117
2.235157
9.700594
7.433616
6.687774
1.780983
3.827234
0.745501
3.908994
9.231839
2.967721
5.922574
8.355792
2.790611
4.731280
4.313253
2.330651
0.753765
6.182058
3.560171
8.934283
8.737538
7.286633
8.705401
4.078040
8.520002
2.480917
1.677529
2.940114
7.978045
9.406320
1.526816
0.704191
3.562993
7.041740
1.245698
4.359076
3.681658
3.925534
2.111326
9.695431
8.505712
2.561983
3.504333
1.916231
3.437693
0.531804
9.186625
7.368751
3.908135
9.185310
6.881221
1.177820
8.086534
9.622155
5.720522
5.342188
6.957582
4.801111
3.441954
4.819716
7.198699
5.497701
8.916508
5.301963
9.932770
5.669434
0.870120
2.620743
1.766596
4.764150
6.709484
3.464574
5.211638
8.163568
8.347151
8.941289
3.161777
5.439392
6.868963
1.683070
0.294676
9.833826
3.111430
1.693565
0.931822
3.861324
2.779915
7.285281
9.193510
8.278691
6.038012
0.682477
7.451055
7.292902
3.562078
7.953849
2.077633
7.378798
5.935601
1.613585
7.644699
1.620516
2.942485
3.370596
1.545069
0.585976
1.212008
4.496525
2.262680
7.801967
0.543622
0.676413
1.681230
2.189710
7.632324
5.432379
3.326323
0.639859
7.784203
6.056377
6.537927
3.106811
8.151250
1.531120
2.141448
2.038537
8.036922
0.796879
1.554266
8.525337
5.291284
3.419063
6.378374
9.680270
7.991683
4.719116
8.361241
2.229146
0.860987
8.881828
3.568010
0.538266
0.677896
3.312121
3.062960
3.016699
8.072127
8.478855
5.247111
8.155015
1.296215
6.168569
1.730424
3.980990
8.276440
9.507514
9.497865
4.148719
9.869989
5.244029
2.586549
1.596857
3.043949
7.734951
6.806315
9.911071
5.019112
2.791059
6.632047
3.851464
2.967101
4.374196
6.313930
2.025228
7.692532
4.086880
3.845588
9.730624
8.589858
8.783585
4.164973
8.401655
3.067929
1.183549
5.358573
6.612136
1.082809
5.400040
3.440703
7.377460
4.094358
6.104883
7.622944
3.498682
7.529283
9.801767
6.447571
5.908131
9.042157
1.299457
2.179892
7.127340
3.795071
0.578895
5.441254
9.864017
6.059903
5.702199
5.435794
4.744675
8.823948
3.711483
4.872066
6.889988
9.637294
2.808153
8.416076
5.590901
2.477103
5.508095
2.018505
2.364185
0.990793
7.036398
8.254913
4.993945
9.284425
4.640872
2.132979
6.811110
0.714987
6.533082
8.647278
0.066230
4.442282
1.395090
6.350693
4.719200
6.510746
6.923101
2.620113
3.188650
2.846375
4.775217
2.248947
0.984794
0.144178
9.555763
2.235566
4.963222
6.135547
5.838331
2.225303
9.394104
4.587490
7.014234
4.329525
9.208871
1.294018
2.713017
5.568954
8.094811
6.527648
6.167289
9.671389
7.734047
8.209057
6.958060
3.215967
9.071963
5.185619
7.542934
8.664277
3.365765
0.217434
8.886732
1.695933
1.760002
7.067057
6.034285
1.375483
2.340466
3.520546
8.775844
0.487466
7.658697
8.588902
4.705763
0.359108
0.483746
9.315253
1.501643
1.511847
7.636851
5.255877
6.234294
5.107323
6.224598
2.732138
6.936732
8.525403
7.679044
8.679254
5.472991
0.393858
1.750360
3.938110
0.401655
3.146240
6.385561
1.412632
6.634227
3.931975
9.337739
8.435994
0.863173
2.543613
0.259263
7.081434
0.897786
0.486335
9.442942
3.903627
4.557291
9.653554
3.352024
0.931688
2.526845
4.056474
5.375797
7.544937
4.417634
4.529035
5.488454
8.395247
0.818488
0.812496
1.459227
3.912108
0.069097
6.004602
6.151351
2.995905
3.930985
3.599764
3.106186
6.259674
5.581825
0.056614
7.931286
1.813088
9.234004
8.958014
7.138834
4.798775
7.559791
0.992742
2.200581
5.280903
9.169811
7.624935
5.626935
0.506004
0.329635
5.159493
1.420305
9.873111
9.825931
6.574895
9.120978
6.437891
8.921803
4.083402
7.196994
2.046147
1.506113
1.011227
6.629034
0.036176
2.702445
9.477407
9.106030
5.655338
1.973802
1.277427
4.659077
1.907726
3.641452
2.724499
9.627186
8.177116
9.082152
0.302147
4.043039
4.105658
0.792253
5.425632
9.543913
5.234920
2.833807
5.080069
0.568703
3.067982
4.522386
9.714088
1.997007
7.158657
1.366962
5.350156
3.090353
9.742437
8.496819
4.721343
9.247169
0.577699
3.955326
4.327432
4.078046
8.251584
3.821053
1.746906
8.184814
3.363774
9.854783
1.960116
0.012267
5.387446
4.643208
8.555370
2.701210
1.436271
4.709754
8.409092
8.698828
8.145856
3.802035
0.583162
4.464310
7.346962
2.617385
1.259286
5.914314
7.998647
3.090312
3.457113
6.248031
8.603505
6.665412
8.819461
8.177398
2.668104
3.876092
6.982210
9.196487
2.155787
6.114559
7.834258
1.943396
1.068718
9.160066
1.988592
1.225527
2.919217
0.237901
0.134004
7.083470
4.012324
0.436422
3.032353
4.609901
1.124864
7.151971
3.881563
1.246105
9.636796
6.200331
8.407429
4.736771
6.001379
7.046596
7.107552
7.472729
1.492785
3.008765
7.503650
4.934451
6.495883
6.161453
3.941234
2.029110
9.479383
5.685200
8.385112
5.928561
2.066793
9.785266
7.737750
5.908199
6.915153
4.541572
5.482215
1.531221
6.028806
8.538703
9.994271
7.196654
9.405394
9.448157
4.218247
6.495688
6.199137
5.394624
1.960565
2.057832
5.958708
9.166480
9.217031
2.682095
8.081973
0.429112
8.436152
5.600852
2.854266
4.435357
5.847663
1.511276
5.704546
7.117635
5.020804
4.440490
4.270883
0.536589
3.483414
1.318284
4.489570
1.473988
0.704648
5.964564
0.399974
8.016973
6.708019
2.891560
2.750711
1.342625
1.976118
0.554786
7.833451
6.221366
3.195469
8.062165
8.233828
1.557782
2.340090
0.561757
9.720404
9.567252
2.457574
1.771988
8.029137
3.707904
9.849075
9.005555
2.450602
7.103681
0.906358
3.421898
3.090998
7.212387
2.860069
9.030633
2.265090
5.947046
5.625718
5.097164
9.197553
7.695891
2.409588
6.428494
9.215650
6.404830
1.048021
8.972897
0.448759
6.048861
9.473816
7.186519
1.321328
0.374260
2.419191
9.282359
9.824946
8.653316
2.047422
7.284458
9.262483
8.938685
4.246965
3.358791
0.043851
7.363209
2.666238
5.024135
9.704607
7.087020
1.791360
3.982487
5.995771
7.968731
1.712032
1.260106
8.018870
9.788067
1.400775
0.413536
8.158092
4.671402
1.874980
0.150872
4.218453
0.066760
9.179174
3.257446
8.909930
8.370922
7.855729
8.305349
4.648566
0.204123
1.413046
0.281598
6.113502
9.963769
2.984057
9.673841
2.678283
7.421375
0.863209
5.728113
9.100043
2.082279
3.440493
6.414233
5.114980
5.838622
4.183366
0.008745
2.498720
0.910591
5.310431
2.270466
9.008041
5.098081
3.631771
0.694929
0.110605
7.537644
7.198090
3.259173
2.890889
6.791466
7.812342
7.180874
6.970186
3.207067
0.419855
5.335194
4.723018
4.312799
0.664509
7.794913
4.175383
2.769438
6.961200
8.492477
3.657600
5.180947
7.885257
1.413066
4.302962
9.188235
5.035423
4.879837
5.768085
9.280259
9.148427
2.481151
2.097075
6.459063
4.946115
5.807282
6.942427
8.323922
5.895910
0.521303
3.182907
5.037469
2.274557
1.846903
1.886513
5.154055
1.807075
3.293359
3.964823
2.212759
3.139842
1.966791
0.731975
6.222796
3.054399
6.231034
2.493839
1.697262
5.153325
8.849416
8.140429
7.615622
5.089258
4.285338
5.832026
7.541599
6.472704
1.761674
7.569243
1.312962
9.415853
9.979177
4.154556
8.334887
0.813807
8.429741
6.332160
7.906381
1.220306
3.902420
8.541453
7.009365
1.827212
5.604967
2.958220
0.843584
2.725359
0.539541
1.980289
4.250057
3.395849
2.895767
4.045963
2.770362
4.129178
1.600272
7.200034
5.142543
5.666745
2.687428
9.505790
1.357295
4.574479
9.300201
9.083930
6.750184
3.775856
2.174566
0.526009
7.850852
8.505615
9.915662
7.671319
5.641807
0.907844
3.940597
3.599255
7.775930
3.553387
0.541087
8.435861
9.869665
9.172752
9.911442
2.360734
3.059173
8.451761
5.784891
2.012840
8.152927
9.500466
1.986223
4.850843
8.650561
6.423689
1.880532
6.787513
2.057702
3.542967
3.653629
6.247704
9.888366
6.937681
8.156659
6.222071
7.935317
3.321851
8.733158
6.448069
5.448834
8.386431
5.642211
2.438846
2.866014
1.554249
7.303635
6.785579
4.330958
7.091779
4.034212
3.704547
8.149330
0.383076
6.837487
8.451742
0.793810
6.919713
0.761645
8.805893
8.630307
6.204856
7.159656
7.382004
3.867954
0.669818
0.728667
2.760493
2.061235
6.334908
9.651038
2.658671
9.195505
9.777048
2.179594
1.849253
1.901918
4.009911
8.995584
4.157175
5.972591
3.165965
4.049839
7.200632
3.108679
1.332384
8.098160
8.225122
8.057820
6.052850
3.088674
4.179379
9.114818
7.700014
9.846361
2.507639
1.843410
6.177944
2.986276
5.668561
1.579455
3.498828
1.868849
0.116253
2.495941
9.050971
8.435462
0.825878
9.727393
5.014930
3.051752
6.377689
1.648362
1.453817
7.510596
5.334071
5.028668
8.058847
5.261078
9.956854
9.859935
8.921999
2.917902
2.720350
8.724930
7.290406
9.648618
2.985918
0.766912
1.386691
0.248453
8.023327
7.308863
6.683426
8.530516
9.141031
2.454417
8.059328
3.292208
7.299463
7.333987
9.151857
8.730481
4.407571
7.780044
2.906875
9.865934
5.436651
3.833889
9.918596
9.643447
9.381269
2.188955
1.180962
9.795656
4.234135
7.840409
7.706595
8.554853
3.547525
8.858473
4.763164
3.130143
5.357348
2.708645
6.496914
7.841615
4.698925
0.263760
3.093578
4.483130
7.048324
8.163318
1.136659
5.418265
9.109305
2.656988
6.343701
0.963902
8.972947
4.262670
3.726983
9.403946
9.125974
4.113863
1.925999
0.408342
8.063914
2.551445
4.396567
0.952001
0.166433
0.476654
3.099182
7.887490
5.926208
1.058707
4.539631
1.185137
6.242092
7.402818
0.309501
0.564431
4.691430
9.941040
2.842347
9.536933
2.595701
4.024745
7.185374
9.118659
9.398967
4.820502
4.107101
0.168803
5.119605
8.953056
3.231997
7.079929
1.824679
2.290342
2.809452
8.679042
4.923164
2.657421
5.947845
8.746702
9.243747
7.935740
2.267756
0.121443
9.991269
1.920407
4.907312
0.458183
1.544257
9.715615
2.193045
7.693262
7.306667
6.675576
9.677687
1.257432
9.524354
5.736396
4.386267
7.800401
6.410824
2.763127
5.850353
5.164243
2.497151
1.226610
9.923462
7.169345
8.451803
9.086347
1.403316
8.335917
6.346224
8.599696
5.622629
4.407466
5.708359
2.585913
9.722125
2.711679
8.944260
2.370419
0.262761
0.345555
2.692659
5.071166
7.192545
3.356723
7.965025
4.348038
4.887732
3.469687
8.291555
1.319535
5.649016
1.397401
8.588443
8.333884
9.117126
9.148726
8.334987
7.715323
6.295225
9.686446
4.870553
6.785954
8.131713
8.223940
6.192121
0.289213
9.960293
2.906891
7.625382
1.566065
2.109855
0.418273
6.498250
7.200286
4.799136
9.693360
0.463185
9.322828
2.794197
5.102726
0.638283
2.594844
2.950387
1.881524
8.256107
6.515216
2.035205
8.893874
0.169059
9.487731
2.249076
7.926366
4.512405
5.490533
3.121356
8.184304
5.361506
5.979407
2.655283
7.818807
1.645502
3.714296
6.962309
0.306056
4.703350
4.163637
9.995600
9.038534
9.849912
6.571480
5.827777
5.742243
3.802547
5.237125
6.656219
9.979127
8.997267
5.785828
7.649428
5.711769
5.225030
4.022625
3.035129
9.791809
6.360212
5.859331
6.458986
6.884944
4.506356
8.113826
0.535412
9.535548
5.093602
8.722732
0.352998
1.222674
9.516729
9.949944
8.568395
6.951814
7.830813
9.349771
7.656164
6.907502
2.300810
3.070679
4.704114
6.044669
0.907647
2.411386
3.413056
9.142469
8.230673
6.491498
2.617640
7.651700
9.142254
4.583869
2.290445
2.308311
4.594644
2.302014
7.285796
5.951207
5.391083
9.609377
1.494588
1.854456
8.507625
4.318408
9.376588
1.300402
0.519037
2.486279
2.885856
5.644426
0.530375
7.079920
2.113763
4.075180
4.123154
3.314695
3.959982
9.094243
5.555178
3.038252
9.894650
6.471288
7.909606
4.638172
1.944307
4.404488
1.206967
3.754671
2.798213
3.349005
2.875351
3.194648
4.824727
2.414483
8.428799
5.222177
0.568868
0.355664
9.448565
4.794261
8.876029
7.517078
4.895364
7.658872
0.894125
7.454170
4.657753
8.666870
9.114983
4.564728
2.655302
6.423477
8.302208
7.820416
8.965076
7.050853
6.310306
3.450560
0.374858
3.666210
1.725372
2.241888
3.677240
7.916593
3.926237
5.824523
2.177345
2.711509
0.429235
3.511413
3.498363
3.088552
0.260809
2.222814
7.003943
2.932095
8.436948
1.345592
2.272952
1.611539
8.421306
9.808369
1.134271
5.763298
2.944069
2.858851
4.615116
4.560816
5.021698
8.125990
8.362885
5.852932
0.313766
6.549927
4.468412
0.726816
0.237359
6.681647
3.632489
0.207787
6.102637
4.096910
0.192492
6.026339
4.781119
4.569823
2.217555
3.166498
3.074246
6.803167
7.362134
6.026183
0.902362
5.790975
2.796918
1.937412
6.543854
0.679585
3.567198
3.919114
6.288611
3.757367
7.054078
2.164911
3.068456
5.241484
4.954201
3.184334
2.801079
5.932886
8.847502
5.914072
2.686590
3.326034
6.086637
5.697563
8.367866
8.454664
5.663625
5.320140
7.674460
2.927436
8.974324
5.223847
3.303270
6.459249
3.105800
5.839924
3.197722
8.389064
9.986883
0.405385
0.517987
3.416224
5.017915
3.421908
6.930342
1.936574
8.690495
0.049910
7.043410
9.172250
9.556253
2.159647
6.404708
9.434395
6.921823
7.907435
3.847375
2.877430
5.284565
0.407190
1.940734
1.664412
1.413142
8.478816
2.437925
5.243944
6.474499
3.469061
8.423950
0.331132
4.898430
3.505996
1.538237
8.128342
8.238997
3.572058
3.879889
4.508605
1.595698
0.245850
0.939116
1.972619
4.360728
2.261682
5.142356
4.421221
3.294787
1.312427
9.027482
8.076165
2.302844
7.103159
8.706624
1.933945
0.587855
0.344083
3.975461
3.085622
9.940351
0.031121
1.910446
6.437966
0.039341
9.242126
4.701006
9.149628
9.701903
4.301704
9.806809
7.327736
2.163695
3.706028
7.970972
6.577582
0.679659
0.079638
0.887961
2.693412
8.037754
0.605201
4.641201
6.798459
1.321612
9.117516
5.169609
9.532268
0.369862
9.385310
2.680234
5.541801
2.094053
9.803888
2.099736
3.352604
6.689611
9.739815
7.005404
2.291879
8.856359
7.988323
5.567479
4.955224
8.495673
8.361734
3.535742
9.895895
2.551793
1.959907
0.239070
9.013909
8.545903
5.261003
3.485110
3.367500
1.707179
4.377831
7.380831
2.176799
0.557667
6.335709
5.208002
3.268539
3.726323
9.337504
6.514152
0.033583
0.702256
5.535007
9.834278
5.623905
4.285251
5.402060
4.246287
1.389452
9.683170
2.782088
0.354315
3.204698
9.576484
9.567675
9.017460
2.193710
5.558926
6.365083
2.346290
1.494012
4.346864
0.057339
0.933133
5.479791
7.564490
6.384196
8.060653
0.295792
7.558551
8.581279
3.732383
8.428608
0.898855
2.093963
8.043931
7.387072
0.034511
3.887324
8.664757
7.879167
0.985072
1.273570
8.521246
8.660664
2.869871
3.246377
2.393431
1.698938
9.885669
6.063741
7.105143
3.913407
7.971684
9.236182
8.982792
7.228056
6.739014
5.478155
0.596569
4.490072
6.387150
8.460298
0.017446
4.204290
3.525534
0.919990
9.182229
0.219489
9.679317
2.706323
5.720688
0.286748
9.634971
4.479637
1.951357
8.146912
7.874167
0.738651
6.771029
5.327813
6.046281
5.441528
4.487842
3.372189
2.478864
6.493769
3.979551
7.855462
1.888538
1.256763
8.479774
9.134892
2.772200
2.747469
8.582048
1.821634
6.526519
3.872523
3.923933
3.342246
8.238444
1.193178
2.932572
9.690101
1.292637
6.225054
8.579466
0.894386
2.408742
0.410413
2.964327
9.335623
6.175157
3.350922
2.101716
4.328823
2.311088
7.983568
8.335127
9.002780
9.707714
2.371272
9.305815
7.653960
4.996727
0.595498
3.847330
9.110271
7.641959
5.549683
8.467384
1.170489
6.885909
8.076832
1.288011
7.535126
5.666457
5.635150
7.055809
6.590289
6.354363
3.478613
7.827944
7.422375
5.533298
0.798981
7.861021
7.422455
6.964450
5.256700
6.604979
6.225843
7.884401
5.863614
4.294067
8.047544
1.706584
7.663902
6.637543
1.090532
4.318672
7.797775
5.742511
5.894778
5.043809
7.159536
3.221486
9.253567
6.903370
0.435645
2.285010
6.293847
1.223863
2.703401
9.287547
6.622385
3.428854
1.728134
4.647888
2.119580
3.589605
1.426540
7.280933
4.453210
7.397098
6.087765
6.678515
8.458019
2.639803
5.265259
4.108413
5.142558
8.156220
6.526880
5.479372
2.429860
6.445560
9.351370
9.554667
9.645173
8.464084
5.354010
8.197475
4.974323
0.056463
5.374279
0.059794
6.096417
1.155750
4.909441
4.845890
2.379890
1.860081
9.904106
9.688887
3.320144
2.288775
4.005575
5.794803
8.197818
8.645020
6.328233
5.516617
1.236758
0.734250
5.052335
9.804727
0.149794
8.925332
1.965842
6.948215
4.944243
5.036816
6.718785
2.351557
8.336758
2.038725
9.647661
1.240631
8.614784
4.337662
2.167787
3.541780
8.063549
4.233594
3.314377
0.949371
4.472033
3.942538
7.476212
8.796778
2.504344
1.531019
7.211936
4.885642
6.303307
8.552873
3.037110
2.302822
4.358700
4.643341
0.136292
9.650934
4.695112
0.672212
6.695938
1.075120
7.032628
8.109131
2.343719
8.675771
0.843646
3.786865
0.052769
8.941260
2.803742
5.811306
2.648435
4.605396
4.918505
5.826476
3.780390
0.829700
6.737472
4.235105
8.785598
0.183085
2.236691
4.072412
6.837625
8.732573
2.037452
9.120451
3.746720
6.490182
3.038996
0.043960
2.300131
2.300989
0.915016
1.753291
0.287083
5.343424
1.056224
3.296531
8.303409
0.418004
7.500586
7.040581
5.336317
6.875323
9.669434
3.600833
4.143138
9.533228
4.139265
0.988154
9.653390
9.889211
1.110605
2.549892
2.480118
5.655936
7.313159
4.546353
2.751134
8.424430
1.499789
9.376509
6.544912
9.411821
0.915918
1.607151
2.217362
1.120854
2.490050
2.922822
2.236323
0.602745
1.123464
3.920153
3.939864
5.389336
1.512024
9.755646
8.595112
8.859297
2.143323
2.236792
8.377389
8.853703
7.921267
3.020003
6.733706
0.031470
6.869411
4.200056
0.698293
9.032212
0.629525
2.237926
5.570215
5.077545
0.359006
3.479367
4.555496
7.033976
1.387865
5.555638
2.873537
2.224804
7.152322
1.255080
3.902599
4.957612
6.890912
7.762265
3.285232
7.825371
3.601895
0.421980
4.703911
1.980895
9.731935
1.757303
5.708725
7.979315
8.346208
8.091381
9.023509
0.328002
4.532695
6.127469
2.220335
6.949111
0.553354
1.775958
3.684399
1.865859
3.143542
7.338622
0.980820
4.457196
8.748874
9.187995
3.785016
7.542362
5.287038
8.921167
8.508897
5.664268
1.636917
7.895145
5.840652
7.355487
5.828810
7.362124
5.125317
1.542722
1.837332
2.610372
8.066828
0.410543
5.272295
1.889771
7.152369
5.237365
6.598749
4.832940
4.456034
8.113893
4.095337
2.915548
5.831474
3.617898
0.574395
2.223686
8.473536
6.872942
8.265543
1.802323
1.911631
5.859820
8.859023
0.293401
1.546163
8.842931
4.520208
2.070398
8.512048
5.283988
3.377739
2.186086
8.472901
1.925313
8.273103
8.619179
8.782003
0.637078
8.082115
0.776718
9.608212
9.410459
4.509583
7.919920
4.039971
9.227500
7.248697
3.728700
3.285741
8.363946
1.314690
0.954077
6.487381
2.238286
2.752481
4.264630
6.268224
3.176918
9.403651
7.339332
7.934037
9.074441
7.224595
8.053776
1.294709
1.863279
4.411028
8.313383
4.565231
7.242180
8.071985
9.211085
6.162209
1.743023
3.212548
1.205657
0.118192
9.714188
4.012349
3.683541
1.928059
8.522197
7.824841
2.367419
5.544080
3.549027
1.718776
5.844275
5.689027
2.542199
8.493873
0.007191
3.488438
3.654752
7.094414
4.288256
5.565752
3.845958
8.373428
6.870969
8.610361
5.848441
7.634912
1.227849
3.835572
6.132247
6.354899
2.340748
7.322814
2.369413
0.903847
4.452878
9.427964
5.572039
1.339785
6.141704
0.569356
7.055470
9.890450
4.834882
3.126556
2.858754
3.191926
1.365019
3.719089
7.610153
4.413575
0.475753
3.326703
5.628019
6.423171
1.368407
2.811596
4.567547
8.300701
6.538559
1.029463
0.970786
4.249554
1.427370
9.722632
7.911608
0.017782
0.381670
0.379836
4.560919
0.486585
1.079169
5.289137
4.946070
1.757467
2.024480
7.521295
0.396427
2.472201
3.057502
6.163195
8.806085
4.817123
8.199066
3.320784
1.454992
0.847982
0.741831
9.957979
2.811280
9.250869
7.586939
1.029085
8.529935
1.307317
5.364186
6.875595
8.757463
3.290565
7.716815
3.617270
7.849314
4.739550
1.101575
0.024035
0.642980
9.574331
9.241096
4.025359
0.529671
7.592133
9.898012
6.147503
5.849558
9.594205
3.230502
2.028445
7.882086
3.358674
9.072352
8.468584
2.076390
2.555838
4.956969
6.282643
6.158799
4.344430
1.474628
4.818490
5.602534
3.348334
4.527940
4.508432
9.643552
7.975009
8.951415
1.484030
2.999697
8.333476
9.016284
3.300328
8.022028
2.790340
6.232156
9.503369
9.837820
7.157908
4.165536
5.882271
1.961169
1.783598
5.881235
6.159386
2.156107
7.270019
6.602954
4.250454
8.772107
0.211616
8.680310
1.447443
1.498127
5.649245
5.730715
9.256814
4.655099
3.982674
6.576026
7.845001
3.933107
0.465791
4.277888
1.486926
6.846261
9.748477
1.258695
0.736492
7.613092
1.470725
5.103848
9.318506
9.299433
3.612752
5.082126
2.671014
6.661494
2.825606
5.969038
7.322276
6.859963
8.389066
5.087738
5.387078
2.659808
5.907667
3.956773
1.514117
2.183591
9.097543
1.731201
8.795225
4.591344
8.634007
7.741832
7.637945
9.633155
9.378079
4.312240
9.033618
2.694948
6.020259
3.422565
1.495854
4.376721
0.084524
2.457928
0.283538
5.129568
6.883504
8.154090
9.743320
7.190226
3.815724
2.121577
0.353042
4.302238
3.814721
8.995746
5.906799
8.088445
0.240732
6.923514
1.546849
1.683131
3.034547
1.745245
7.894604
4.954263
3.300598
5.670354
0.422383
6.521899
7.727161
3.171776
1.709144
8.114399
3.300870
2.567385
0.575130
3.507964
3.635835
5.402826
2.803767
2.361343
5.120803
4.933984
5.876225
3.543692
8.071271
7.196090
3.130744
6.027957
3.275659
4.190040
8.718954
6.336955
8.463345
7.588493
6.027556
6.936271
8.447471
3.261795
9.636909
1.925190
9.483944
9.775061
5.326372
9.593558
1.181705
4.359983
0.133756
9.969544
9.068534
8.813017
2.218570
4.279285
2.043922
5.290151
5.626379
1.413785
0.216710
8.282177
4.155570
8.389685
1.643212
0.924158
8.846055
4.052580
6.547647
9.145112
2.044358
6.724701
5.130961
3.967383
3.175328
2.512089
8.245719
3.742794
3.972472
7.011176
0.204986
6.286511
5.058650
2.882236
5.116811
3.939078
3.169119
1.067970
8.415712
2.340600
7.371886
8.641406
4.371601
9.692482
9.557520
8.320673
5.260770
3.232708
4.242638
6.725632
8.325267
0.087119
3.949278
9.953016
1.043905
5.538906
9.964062
3.040124
9.753544
4.921115
2.932714
0.872202
7.225677
9.617933
8.696694
3.581109
7.359715
6.210793
0.913271
0.408547
3.232312
4.967797
0.185986
6.624515
5.117094
5.681664
1.781585
8.099353
2.489673
1.035994
5.409656
5.183555
5.653737
9.517274
9.441842
6.119405
0.102943
0.571057
2.304121
0.084614
2.264658
0.753929
3.627240
5.132320
2.599063
2.722009
9.528373
1.602694
1.091097
3.714951
1.027902
2.801357
0.291206
2.758762
4.944173
4.573180
1.065834
9.110950
6.466445
5.688721
7.053568
5.041798
2.545055
4.788477
4.846745
1.587972
1.246832
9.151090
4.871695
0.978750
5.225249
0.687298
8.171839
8.142814
5.256696
6.537449
7.163363
2.840301
8.912235
7.320450
8.936452
3.053371
1.355064
2.568232
7.184718
8.245067
5.284057
1.379473
5.079653
7.728558
6.214864
6.041447
0.767143
4.922125
0.638733
9.687125
2.634820
9.807532
4.386578
1.104497
2.630493
6.688923
7.955261
7.777837
9.945299
5.251421
0.734716
9.767144
4.820101
5.475467
3.386371
0.804249
5.610734
1.541278
1.524302
3.033644
9.956413
1.989404
4.382139
9.240633
8.162259
0.372102
5.784316
0.848614
6.258229
0.998767
4.195604
4.414224
3.729357
0.330440
8.898207
9.080232
0.785814
4.303988
3.247654
4.933422
4.560022
2.935815
0.266906
2.924469
8.476337
1.680481
0.441196
7.108558
2.430420
9.812861
1.708815
4.659611
8.851513
2.477740
7.745013
9.144194
6.839848
7.612603
2.607397
7.569280
4.660679
2.444919
3.114346
4.825321
5.257666
3.328337
9.866136
9.425251
2.235076
7.796498
1.256362
9.653476
7.385178
5.675300
8.643500
7.901605
7.632133
1.460121
9.103587
3.717952
7.951731
6.872415
4.883139
6.087011
7.419906
0.286939
8.678832
1.389908
7.879739
2.838588
1.345638
0.591577
1.161971
