1.028508
6.323422
9.622633
5.670601
7.940386
5.986020
8.757000
1.130329
4.599394
6.248873
1.565526
0.269039
6.161225
2.441629
4.105392
1.222899
6.288955
0.879905
3.516577
9.915836
9.356111
2.026938
3.357744
3.168616
2.454150
9.467862
6.232466
1.386081
9.706751
9.541862
6.048281
4.517653
8.558033
9.501619
4.947032
7.487719
4.518814
7.167277
5.698936
9.912369
0.091509
3.300504
1.092477
3.538327
7.863794
1.515232
5.091133
8.443757
3.891453
1.848637
2.270529
0.405873
0.705265
1.676782
3.477072
7.357987
9.323849
7.136067
8.789411
6.986635
6.675279
7.519335
1.724742
4.888799
3.379527
2.730923
6.799608
9.009745
5.659054
8.195361
8.290215
8.150131
4.110641
3.488176
8.112817
2.018158
7.808119
4.861687
4.833685
7.835822
9.002996
5.935810
2.640198
5.616168
0.094857
8.465203
8.006960
3.759401
4.009804
8.524393
4.250710
7.441357
2.594306
5.635236
9.266681
1.733251
5.215416
9.193777
8.147999
3.216569
0.183789
1.773660
5.588418
0.329962
7.961746
4.216604
5.237800
9.322349
0.578141
7.632685
5.723349
7.510372
8.721104
6.771619
9.637243
7.878144
9.551432
6.969840
9.064031
7.106902
8.155317
7.251154
3.990681
2.324408
7.133156
8.141642
7.937600
4.200165
1.806318
8.179908
7.321419
2.626539
1.109987
4.031219
5.041133
8.892171
0.858811
4.682215
2.287274
1.261502
9.220756
6.423660
7.923584
9.525240
7.983533
8.772888
5.163407
3.267073
5.338305
0.580622
5.750419
2.579192
6.279914
8.963673
6.570712
8.085114
0.039821
9.413353
6.745965
0.064245
3.572521
4.446654
5.131024
1.699405
9.049677
3.560697
7.618972
7.239368
2.506649
2.491444
0.534927
2.244367
7.426614
2.357669
3.427413
5.259929
7.071697
0.391608
5.355004
9.211637
9.627489
3.668487
4.876845
8.165383
3.017857
1.362478
1.748474
8.228054
8.905468
2.090211
2.772283
7.251660
4.364748
2.605039
1.981030
5.718283
8.031068
6.468062
4.711008
8.056568
5.951454
1.975113
9.595945
9.949477
4.514584
5.855313
2.425267
2.392977
4.154864
5.285203
3.588681
4.627209
6.115833
4.598607
1.596039
5.027285
2.047125
2.433161
0.938953
3.911384
9.502065
7.588041
0.433278
5.477541
8.601745
8.170197
2.886523
6.707013
7.841475
1.465741
3.189654
2.406669
2.957139
8.650057
7.397578
2.901154
3.066664
9.052053
1.892357
3.735112
2.184039
1.108113
9.177908
0.340812
8.231893
1.890478
8.492982
5.089778
2.826052
4.445147
6.179343
3.403544
3.496725
4.265604
0.995999
7.124200
7.399473
8.596698
8.162235
3.112523
4.338031
8.067020
6.690491
4.244132
6.543356
7.198366
7.966327
0.939703
5.083494
0.193391
2.594699
8.432929
9.536722
6.171478
8.239040
7.529072
8.108102
4.419906
8.499414
5.126387
0.397584
9.039210
9.615578
9.719622
0.375610
0.081828
6.519381
6.233456
9.806046
3.685888
1.044433
0.298944
0.207989
4.573925
7.978046
6.958416
8.338940
7.724916
5.015204
1.535604
9.597192
6.407868
7.180962
7.677175
3.112625
6.436250
5.782664
8.647161
9.565351
2.608618
9.376356
2.018260
9.395336
3.154613
7.423080
3.899327
3.833005
0.681642
6.534177
2.792727
1.598961
0.078899
2.410107
2.674955
7.561238
1.457249
1.030130
6.704629
3.811578
5.237154
8.116353
4.418732
6.467174
7.241414
8.820959
2.155061
2.690566
9.129183
7.284806
6.893394
8.879775
1.556473
3.189620
1.281080
3.426163
0.458952
5.691988
8.855700
2.470585
9.474201
7.388012
8.129611
7.279953
9.060863
5.277605
5.526546
5.077038
7.734493
0.560582
6.274032
9.295233
2.459459
1.172095
8.289545
0.056162
9.859928
9.008393
1.097823
8.132182
4.528239
3.378772
3.858306
3.669226
4.649523
2.001513
6.540049
1.410637
7.843918
3.772347
2.954704
4.328356
0.919500
5.931233
2.694891
7.131344
5.354813
6.726912
7.850565
3.344019
9.714945
3.166205
3.695683
2.376572
4.476073
6.958956
4.505912
8.256631
4.151657
0.515407
0.447378
4.619772
6.500897
0.873395
0.800668
6.364282
2.169473
1.995722
8.365637
2.479772
0.720147
0.237599
2.711107
3.599422
0.925721
0.810320
5.154334
5.193118
8.278463
0.780531
9.232126
0.280844
7.468779
0.732990
8.692971
1.912134
5.464069
4.654478
5.864592
9.071582
6.245769
2.580926
6.446485
4.482784
3.428467
0.843569
8.645168
9.295032
1.518465
3.490052
7.629843
4.155288
2.599958
4.660743
9.874406
6.122190
6.570525
4.692454
2.586426
8.364870
2.277521
6.795353
5.807140
1.712652
7.821565
5.094240
9.668924
4.461977
9.689797
1.219828
0.170811
4.754490
3.808837
3.463439
1.694279
8.935781
4.759148
7.200845
7.731868
0.656456
7.403972
1.067348
1.681730
0.457439
2.108414
3.401263
4.591976
0.720708
3.985566
0.248899
8.458338
9.608132
5.896820
8.134052
4.410315
4.298287
0.064439
4.886382
3.181146
3.511187
8.779538
5.701228
9.742241
1.824843
9.676914
1.245291
8.179914
0.070637
6.873153
6.386318
2.101151
9.165627
6.278202
4.729292
9.509346
2.895343
9.840944
5.288993
1.094134
6.060001
3.889912
8.667735
0.386390
1.846977
1.136536
2.432359
6.850318
8.146346
0.472926
3.332122
2.176156
6.671635
4.365066
8.316934
3.572714
3.325490
0.613612
5.904162
9.763906
5.802772
1.713842
4.120158
0.478486
1.908777
7.923322
0.371281
8.850972
4.977612
8.263743
3.652356
3.419084
1.944729
6.668036
0.658178
4.679710
0.322300
9.819652
4.676135
8.504692
9.486727
8.032914
7.683424
5.384881
9.590538
9.924051
2.425226
5.348628
5.691407
5.509481
9.560804
9.746734
5.992526
0.754488
8.926158
0.025706
6.296189
0.242007
4.397489
2.373770
5.325818
0.553132
8.617043
1.548368
2.164394
1.385834
4.622831
3.048937
4.536961
5.080409
3.946107
9.412756
7.470490
3.093280
7.015867
0.995414
3.205082
9.466069
5.372608
7.104291
9.187574
5.279560
2.164405
4.863132
2.611361
9.890070
1.858068
9.921564
5.739696
9.685539
5.404218
1.870159
3.475808
8.729886
8.995470
9.514845
9.456328
2.445951
1.555836
7.814477
4.421257
7.790799
5.532554
2.051887
7.065634
7.765036
5.576194
9.488054
8.919018
7.187032
9.733911
5.742076
1.741881
1.498669
0.461698
6.897685
5.036504
0.213431
9.227332
1.136995
8.587635
0.005420
7.325839
1.724849
6.294025
2.420545
2.174740
8.361669
6.448539
4.798950
5.284033
6.804818
0.537412
4.952899
1.379212
9.013676
5.902954
0.469531
3.354626
5.704164
9.747398
3.455222
4.679346
1.209530
1.363228
0.374497
9.118580
3.444881
1.219414
0.927950
1.608114
9.791930
0.759663
7.354308
5.697115
7.332007
0.937157
1.524625
3.133039
1.857346
8.144447
0.687178
9.913393
0.582481
5.745812
4.144665
3.954787
5.088591
5.103714
5.986261
1.052056
5.562329
4.538797
4.549095
2.063844
9.467999
3.998806
7.543104
2.638772
6.920538
8.612503
1.261150
9.555018
4.650333
6.304084
8.271989
4.319887
9.747622
3.167077
5.186858
5.529791
5.966483
0.569845
0.024683
8.446455
7.614068
9.721657
7.321200
8.746876
1.768611
5.711147
8.100900
6.622038
4.315331
7.264353
0.967392
5.908190
9.298985
2.909889
3.337165
1.083784
4.270739
0.913483
3.186614
7.038219
4.444346
0.572274
8.520509
0.472957
5.905769
4.797867
7.150197
8.405004
8.418498
3.028724
2.569488
3.836287
6.361577
4.720523
4.528170
6.774332
8.970562
7.673451
3.873594
7.074522
2.924490
7.910608
3.535801
3.300848
3.975252
7.163698
9.329526
0.932344
9.938193
3.621100
7.707665
4.518404
0.994438
8.276059
8.897976
3.784136
1.026730
8.473940
9.005162
4.358650
0.133902
9.657721
9.703795
2.508794
3.751762
6.069746
3.772355
8.065852
2.797354
9.952141
6.729509
3.932089
8.650038
2.229453
1.839871
7.588488
4.448329
6.795586
2.122371
7.325799
2.768243
0.782874
0.984826
1.659595
8.656920
7.887182
1.028236
8.349100
4.779160
8.424584
0.952767
1.863904
9.397671
6.159921
9.978305
4.316406
6.322431
3.762878
0.097466
4.644906
4.956598
2.608094
7.324778
8.183535
3.494346
9.289161
8.965307
3.723615
7.718675
3.646189
9.914227
6.043079
7.083795
4.838319
5.997346
3.242816
7.136670
9.629670
9.525105
2.439003
2.184417
9.553028
1.797537
9.257744
7.492309
9.202294
5.388062
0.093032
8.395765
8.704627
7.233206
4.591292
5.617891
8.760840
0.826289
3.568536
7.262472
6.405374
7.621322
7.585798
2.238827
2.233535
0.019945
1.562659
1.993298
8.138676
7.085898
9.470134
7.821010
5.319960
2.021899
7.669116
4.675138
1.465202
7.367170
7.892086
3.893856
1.164266
9.111465
2.618210
6.925576
4.443645
1.861192
5.924716
0.023898
0.904057
0.522380
4.531618
7.113630
8.381203
5.224912
8.389094
5.766450
4.689400
1.294561
3.629647
5.572046
9.080499
5.936864
1.945573
3.556820
9.314698
6.644007
0.325862
2.525401
6.595878
1.007107
6.058433
7.431881
2.099663
0.779850
8.014710
1.083745
3.716002
7.761726
9.919139
2.266878
8.725755
2.892027
6.503912
0.317334
7.973802
2.758814
7.614628
1.724833
8.044144
5.669311
7.410550
0.011787
1.643012
2.628765
8.601974
7.235440
6.149295
2.722415
2.543610
5.979100
3.450083
8.070760
5.448567
0.200885
5.053388
0.779947
1.810736
2.111806
7.838253
2.879914
9.109859
5.789455
9.970757
8.088563
7.760661
5.651093
9.393702
2.168770
2.448632
2.084427
4.407027
7.574995
9.560409
0.759369
4.433861
4.205214
5.771782
0.118453
0.108074
4.049238
6.946418
1.291481
6.306993
9.149997
6.619145
2.267168
6.728647
9.189688
1.232840
4.685583
8.290718
4.502962
1.219241
4.371017
5.754779
2.364082
3.939352
7.862680
2.927514
2.612286
4.096797
3.050385
3.892425
6.069692
0.452836
5.445122
3.318792
3.274410
1.723967
9.979935
0.930812
2.563802
1.546882
6.014556
6.159022
7.946092
1.720936
3.707918
8.492529
1.020869
9.251720
7.552127
1.736054
0.175017
1.414743
9.219341
0.366151
3.251183
0.767220
0.315062
2.718636
7.216825
8.651400
7.142998
6.718597
6.416336
5.407981
5.790166
7.417353
7.826859
0.610837
7.933822
2.143113
1.047631
0.132882
4.518750
1.657278
2.200632
1.655969
4.280024
9.561299
3.136085
9.331076
9.810357
1.181780
8.249319
1.788489
1.874818
2.750420
5.170512
5.513406
0.281735
2.368812
7.137806
6.338161
4.269495
9.818458
0.985856
7.621703
8.513403
9.627657
6.999304
8.971702
9.513359
7.230485
5.615086
2.137648
2.979276
5.519291
6.882578
7.037032
4.060348
3.329287
3.480933
4.807708
9.841254
2.256001
0.005632
7.938548
2.233145
2.351288
8.918193
1.234575
0.397139
8.685464
2.137930
6.441033
7.885822
3.359537
5.370766
2.531116
1.439267
8.387754
2.195973
9.040043
9.768730
6.875291
7.052623
5.175564
2.349588
9.306657
7.644134
2.559923
7.787463
0.306243
4.583744
8.579269
2.470556
5.432899
6.832139
0.636700
9.410221
1.659921
6.702052
4.905637
5.815437
4.952334
4.325987
2.971942
3.901897
8.283746
4.261533
4.834459
9.240781
2.560090
4.855769
5.215183
9.614128
7.006582
7.209014
0.853122
0.506599
7.054869
7.943620
7.960234
1.176999
3.578239
6.194582
8.162833
9.538127
2.013085
8.761242
8.449066
3.979764
8.370868
7.973363
4.674870
6.679798
6.388576
3.615735
7.952408
1.365817
4.111524
2.840443
3.944138
2.946881
8.022218
5.572307
8.111666
2.442715
6.058386
1.968697
5.908175
7.695505
1.874116
7.403838
6.411510
0.919885
7.488263
8.476078
4.022857
2.242678
5.525085
8.852509
4.479766
2.459935
1.708277
2.239945
8.374851
0.757010
8.007010
2.140608
6.270538
7.131224
1.384407
3.121044
9.149741
0.327335
7.733024
6.815360
5.229331
5.557099
8.354194
6.495091
8.762190
8.589418
9.927045
5.235356
5.969506
7.891826
7.216768
0.912266
2.535263
0.178536
3.525627
5.496279
6.061225
7.622700
9.360150
0.779149
0.511066
9.845209
3.938050
1.167386
7.535899
1.729574
3.837993
5.336300
5.379689
7.522701
0.091456
6.110281
4.672870
9.503671
5.905779
7.957584
7.116592
9.563434
7.674325
9.491300
6.138006
1.150646
6.642388
5.599750
0.914784
6.352285
4.144207
8.452229
9.929690
1.949668
1.625884
8.486938
2.201108
7.060801
0.199275
4.868617
6.705809
5.613823
6.387336
9.632804
4.136828
5.602947
6.664198
4.450393
1.728371
9.267056
3.805749
3.293721
7.596696
3.947283
5.591469
7.442920
0.782943
2.134683
9.487165
0.048557
4.878981
5.234981
4.324588
9.129672
3.988153
9.738724
7.445657
7.957210
4.727654
5.184274
8.699937
8.569207
7.350706
5.545786
6.616075
2.550619
9.699843
8.568920
8.875208
9.138204
3.560186
4.012653
7.381168
2.836379
8.922209
0.677108
2.347670
6.029411
9.844115
9.885862
1.676069
1.306974
0.853614
7.881255
9.847116
5.056850
5.132352
2.238594
3.811872
5.665847
0.994338
7.996733
2.188317
1.820734
9.329995
9.944932
1.962305
4.079096
5.087754
1.930453
2.306363
2.586505
2.300853
8.072170
4.420699
2.194839
5.940591
2.394236
5.362160
6.618872
2.942048
7.932966
4.077600
1.402914
7.880581
6.512219
6.818921
7.599634
6.273522
6.321696
8.372629
6.985397
0.528138
9.959293
0.429395
3.713623
9.914775
8.649804
4.906990
1.988158
8.189883
5.304638
7.777528
8.830812
9.811983
7.431454
8.798595
8.763375
3.505346
3.169229
5.543292
0.190185
3.411331
8.137208
6.160520
7.542809
0.074528
1.073521
3.937927
1.098209
1.716300
8.892262
6.687041
9.987290
0.855374
1.626809
1.100868
8.854184
0.872629
9.349471
1.270074
1.206477
2.939346
6.369245
3.939377
7.706210
0.529554
8.209503
6.614698
7.788772
1.902792
1.252323
4.070369
0.697743
0.596913
5.036788
8.464911
8.863739
0.746987
0.924143
8.558652
8.828492
8.051819
3.620869
2.201849
1.164306
5.952067
8.326571
2.541532
2.084227
9.247689
4.336656
6.994894
4.639893
8.742301
3.246529
5.279548
4.571585
3.896070
5.660346
4.933422
9.865936
5.008221
9.891396
5.676928
0.981011
9.153930
9.892390
0.343607
0.597746
5.253598
6.367257
9.894657
2.717374
8.920458
9.160522
2.690723
7.492246
7.767916
9.881667
6.080336
5.858953
9.817080
6.970747
3.125876
7.873191
4.368798
8.265356
3.424666
7.812114
2.327861
6.164536
4.824151
8.835354
2.609683
4.391818
0.966859
1.398187
4.063731
6.298577
7.381679
6.787714
9.101592
3.464504
8.695833
3.574053
7.405112
2.157613
1.112785
3.584525
0.348044
9.707705
3.925808
2.940494
8.496868
5.172968
5.095903
2.771705
5.521677
1.969574
9.105263
5.549761
0.949609
4.728519
6.727813
6.576235
0.421591
2.866978
8.102315
5.324092
3.963914
0.599191
6.734748
7.118148
4.332980
7.553589
8.056338
4.502739
7.696573
8.587241
6.867145
8.962934
3.769677
6.003355
0.616261
5.751718
6.584824
3.995828
2.853414
4.689801
0.498224
1.561439
7.059201
2.210208
8.095274
6.798471
3.366489
9.856901
9.251343
3.156485
4.822812
6.761685
5.101024
8.535582
2.233224
8.295358
0.097803
2.808873
8.954907
3.051685
3.997858
8.890019
4.789679
0.422896
6.424215
8.125945
4.862685
7.722035
6.445213
4.950605
0.015776
9.745452
7.297679
7.171339
3.879525
5.822113
0.780399
5.785576
9.968011
6.146266
8.702875
9.004681
3.026813
7.361690
8.694812
1.744173
5.549621
4.087203
2.977579
3.748594
8.947132
7.651871
1.574944
4.949841
4.218055
8.190971
4.873854
3.668694
1.642294
5.854099
3.287033
3.510124
2.023321
6.618081
7.839774
8.223633
8.214315
8.333310
3.596296
0.608932
2.630417
0.417012
0.129163
7.297897
0.148092
2.141484
6.438479
1.225056
6.948167
5.467765
8.407004
5.273011
0.137544
4.754504
5.812385
0.593989
2.778240
7.105412
4.155313
2.907207
3.694546
3.339583
3.543734
2.158213
6.861248
6.626101
8.202119
9.634961
8.425076
3.596553
5.597324
6.279114
6.046324
8.011737
5.089445
7.502385
1.389040
7.289648
4.852205
4.016587
2.684211
0.672767
3.366764
8.195445
3.690845
5.515189
5.114786
5.103709
0.510258
9.217764
6.146202
9.765523
1.733753
3.101361
8.733260
4.829676
6.762856
7.281185
2.532320
3.485880
0.851936
5.244961
2.416961
8.365576
0.467596
4.254269
9.973299
3.143052
7.896487
7.727899
5.454619
3.035476
8.682723
1.875222
6.525232
7.736044
4.609168
8.310036
7.696598
1.422649
4.875059
4.137542
2.051294
2.208049
7.348195
4.755137
6.681306
0.476467
6.182674
8.488682
7.244413
3.429889
9.475215
3.914504
7.254326
3.891715
3.816662
0.991048
3.028461
5.596344
9.971511
1.118613
0.790217
9.768798
4.871340
8.269586
8.387643
8.782071
1.387694
1.935986
6.118340
2.866449
0.118816
4.092910
2.374192
2.298324
4.019686
6.276309
2.278975
0.705544
8.942949
0.491763
2.304766
5.812287
7.326390
5.622650
6.164159
3.076225
1.054775
3.469074
5.858846
5.903616
3.554795
7.220992
1.313003
2.414498
9.146010
7.763353
0.237970
1.099667
3.271636
6.465914
5.191417
2.871630
5.062296
0.905304
7.297305
0.995328
5.096861
7.409730
7.461877
5.305740
5.889434
9.775326
6.468303
4.437088
5.704532
4.982196
5.622727
1.756067
7.103046
0.896629
5.135793
6.308291
6.301314
8.049756
2.944645
7.067409
0.297701
7.530708
6.300172
2.447743
0.080097
2.521963
0.711439
0.147493
1.985761
9.825282
3.270653
7.462844
1.748008
3.435213
4.649848
2.951946
4.758592
0.115676
2.069148
8.991995
0.745827
8.775616
9.551262
5.450169
6.594276
3.276819
9.339888
6.450210
6.305580
3.197852
3.467864
6.163126
6.673482
5.146260
5.993579
0.419012
1.005945
2.695867
3.281018
8.676407
7.955255
1.250989
0.486240
4.535973
9.783502
4.794775
0.324062
0.805927
4.079195
4.162595
1.536303
2.923365
3.200044
2.286861
8.522681
2.296086
9.320808
6.982811
3.213605
0.652547
0.832456
7.659789
2.227013
1.921831
1.158470
1.849043
1.885352
9.699684
3.741741
9.126108
2.625023
7.129063
4.327290
8.910161
8.864634
0.388584
7.647366
6.128474
6.551014
3.068842
9.775663
3.960140
7.972101
9.942477
0.963588
5.382705
3.311014
9.333023
3.247495
3.038166
0.231606
8.469260
2.633017
8.989670
3.488763
1.738409
4.004893
8.695074
0.499304
0.310194
3.453718
2.362348
7.223695
1.062432
8.500360
0.073652
6.547740
3.960115
7.768293
5.594894
1.610159
6.529824
3.918836
2.750586
5.709142
9.362913
6.718950
7.580358
7.767633
7.796915
8.065253
3.595277
5.165101
3.183647
0.133956
8.762437
5.312516
7.338179
2.279909
9.144159
5.132669
4.939955
4.761832
2.508310
4.190168
3.070861
1.389452
9.944157
0.272410
8.894242
8.995934
2.248727
5.659818
2.487040
5.898539
3.288095
8.710865
2.756243
0.069518
3.667791
5.420879
3.853397
8.369047
5.362929
3.686199
7.045178
5.492682
7.327745
2.531802
2.746378
3.062479
4.340079
3.340141
2.331414
1.833948
5.961998
0.039869
9.587749
1.509613
8.232769
3.604661
4.387748
6.521865
7.986067
3.624908
4.971268
1.253260
4.358780
4.299579
4.861896
9.774185
9.378313
4.942350
4.138655
5.631627
1.743640
4.519884
2.501498
6.736375
8.370973
2.030041
9.517099
1.632648
4.952316
2.346594
9.261926
3.411558
7.890021
1.562557
5.776075
3.202663
7.700302
9.896253
6.597836
9.026901
7.636303
9.674129
5.626711
4.771593
4.318213
4.193127
6.540970
0.177012
1.678935
6.161760
1.210855
3.189707
4.119218
1.593145
5.858585
9.638122
6.726910
6.369669
5.079773
1.386436
0.377747
6.447284
8.682994
4.647234
6.628035
7.092029
5.901159
1.931725
3.191231
2.321812
4.068418
0.672692
0.043388
1.526008
8.926732
3.020006
3.969945
2.163202
9.240444
5.474722
4.905685
4.449044
5.090009
3.244847
2.327028
3.283664
6.910090
6.512631
9.679850
5.897466
8.483406
8.644059
9.662903
2.240495
7.427730
8.115936
6.889308
0.166203
8.704986
8.646369
0.689183
8.095775
8.995269
2.169430
5.761835
6.818627
1.176751
9.854455
9.220500
9.173940
8.221966
9.714526
3.782052
5.623747
2.341057
8.774200
0.818794
0.667140
8.345185
1.241110
6.276952
8.779498
9.632537
4.548264
4.398898
6.777575
1.926458
2.048437
7.655708
1.008264
2.129900
3.321022
1.888880
5.972215
8.032874
2.689644
0.332364
8.736612
7.568465
9.903467
5.849282
4.369494
5.693839
1.978798
3.742218
5.708697
1.428774
0.408893
0.708602
4.926343
8.945795
5.947544
7.796974
2.819214
4.817124
5.107615
8.852887
6.957594
1.116807
0.491327
0.379993
1.163686
1.416423
4.436675
4.977566
6.187201
7.284917
4.253410
0.904231
3.857286
6.742160
9.612402
3.959280
9.808459
5.465065
8.779945
4.904635
1.268149
2.518440
6.466832
8.051875
3.124222
7.495939
7.113120
5.068059
6.166652
5.171809
5.406178
2.082679
1.647899
1.483544
1.280859
1.940088
8.166541
2.923383
4.082026
0.968410
6.032990
5.671901
7.536582
0.812016
9.074053
2.419062
6.084121
7.695130
0.121013
1.751981
4.860512
3.337239
0.675283
5.342525
5.520335
3.384634
5.947163
7.649782
9.365530
8.546890
7.794043
8.369873
4.128331
9.041486
0.687980
8.805152
1.760192
2.938344
5.486266
4.348543
3.853492
4.583549
1.788975
6.860610
3.502500
9.258112
0.563037
1.054175
4.720701
6.168135
5.155085
3.962354
1.875961
8.422705
7.704647
0.342769
7.959085
4.344309
5.161738
8.870492
3.905719
9.838097
9.758059
1.652902
4.697268
0.923894
4.631382
0.541160
4.797138
9.851815
9.284895
4.929373
1.979353
8.333748
7.996106
6.366838
5.691807
5.329938
0.778290
7.650613
0.615139
1.777051
6.125641
1.244841
0.705911
9.361197
4.109926
5.785517
0.874487
6.981914
1.214893
1.439131
1.683648
4.082510
0.952961
4.358025
6.745367
2.661070
6.524741
7.466356
6.517629
4.828818
4.894190
3.398200
3.477124
2.260350
3.723344
6.104933
8.061324
4.142684
8.417399
0.879439
6.293427
3.378156
6.540479
0.077116
6.608217
9.653394
2.509722
4.549379
8.664211
1.626786
2.550772
8.487112
8.054404
0.791675
2.223071
5.141655
9.377743
8.697382
3.256917
7.538469
8.532346
2.790168
5.791309
7.064438
6.439076
2.780036
9.040307
7.262918
9.663013
6.968571
0.420466
0.914120
5.020603
7.978983
6.407728
5.963422
2.757157
7.037179
5.857776
5.928013
4.282146
4.139649
7.164593
8.873076
4.663017
7.767303
1.376425
7.164736
3.080172
2.962088
1.941365
4.405220
9.829466
6.284318
5.233683
0.537445
3.674344
6.630193
7.144924
8.897112
3.687745
6.701435
5.514789
1.552287
1.203800
6.915162
8.113684
6.545105
0.518469
4.670215
5.854400
1.443304
6.076938
2.527338
8.748218
1.056389
7.305605
6.975290
0.709480
7.349804
6.369818
8.691347
6.539030
1.066672
0.324248
9.363849
8.727049
9.214615
9.900678
8.773756
4.183462
0.210266
1.237455
7.025113
5.696649
5.525272
8.174728
7.296787
8.608460
5.186618
3.423672
7.646630
4.452553
0.078998
4.847351
1.880265
3.651518
3.344611
5.666358
2.339882
9.423415
3.878749
3.899119
1.567705
7.505672
8.891943
2.844045
7.990114
2.777561
4.755530
7.178082
5.628367
7.060844
4.562657
9.739020
9.958340
8.025469
8.706205
9.614437
6.642766
9.543971
2.248265
8.631021
9.982015
3.354785
2.442442
7.449839
3.687733
7.373271
2.391407
5.707466
0.998288
0.204402
1.898650
4.650649
9.500304
5.963398
3.091578
9.271318
4.298346
4.926793
3.699985
2.807922
2.880443
7.949707
0.639264
1.385356
1.449381
9.503333
0.616143
9.995862
6.585421
7.518871
6.619226
3.315002
3.890561
8.258463
7.458313
3.286402
9.408689
2.323536
1.426690
0.438165
5.120341
9.278376
6.638278
9.648892
5.865439
1.118403
5.910919
8.102582
8.848725
2.981657
5.801341
2.687196
4.785344
8.861701
4.200203
6.938287
2.510688
1.907564
3.582217
8.080702
5.288812
0.168602
1.120717
2.293349
7.671066
2.899759
5.712129
9.236122
4.201989
6.945005
0.281613
5.517497
9.993692
6.163695
9.771168
2.215250
2.942896
4.819258
1.090963
0.360758
6.934021
6.116292
0.593589
7.641508
4.371095
9.046389
1.303224
1.925031
2.723264
9.939868
4.926493
9.110442
4.591568
1.597987
2.752628
3.267958
7.506660
1.406651
7.967732
2.393178
9.575594
1.941374
9.667472
7.452052
5.493378
8.212868
2.353639
5.454974
7.639163
6.182002
8.319206
7.827489
0.068410
9.216789
6.583015
0.491152
4.935255
6.007627
6.942189
5.751869
7.473748
2.899253
6.895387
5.176152
5.857997
5.437788
5.737694
2.918871
4.658180
9.738127
5.106171
4.086055
3.141172
2.428536
8.041092
8.583124
7.349889
2.153223
9.488255
0.194889
3.121086
3.652687
4.303350
1.535554
2.458386
8.737849
7.689425
6.565801
2.402858
9.156852
7.530463
2.152665
9.605697
7.801400
1.388851
2.569423
2.906348
7.430143
3.630371
7.642732
6.272315
6.417692
9.655238
0.977971
8.067419
5.104352
4.991043
6.343625
0.964420
7.976959
2.419366
8.153342
8.213421
9.480916
9.563728
1.005692
2.667592
8.670210
3.367385
9.715788
8.914894
0.748718
9.193264
0.500756
8.365342
6.839130
8.575003
3.539688
1.221087
3.818022
9.062704
3.410759
2.533499
1.695204
7.446914
9.764587
8.463952
0.682871
0.814196
2.775118
8.025699
3.005641
4.361152
1.819697
8.398574
1.640994
8.897775
0.259922
2.025071
8.600488
7.812046
9.023641
8.159998
1.377704
1.550563
2.823015
7.192747
9.613670
3.071731
5.443336
6.050571
8.036059
1.032826
8.241472
6.421602
5.953336
7.191728
7.442103
1.904126
4.425845
9.428584
3.818152
1.489543
3.305868
8.974871
2.510115
3.278203
6.911068
4.339927
5.969259
8.473902
1.833102
0.807286
3.985646
0.316931
8.350243
8.053874
2.486077
3.310712
9.942044
1.819696
2.104244
0.494929
6.542388
2.588212
7.408629
3.744025
1.516001
6.716459
1.308475
0.987818
5.321531
4.532912
7.466978
5.692408
1.408945
7.061581
0.360186
4.463059
8.443724
1.815162
5.455364
4.684346
4.136666
0.628547
2.843131
2.978424
2.102693
6.764066
0.356151
0.803459
5.577811
3.487709
8.298662
2.730102
2.243031
0.030848
4.819689
1.006009
4.853146
2.981583
0.812929
5.210860
7.498149
3.062682
4.635583
8.788777
5.116891
4.356276
8.023180
7.426053
5.022182
0.731099
3.072144
4.557124
9.691589
7.039463
7.540477
7.928755
8.950519
7.285504
4.710362
1.280716
1.068230
9.112540
4.401372
7.917077
3.152736
8.555153
4.638866
0.643728
6.915982
6.393610
8.624807
6.805564
8.564241
7.122649
8.310666
7.833220
6.419184
7.342306
1.608618
8.543013
3.491567
4.773066
0.612205
8.884918
9.497250
8.997428
0.781700
4.914490
3.432734
7.091726
6.732080
4.607605
9.577328
3.134583
8.458083
6.932402
7.201541
6.223297
1.972625
7.700473
8.106105
4.465760
0.772428
4.289007
9.788134
0.706800
1.508989
7.031534
7.055144
3.773241
0.341718
8.189442
6.044589
3.883928
5.517186
8.375225
9.471349
3.532089
5.533533
2.474100
1.800744
4.864112
6.990994
3.940179
5.210243
6.986073
9.165327
9.066502
0.474903
1.843216
0.336718
3.046314
8.454543
9.013519
1.821361
2.361855
5.990269
8.348758
4.816512
7.964902
5.176246
8.390491
3.828287
7.599647
5.439114
4.508247
4.993123
2.751802
6.980506
4.024007
1.107658
8.647048
4.279252
5.935833
2.561254
2.099970
6.190162
8.910701
1.937980
2.646702
1.418091
9.509646
9.579510
4.888871
5.172457
2.082288
4.252762
4.955123
4.075209
8.429033
6.190054
5.209591
1.606803
1.779126
6.427760
4.734498
6.974943
7.088571
1.780404
7.806641
1.644191
1.554235
7.497717
6.904189
7.195625
0.275883
6.660422
0.115466
4.507460
4.381097
6.811617
3.450565
8.004639
7.109237
5.918067
5.527576
6.139007
3.945974
8.006686
2.596925
8.879452
9.219991
2.806955
2.012608
0.577813
0.252151
0.048159
8.451041
5.580129
6.762609
9.963341
3.787494
6.425993
3.587764
1.800429
8.357770
6.439442
3.241178
1.861775
4.720086
9.880745
7.463440
4.202992
1.559320
3.716577
9.386112
8.253708
9.507192
3.405507
0.227187
6.685012
3.069617
8.444897
3.436710
2.081163
3.480388
5.143024
7.563956
6.676076
8.238903
2.549389
7.471125
1.503108
5.101422
2.787077
8.628759
1.103761
7.107322
6.017242
2.402555
9.517447
2.585139
7.040439
3.797753
8.934398
7.738578
8.191552
3.226293
7.671535
2.359714
7.522468
8.553724
4.609099
4.092823
6.522772
7.504430
3.225824
1.501052
4.331090
9.053376
3.483173
3.064933
6.777807
3.496480
9.647148
0.017358
9.643255
0.229853
7.732830
7.524288
6.634824
2.118190
9.257283
2.383136
4.232714
9.886154
9.173200
0.356538
2.155241
0.281275
2.770969
1.424562
4.127606
1.984712
1.919186
6.174240
5.917080
2.107311
4.161170
7.948977
6.613997
6.486752
3.370728
0.633933
7.782284
9.186360
7.142842
1.497156
9.327778
7.187109
5.185037
5.211777
5.319610
2.064550
5.610275
3.791339
7.829041
9.626551
0.677199
0.607077
0.444600
4.850387
6.350070
0.910587
2.131588
6.249111
6.706384
8.739552
6.852878
6.323540
7.555872
2.628222
2.058730
2.410003
1.202461
1.356047
1.445243
8.742919
5.339956
5.577559
2.278870
7.330255
4.356236
5.333690
5.129941
9.525804
9.041601
4.529095
6.261360
4.866344
6.543377
1.146503
2.177746
8.909428
2.104506
3.972779
2.135201
9.804806
3.710518
5.030148
7.348129
5.805853
5.643036
8.494477
5.528336
1.265660
1.397612
7.602429
5.519588
9.734631
2.156699
2.445572
9.021095
0.868864
4.457600
0.261005
0.356542
9.916804
0.722868
9.402246
1.229645
5.689025
5.456114
4.812094
4.389325
8.283449
3.687869
5.310932
7.456271
8.527066
8.649107
7.952346
9.095744
3.953923
2.024161
2.365575
3.582198
4.505078
0.289174
6.642353
3.298269
6.325061
0.862053
6.083075
4.817753
4.675138
2.819995
3.260404
3.604756
5.157419
1.946491
1.351722
0.923418
0.433562
9.554090
8.893891
1.229795
5.770159
1.050007
9.293572
8.038086
7.367757
7.279564
1.703129
7.867687
4.677549
5.397277
2.274346
4.442522
8.642598
6.352739
4.912816
3.093239
4.759129
3.001181
4.448464
2.352727
6.785009
7.846239
0.852845
0.497278
5.117939
5.719301
2.961033
4.338896
2.288231
6.509565
3.368156
3.947701
5.929230
4.379360
7.896375
4.025446
0.515918
3.222116
2.832581
9.329103
7.836238
3.838311
1.646841
7.944179
7.956231
7.301166
7.655364
5.153626
8.347759
7.701009
6.025465
5.233246
0.094754
9.472696
3.695460
6.964502
6.795807
1.330781
3.029264
0.025869
8.566925
6.136831
4.057248
4.200374
6.602578
9.771625
3.218918
7.114630
3.873006
0.812947
2.233602
1.802879
8.298852
3.553246
6.206944
0.108238
1.723672
2.215000
2.176268
4.335098
5.867298
4.824476
0.709954
2.533514
2.304338
5.568174
4.960454
7.329053
9.632434
1.334579
2.930381
5.985638
9.483430
6.074637
0.015528
0.426195
3.730668
9.454030
4.464853
8.682928
1.007297
0.909196
5.584158
8.331571
9.309051
2.521697
5.121572
8.642464
4.604081
1.756642
0.356989
5.107527
6.875575
8.327056
3.950989
6.920862
4.990882
3.255529
0.407232
8.675950
1.915116
8.553083
3.083421
0.398875
4.160029
8.174140
2.406012
7.540496
8.638208
8.439848
4.045669
8.506355
7.461524
8.328259
3.476704
4.460775
4.191808
3.694871
7.932653
9.978367
5.870744
4.867286
4.025671
8.144243
9.370790
8.447607
3.767086
7.404336
4.598699
1.813460
3.627490
7.699418
6.071084
2.936512
7.321160
7.695818
0.294122
9.215140
8.468761
3.555469
7.568622
3.217474
5.752095
4.026566
2.109155
2.975361
1.211081
1.435830
8.734899
0.857302
5.751953
3.799315
8.546215
1.702964
5.328762
5.447761
9.750912
1.751752
6.257826
4.637477
0.551082
2.177388
4.044013
8.537949
5.390015
5.637642
5.662698
5.041615
2.230783
4.378419
1.138730
4.863499
1.365638
1.653250
7.149210
8.320976
5.571163
1.464276
0.938955
5.573503
6.155723
1.920099
1.212485
5.704764
8.505402
8.463060
3.732773
9.303402
3.769021
8.343225
7.747561
3.731149
0.919432
7.869449
2.101043
0.814138
0.081897
3.535851
7.904391
7.407343
7.901281
5.904929
1.713378
9.529560
0.943239
3.624869
3.353120
3.142497
5.062959
4.922514
1.590350
2.742427
7.274213
7.008616
7.437410
9.967137
1.730381
4.423944
6.058250
1.297582
6.497011
8.615017
5.555697
6.170858
2.086746
5.534726
4.928545
3.562989
2.300339
5.850148
3.912111
4.482045
3.346302
3.316639
0.555255
3.684273
8.918403
4.560801
0.247162
7.959168
8.333877
2.547063
6.583293
5.882017
3.080002
2.914598
4.743677
6.567492
4.140655
2.053662
5.471653
7.552625
4.594804
1.278036
3.826418
2.859845
4.448714
9.295885
7.792500
1.936204
3.243154
5.051171
1.706166
7.152250
2.215222
7.728293
2.014016
1.928512
0.215024
6.210170
6.135862
2.672270
5.927457
5.711064
8.267900
4.613491
8.117388
1.160489
0.492124
6.806823
5.718694
3.715279
3.299338
7.247460
5.347968
7.216943
1.151527
6.019639
7.167635
8.290019
2.865727
2.697668
9.954278
6.763540
6.147772
3.180222
6.762504
0.305916
3.214322
1.457946
6.720570
1.988103
2.041363
6.075873
1.614525
6.274174
5.326805
1.800330
3.378452
3.551023
2.200364
8.237644
6.763603
9.363957
7.701718
9.294478
9.182476
5.804310
5.138516
8.154147
9.810088
8.241916
4.453513
3.536066
4.940058
6.026117
1.194280
6.470594
0.730064
1.056419
7.775688
2.747909
1.487980
2.440607
7.212636
8.984403
9.957607
1.134474
0.975801
3.091430
6.060466
2.540305
0.862903
4.245903
3.977636
6.378963
6.346904
7.776040
8.372355
7.058623
5.046475
8.985318
3.611179
6.917941
9.208338
4.772059
8.153648
1.122584
5.922915
6.304293
9.754248
8.205516
7.093539
8.299500
3.356237
9.672333
0.899849
8.166591
6.285769
1.633086
8.750275
4.084065
1.290395
4.718683
1.246414
0.480085
3.351990
5.755213
1.873241
5.429300
0.685717
2.954337
5.894827
5.837837
2.449822
6.399208
5.685964
8.212618
1.328060
9.156013
5.462821
1.776577
8.236111
9.509542
0.417365
1.050910
8.050839
9.537851
1.625124
4.569195
5.887923
9.381339
4.002933
9.187583
4.400297
0.899386
0.689923
6.430455
9.699220
5.370769
6.098331
8.793113
3.352914
0.364509
4.781028
5.518632
3.557989
4.421586
1.893036
4.754356
0.944524
1.271894
7.214165
6.650786
6.684452
2.076729
9.627408
3.130160
8.338081
5.442060
5.653940
3.555530
0.576607
0.375626
6.749182
6.103336
4.813004
9.459995
3.203932
7.739133
8.020019
0.571421
8.090959
7.897788
1.751644
4.201173
2.043893
8.890554
8.770053
4.632765
2.822656
9.399491
4.759582
8.113486
5.686091
1.901297
7.214858
2.478505
5.113747
6.146939
0.948847
5.497395
9.952820
8.601531
3.312614
6.497983
9.369172
7.996500
4.925461
1.315646
2.539213
1.951774
1.545918
3.612833
4.099233
2.974689
1.764459
0.400490
6.609231
5.136519
6.078641
7.389317
4.289834
1.154409
9.889181
8.157184
7.559196
7.970205
0.274725
9.917956
3.343379
2.156843
7.809177
4.573125
9.822801
5.901618
6.920783
2.549115
5.728020
9.354158
6.345996
0.179065
7.513886
2.893273
9.900790
3.587241
5.764239
4.403670
2.025577
8.687668
7.206692
9.185433
0.320164
9.546687
4.592995
7.037416
1.197561
7.623202
9.379665
7.553414
6.435105
1.339418
0.449421
8.011488
8.422742
5.899053
6.988988
4.944216
4.966832
2.336789
5.312560
5.372822
9.385969
5.611503
3.501606
6.873203
1.358047
2.535209
3.571146
2.652349
0.042388
4.016240
1.278487
4.531224
6.247427
9.125746
1.771624
6.903365
5.401101
8.266972
0.018550
3.885998
9.794084
9.930022
8.760406
7.701396
1.359525
0.867612
9.071716
8.207169
8.535917
7.629976
4.227088
4.802694
7.409185
2.873452
2.016352
4.792335
6.290291
0.298117
1.754994
5.411938
9.075971
0.576368
2.860183
6.105872
7.868281
8.701519
2.949432
7.950645
0.727840
1.982151
9.936718
8.989919
9.774752
2.108272
1.974617
2.513763
5.211657
2.452526
3.233314
8.235075
2.084145
3.602270
0.090967
3.581906
7.937891
2.064953
3.200716
8.733034
4.373991
7.041733
2.537024
7.119961
7.436950
6.852888
3.676415
4.982487
6.136087
8.915971
8.998600
9.972948
3.492208
0.145447
2.579265
4.041804
7.431386
8.087590
9.659028
6.427303
0.353382
5.016753
8.740026
7.480505
9.875919
3.059144
8.880825
9.962761
8.123414
4.145822
3.038692
3.416674
4.177085
4.897200
7.450389
3.463712
2.107586
0.015154
7.879195
8.599937
6.984852
4.560249
3.141573
4.508821
8.393916
9.081100
9.528768
5.263034
1.612453
1.493545
2.509667
0.915521
9.734443
7.761440
8.409556
3.421993
1.513158
1.906774
7.027487
9.848081
3.535423
7.508203
2.526073
7.957829
3.068957
2.436980
9.104136
2.047075
3.209270
7.771814
9.705196
3.599526
1.469152
5.866531
5.054730
7.642880
1.192698
2.630759
6.949367
6.188101
4.742584
9.901815
0.607274
6.465752
9.687222
6.589869
1.013691
5.827567
6.518573
3.596321
5.266613
0.149466
3.193906
9.424967
3.070207
1.332382
1.811114
8.124538
6.651973
6.526249
3.087954
3.211298
5.607689
5.978840
8.315430
3.742856
3.217070
9.520618
6.903792
3.898339
9.646209
5.541302
6.874875
0.625602
4.092272
7.028908
5.367822
8.720411
3.161462
9.840155
4.351686
7.327250
8.570471
4.347355
4.419593
3.548469
6.891431
3.237986
0.917870
7.289243
2.851083
5.229722
2.502414
2.627728
9.656426
2.045929
1.962302
2.067236
1.806229
7.698977
8.267560
1.283722
3.171965
7.895818
0.734948
4.454929
2.683895
1.934127
7.018158
4.711757
4.893187
5.231827
9.834659
0.748121
7.880851
2.271377
6.678639
9.482625
5.751040
3.646609
3.131467
1.661575
3.839168
8.114816
9.658326
5.578309
1.168059
0.083644
0.867552
4.162158
0.908912
0.643809
7.755992
5.284592
9.609667
0.105226
8.913888
3.954155
4.859468
3.275835
5.996663
4.874231
1.680705
9.513245
6.127420
4.033086
0.925800
6.114183
5.943052
4.570351
3.853930
3.365140
9.473880
5.731091
2.371066
6.318005
7.887377
8.297917
3.270432
1.756015
5.714747
7.400735
4.180281
9.446619
6.843906
6.681686
0.558560
1.790053
8.324919
7.276955
2.853103
0.878569
2.781656
3.419992
3.231386
8.340330
7.341178
1.045539
4.898102
0.952157
1.576673
2.078773
2.577381
1.959082
7.792948
3.558584
5.188394
8.971845
9.705558
5.234316
0.928026
2.271781
1.833943
3.217082
7.353971
7.480913
7.396660
6.615918
0.405117
5.719904
3.863277
5.909739
4.526898
4.795850
4.549322
2.013498
5.433195
9.149275
5.870333
8.788800
9.413602
5.910898
8.568222
2.839867
5.734345
0.443798
2.384788
1.371179
7.079730
1.669367
1.032515
8.666752
8.862100
9.757132
4.793406
1.555624
0.947415
8.685145
4.702270
0.952813
4.540823
0.562086
5.175526
6.963903
5.820270
1.433011
5.999161
3.200071
9.276249
5.261334
7.824938
2.293133
8.090372
2.132024
1.508320
9.962760
9.904175
8.873555
2.887602
1.652685
0.537178
1.038424
2.896741
2.135134
9.936282
9.620625
3.501843
0.738507
8.695046
3.057320
5.894607
8.029818
1.551939
6.158834
5.823986
2.632465
1.004693
1.438476
8.861181
0.770779
8.523594
0.941802
5.777260
7.381711
0.905416
4.722404
5.027547
2.786781
7.227187
2.818249
1.746770
7.735992
5.951230
0.910947
6.120099
7.255252
1.184035
3.287826
7.638461
0.090796
2.835227
6.680640
0.163247
8.126887
2.685349
1.086839
5.163720
0.523245
0.799690
4.942188
6.619688
7.801910
6.508770
6.929133
9.203882
9.331233
4.539785
4.541579
8.662107
8.191729
7.754951
7.736537
6.367927
3.228820
6.096644
3.233791
0.849322
8.797419
5.629783
0.957229
7.343448
2.891874
0.099693
3.851321
4.487590
2.419708
7.619581
5.007726
8.781486
5.040497
3.555059
2.099355
4.032297
8.013947
4.171620
9.081479
3.688642
3.960169
5.977337
2.577840
5.335110
8.025305
0.505993
8.920204
5.278580
0.945876
8.793979
3.074673
1.382859
3.586846
7.033190
9.972628
3.026557
9.150383
0.996588
2.450929
4.227494
9.984156
2.349867
5.168195
2.091281
7.781293
5.332852
0.907307
3.556368
7.404778
8.299883
1.421665
2.278357
0.281993
3.385110
6.951115
3.084110
5.652221
8.248068
5.495594
4.697844
9.365067
5.269165
0.221652
4.009467
6.071012
8.277134
3.899317
3.038088
9.973963
0.032932
9.297409
7.451128
1.352455
2.720798
7.998433
1.056187
4.027905
9.815490
1.030343
2.418419
0.970479
2.917234
1.764487
9.927432
2.618513
4.860578
7.438952
4.609502
6.689093
2.294609
2.329629
7.525724
9.053527
4.054406
0.952832
4.130190
6.912581
7.421780
9.521696
0.799455
4.098625
4.677487
2.741825
4.211905
0.017971
9.313502
8.504851
9.034449
6.064361
4.296667
9.819798
7.951035
9.582851
3.794111
9.497731
7.832772
6.393778
4.127873
0.165786
4.074526
9.036314
8.670994
9.534411
6.080233
2.006935
5.039617
6.240853
5.937329
2.297553
9.794197
7.994336
3.411878
