4.464093
2.094490
8.748566
5.013738
0.184621
4.643922
3.527792
5.949509
5.907460
2.914017
3.637823
2.814961
9.042119
3.141329
2.517143
6.395776
2.287259
6.130096
1.092236
8.622282
4.715406
2.751345
2.873348
3.591876
4.202068
5.551910
1.712697
1.174214
0.167919
1.958324
4.355564
1.243573
3.982641
9.270388
8.696302
2.261908
6.032631
5.621775
1.191955
8.862083
1.021380
8.467081
4.669497
6.228457
7.860438
6.837468
7.632681
0.144300
4.486356
6.798829
3.667184
3.378459
9.784402
7.195414
4.896804
4.387222
9.479016
2.903122
8.763569
9.793346
6.435901
9.496346
1.773708
5.764716
0.218117
0.758484
0.713386
8.788394
8.436734
5.230292
6.848641
1.013982
4.411338
5.933412
3.173480
8.509157
5.407970
0.608745
4.519849
7.691759
1.714935
9.437580
8.720396
8.323814
2.379473
6.650598
0.349982
2.954153
4.586804
6.069301
5.942124
4.490482
7.581414
5.336646
4.614995
2.366957
6.675233
8.610397
5.209533
7.663048
9.124146
6.552074
7.411868
1.129490
2.791871
9.663417
8.421938
2.188503
0.075746
1.903622
0.926093
5.752015
1.921964
5.597631
4.166409
0.185951
4.203397
7.374372
4.659546
4.805877
7.412647
4.854512
8.822501
3.074577
9.386974
6.067511
0.585387
7.225435
3.126823
7.582015
1.325459
7.248268
7.710542
1.197383
8.174767
2.766464
1.986520
0.122166
3.411356
4.126463
5.743796
7.248379
4.416537
1.467030
2.878474
0.705297
1.378406
1.500746
3.406024
7.640548
3.318605
9.508550
1.751629
3.473275
2.460566
2.794595
2.362516
5.558708
2.192329
7.556122
4.578459
5.260265
2.077835
0.086915
2.661004
0.094808
7.374068
4.987565
6.232049
2.820305
0.057350
4.971330
7.498153
2.445296
1.032560
2.699574
5.474651
1.637786
4.569054
6.199681
0.213095
4.889809
2.693702
7.479816
3.434788
3.038190
2.086740
8.713290
3.061385
9.200808
9.857923
1.935483
4.145261
0.517378
9.414729
6.416912
7.230617
3.773584
1.674562
5.363711
6.120571
3.657585
5.156735
2.465922
4.871622
8.999599
9.605681
6.455226
6.100032
1.385869
6.410360
2.577418
8.882400
8.339358
8.591971
5.442219
4.062080
7.323710
2.935842
9.723068
3.155825
9.323707
5.250536
0.871017
2.063251
0.234428
2.672345
4.820456
4.130226
6.684313
7.032226
9.489327
7.109121
0.232856
9.868208
8.185030
1.355561
7.264944
9.507563
6.418038
6.621378
9.303971
0.347969
4.272355
4.549334
4.905832
0.327148
2.760642
7.610560
9.104219
3.463284
4.084278
7.407971
8.920643
5.443955
0.546438
7.234755
3.218545
1.922130
1.544342
5.991606
8.739920
2.266441
4.628308
8.569253
7.371054
7.006593
8.303944
7.255601
4.687840
0.987412
9.607625
2.382930
5.352800
5.115127
9.396182
4.720968
3.903193
1.590142
7.509764
9.077106
9.335230
6.426096
2.549397
2.910394
3.976128
4.778321
8.823367
8.540366
3.728987
7.714478
3.388270
2.213599
0.725929
4.539381
4.161065
3.012540
9.595874
7.912612
5.888493
2.625729
5.729609
5.839715
8.957715
1.438133
0.864522
3.010618
2.842901
7.025578
9.801118
1.121222
5.656096
9.970120
3.607485
9.878417
7.205687
6.518178
5.657480
2.059014
6.373340
7.648572
3.606548
9.032597
3.236251
2.357688
6.064342
3.992272
7.674817
0.527528
1.423544
7.510201
1.708599
0.645204
0.033977
7.621777
9.435225
5.380083
1.024399
3.263026
3.704854
4.436127
0.481679
8.854095
9.085131
6.408753
0.682487
1.022168
6.700857
0.729807
0.188705
3.184987
2.855487
5.501334
7.179591
1.633467
0.778511
5.620767
3.012862
7.771649
0.744806
4.636593
7.575233
6.065831
7.298073
2.797931
3.338790
4.621643
6.527669
2.171016
1.256686
4.158906
8.794307
0.163306
5.832992
1.499156
5.844211
3.842992
8.964920
7.978603
4.535154
1.523106
4.477399
4.758362
2.485969
8.023978
1.317776
5.760644
7.604660
1.021496
6.141091
5.955124
2.660302
7.667944
0.221225
2.841844
4.347027
8.827536
1.331158
4.905314
6.609505
8.367866
0.885476
0.924683
7.809127
8.563686
1.868251
8.432922
4.468899
3.933172
7.016150
5.006395
5.859742
4.935094
4.361877
8.620255
5.009223
1.447798
4.909832
7.879291
0.146429
5.855067
4.604528
9.725269
0.416596
3.695835
7.331893
4.459353
9.926396
0.840653
9.595938
2.935449
0.703164
8.581117
3.421353
0.137228
9.342699
6.949455
8.815369
5.420946
4.571180
0.530689
6.983446
5.628020
6.711855
1.979505
5.146473
5.995677
8.569859
3.226520
3.190124
6.096125
6.556146
1.500759
3.273118
4.569589
3.525952
4.626240
0.333979
7.909633
6.764298
1.377471
8.464039
3.211218
2.394876
9.372743
0.250553
5.645602
3.990168
1.491382
3.915619
8.308040
7.650526
0.847596
9.602034
1.450044
8.298643
8.317526
5.766072
4.941732
1.618484
2.323215
6.724941
7.996046
8.271820
2.460524
1.956061
8.869608
9.017887
0.248422
2.589057
3.923771
5.061722
7.252233
9.452217
0.502550
6.412991
8.492640
4.765237
2.951937
5.263720
4.790339
6.077173
7.527590
9.836559
7.129025
9.847764
9.660913
2.239871
6.520210
5.588070
8.318197
8.138683
5.734917
9.061639
4.131739
0.779911
7.527894
9.379782
3.631997
3.410711
9.355770
7.520153
4.980567
6.135705
2.493443
3.818769
9.068906
8.413390
2.618472
9.018988
6.167933
6.494404
2.131890
1.369038
1.962346
2.874649
4.413955
0.390150
2.443481
6.585666
2.460109
8.286761
9.017621
4.731632
4.441000
8.832809
3.252498
4.758183
3.687382
0.257643
5.984795
4.063517
3.502129
5.506199
3.713278
2.451990
2.394191
7.367301
3.886580
1.606119
8.882181
3.099396
3.587821
1.993779
7.595359
5.868817
3.808716
6.988535
5.002128
3.851005
3.402750
0.342078
6.883973
1.371079
5.582735
1.201342
6.021093
4.206061
6.355909
5.347310
7.019206
0.891421
3.255858
7.066433
3.933166
1.964176
3.873265
1.522486
2.287880
3.417619
4.637310
2.171860
0.849054
6.023675
3.457588
1.743525
0.986974
3.459371
1.657687
5.619699
7.932809
5.464703
4.387094
1.294795
6.339649
3.043411
6.448108
1.727333
7.525620
4.203088
5.711771
9.054290
6.433005
0.042020
0.813796
0.390996
3.577744
1.006953
1.633255
1.896965
7.035270
7.718318
3.919640
2.908459
9.394580
1.427127
6.073695
9.582528
0.952343
2.148580
1.775495
3.872924
8.113319
6.450583
7.303814
9.295320
7.216951
4.246076
8.554915
0.126763
8.416368
5.351620
3.148263
3.830362
8.085234
9.778406
5.988078
6.464154
4.896168
9.550488
7.403881
5.714557
4.234223
5.048727
3.227564
7.857110
0.804346
9.308577
3.231113
7.539047
1.918879
6.338552
7.725783
7.563719
7.468611
8.169470
2.205277
4.193940
3.121728
5.800002
7.168299
3.396241
6.580548
9.232941
3.023883
6.673123
3.939281
5.395003
7.319307
7.487125
8.705703
2.855257
6.032979
9.427059
2.539330
9.578027
4.416787
9.546636
6.098646
7.481764
0.466339
7.385264
8.264034
6.246615
0.636817
5.160370
7.069715
2.599796
4.062755
6.779596
5.428309
1.485837
9.932099
8.162677
3.743959
7.045434
2.442753
0.537476
0.320312
7.932451
7.671659
8.254500
2.581750
8.888325
8.154682
9.810643
8.094651
9.172986
5.428096
5.114374
7.610175
3.044869
6.243477
0.506730
4.686711
6.617651
5.836236
9.962571
2.266832
6.074421
2.442723
1.510271
5.808548
5.451258
8.796129
9.756506
9.697842
2.682062
0.281356
2.367957
2.041064
7.794546
0.442865
7.307469
4.265686
5.765347
6.512863
6.200666
8.662050
3.702118
1.159626
4.673107
5.500799
1.166495
8.871495
5.049736
1.402775
4.922769
6.750635
4.700234
0.546044
8.337627
0.459303
9.268625
2.910998
6.875216
3.481785
3.263793
4.340813
9.217088
7.913790
7.946137
9.646216
8.922392
4.886395
5.289732
5.779166
1.325894
4.687394
7.932779
8.409587
5.743263
3.046950
1.364331
6.072260
8.640352
2.652050
3.354564
4.877302
7.601537
8.363836
1.690751
1.035895
5.507216
8.669254
5.232369
7.336746
0.818013
9.931846
3.388299
7.531276
2.520106
4.627550
3.333362
7.765656
9.421426
8.835269
6.139683
3.890007
9.382020
3.110311
5.597731
9.963015
1.700885
9.645607
7.216903
2.280290
4.774753
2.608676
6.914766
6.750360
9.783402
4.499815
4.751899
3.416637
0.052198
1.232110
7.832158
9.846809
7.277236
2.817863
7.085701
4.807296
2.919330
9.633940
0.963623
1.289322
9.248081
9.226516
7.171876
9.705070
6.613690
8.200313
0.913780
3.509650
0.446186
6.157004
2.770964
3.860278
9.219401
0.318281
4.814733
4.825103
0.873218
7.134757
8.514159
0.025501
4.762900
5.860014
9.388055
7.000876
3.948136
0.916161
3.440940
9.692656
9.574190
2.425439
0.766733
1.701693
4.322020
6.791917
0.810774
4.069747
8.437086
6.102950
0.696560
7.904718
3.313906
7.129354
4.182677
5.804341
5.262321
8.815417
6.808795
6.632516
9.245811
0.429163
8.802135
2.193615
5.779185
7.662998
3.633613
4.063951
9.518728
7.364562
6.634679
5.746757
2.599919
2.860098
1.054873
1.473434
9.242087
4.349851
2.788981
5.180419
8.327916
1.550343
8.268982
9.016868
3.535477
2.248709
7.780288
1.335699
8.269403
5.836994
6.876002
5.347132
1.587781
0.253543
6.300143
3.854943
8.303005
0.610981
4.529078
3.757279
9.543802
6.618964
4.593382
2.028579
9.037110
1.386646
4.210867
6.204351
7.577611
5.654292
3.511678
2.589514
6.148909
6.619909
7.455713
3.099942
9.260199
0.956974
6.716840
3.854946
9.685754
4.242162
0.405038
0.749374
3.807079
3.273858
2.890779
5.011139
6.281156
9.740675
9.814607
0.572784
4.694744
5.281140
0.126762
6.046278
4.163859
2.656179
8.399343
9.768217
5.699891
8.182832
8.711849
0.471890
5.610056
0.421865
3.040337
7.097912
2.703786
9.513453
0.031281
5.241589
8.287558
0.124423
3.823318
1.156988
2.518396
5.544886
3.096153
9.225462
6.674559
3.997933
6.864174
7.709114
0.512059
3.680052
9.758728
8.953595
1.431743
1.611988
6.120613
9.709822
2.006738
2.319615
8.903229
5.489450
7.784714
5.922048
8.725417
8.952503
2.612398
9.327359
8.951029
1.316820
6.568862
0.423159
8.104967
8.480059
7.006886
3.834960
0.293052
4.704397
5.519257
8.794789
5.900825
2.136933
9.198429
4.011100
4.948769
6.803864
7.403991
7.897815
4.430107
3.009103
4.550666
1.471448
6.225986
0.685309
5.011243
7.596143
1.544295
8.133453
9.439496
1.128155
5.134141
1.494547
6.354869
3.520772
7.512829
8.884887
8.593977
9.625452
5.508864
0.421508
6.057385
9.778176
2.503933
3.558769
3.144477
4.962539
7.652741
9.304135
7.655262
7.103507
0.808775
8.143599
0.040855
8.651041
3.681008
8.719181
0.359063
1.728299
7.959217
9.073806
2.338713
8.820672
8.085270
1.380880
2.957736
7.707586
6.171728
6.379957
3.165350
3.086812
8.281448
0.066542
1.795701
8.788307
8.526436
7.790716
9.630834
9.929590
4.015774
6.902269
9.412042
6.846581
9.798722
1.820083
9.354382
3.854805
1.393324
8.965579
1.045712
3.995219
5.009687
5.800273
4.992369
5.971178
0.445513
3.569102
0.236198
7.173037
9.964683
3.126415
4.021983
1.604691
0.155935
6.761537
6.720590
9.510818
5.724737
3.945827
7.382333
7.904062
2.232742
6.375195
3.344719
8.214999
7.652977
1.604542
4.115422
1.329625
9.434260
7.571142
2.655690
6.730598
4.930259
1.469089
9.523996
0.565113
9.437285
3.750428
6.714086
5.820488
0.741351
4.548289
0.284552
4.516978
7.381518
7.344300
8.893742
6.233087
9.667000
8.092340
0.903610
0.145250
0.693463
4.339950
7.225852
2.976879
7.635911
4.896337
4.754039
7.276869
7.314456
9.887784
3.099390
2.391322
8.701459
2.683182
8.212369
2.010039
9.791604
2.535970
7.238795
5.896060
5.274410
1.568182
9.779955
3.309716
3.597364
8.139108
3.674364
5.544877
9.648189
8.332552
7.486948
9.255599
4.335874
1.006647
3.691828
4.862890
3.876173
3.195592
6.467181
1.104372
1.091944
9.194475
6.542288
9.738353
2.818942
9.278666
7.325109
3.528769
3.042559
0.215416
1.350242
5.570166
5.272349
8.558395
7.042883
3.972594
0.024398
0.482157
7.985581
7.053093
5.403254
4.614552
5.811919
1.579027
9.056959
2.546344
1.877119
2.166739
4.382661
5.792104
9.150019
9.562424
8.089195
7.551413
6.772373
9.733814
5.599138
9.025645
3.523943
2.626545
0.142139
1.990858
6.705014
2.833385
2.539165
1.054857
1.815588
1.475762
6.096377
7.648211
5.586668
3.649240
2.595017
8.987975
4.535541
3.786418
5.574903
4.612291
4.313976
9.378956
0.061448
3.661389
1.403370
4.545826
8.153154
6.265508
4.165268
4.700903
4.011869
3.147775
2.940438
2.511217
9.815866
2.890322
9.279677
5.794675
8.986099
0.997240
4.587820
0.788062
6.609362
2.593047
0.145566
2.325969
5.545197
6.294885
1.834279
9.346264
6.663986
6.994496
4.150917
2.662592
3.495754
4.696293
7.709573
2.319884
9.644773
7.962047
5.931479
1.245665
6.713555
0.146881
2.600227
2.955899
7.617193
5.358821
0.575422
0.488878
4.424089
6.239244
8.509912
0.179833
9.407353
2.258819
3.057423
9.132967
1.691573
6.860657
7.288124
0.630002
9.441323
5.936773
2.294379
6.336348
6.851865
6.577299
7.881975
3.937804
1.532251
1.466049
9.406745
5.561646
4.178892
1.325040
7.639195
4.646749
9.181861
1.756215
6.293603
4.292634
8.579064
3.684377
2.090446
4.984250
5.463642
2.445107
0.598589
1.809501
5.821948
0.341251
3.095719
5.802310
4.730813
7.565294
0.569686
3.604489
1.553648
9.203078
1.692530
7.471004
0.523359
0.254637
0.673510
4.909101
6.026475
5.620945
5.288654
5.916041
1.931152
0.134928
3.825288
0.590503
0.745708
0.112131
4.871760
0.471846
4.907618
3.484607
9.878067
0.535628
9.539968
1.325211
1.814408
5.526216
3.392198
2.774547
1.384042
0.453078
4.357089
9.943845
6.937726
2.047923
3.675707
9.086215
6.562139
7.564717
2.965296
9.279064
1.190889
6.365360
6.623726
6.378595
0.581901
8.338193
1.366876
0.938248
2.835663
0.152782
9.501732
2.107430
4.817472
4.610241
0.038878
9.090330
8.124498
7.056891
7.708542
3.520638
7.710259
8.660916
6.383657
4.097915
5.482883
4.847163
7.055799
0.080258
1.346155
0.555208
6.015462
3.865827
9.159715
0.616265
0.942635
7.940405
1.616893
0.223097
3.679262
4.290718
4.258490
9.709445
4.243716
2.614991
3.067574
0.917952
0.327412
1.175439
9.946432
2.882162
0.760307
1.051962
4.616718
9.765445
5.092168
9.781596
4.169169
1.673316
0.399944
6.687406
3.543904
0.593533
9.633887
6.937591
0.557168
3.477938
3.677003
0.369851
5.359935
8.360964
9.454812
2.416270
5.158210
0.168932
2.366312
3.212760
0.298788
4.163728
0.670906
7.084595
8.635235
9.153736
7.483284
4.144634
6.485058
3.791869
3.675108
5.294654
4.959683
7.551390
6.575303
9.073009
9.219550
2.429626
1.952971
8.804896
6.575278
4.123308
3.065014
6.935312
8.757857
2.065136
0.436644
5.893841
7.289479
3.858591
5.529849
4.338364
2.956770
9.807997
6.489592
8.580670
0.840433
9.642701
0.304690
2.229118
1.835082
7.708826
6.865630
7.642457
2.196761
0.386958
9.617733
0.553290
4.288992
8.282302
8.472810
4.226889
0.678981
4.747926
7.317175
5.715487
9.326875
2.869476
7.007382
0.301536
2.468818
9.416311
5.330704
1.930162
9.469285
5.473960
4.308335
7.232625
6.801622
3.618508
8.591635
7.784877
0.713705
5.443995
9.653030
0.954105
4.987359
8.049672
5.236138
3.881205
4.649439
4.309566
3.274478
9.426080
4.818799
6.782486
3.143055
8.228609
3.569117
1.566701
1.882095
8.575001
0.667621
2.106126
5.665398
9.104860
5.381534
0.701803
9.945354
5.533131
7.164604
4.258287
4.446964
4.719488
7.102137
0.797314
9.349886
2.399622
4.062964
3.056290
9.164795
6.045550
7.268822
4.394606
2.834880
6.416751
8.871419
2.930993
1.715489
1.601797
6.912828
5.879429
9.596575
9.129356
8.931622
3.717115
2.461581
6.151221
5.796675
8.143152
2.911239
2.228316
4.762129
5.620299
0.560795
9.172910
7.863933
1.819361
3.607871
6.265746
1.721517
0.120346
4.555919
4.096476
9.008752
8.092446
2.909899
2.707936
4.970646
6.102373
1.495886
3.452814
9.300512
0.060140
8.266146
0.264216
5.349784
3.030416
6.995838
7.473341
9.499026
9.140701
1.756376
0.812759
9.627226
7.549963
4.568162
7.891659
7.499439
0.853766
1.657512
4.297690
5.208672
8.573160
9.527443
6.411655
2.187489
2.280152
1.050499
5.530652
5.145370
6.035913
7.348457
5.473805
5.130065
4.015118
3.783240
6.359297
1.919638
9.940029
0.360365
7.659514
5.082478
8.928119
2.709287
8.679413
0.024319
4.102582
5.937433
6.088744
5.042994
4.155487
0.039681
9.976713
5.120978
0.333596
0.155999
1.864606
3.153407
2.865595
1.620533
3.873592
2.513512
5.283655
3.098547
2.187386
5.683947
3.671887
3.715727
5.626443
6.732131
5.684653
7.076136
6.233918
2.702014
4.497242
6.499958
5.543657
1.980892
4.008816
8.403771
3.352496
7.958259
2.696424
0.391574
1.814427
8.501010
0.501927
6.874781
8.279914
3.725392
5.491882
5.136128
5.919125
3.793523
9.492296
3.042200
1.892458
0.219987
8.599380
4.738459
6.174634
3.950800
4.730310
5.454943
6.333702
7.324526
4.692354
9.603329
5.500101
1.019731
2.765800
7.611734
0.832425
9.691426
2.640370
4.310441
0.824534
1.369324
0.430303
5.232442
7.644785
7.100913
7.034322
8.175183
6.363156
5.325354
3.858145
1.045894
6.794680
5.513475
2.170236
0.310021
9.571911
7.841860
6.055416
6.186646
2.869211
3.207545
7.548316
3.386486
8.691780
0.681608
3.185285
9.615375
6.374512
1.297550
7.028740
5.886856
1.062033
4.394028
5.940079
2.038381
7.236222
5.560930
9.500982
0.611148
1.944651
5.840676
5.702940
0.902326
7.553179
6.946166
3.772690
9.433237
1.661651
2.058323
0.386951
3.715690
6.904101
4.011845
1.486153
0.293656
8.396963
5.793192
3.802513
3.087689
6.420551
6.671600
2.048803
8.793911
6.490473
2.303377
8.000885
6.114559
8.929007
3.150108
6.191548
4.662047
5.397477
9.313853
5.612405
8.002294
9.051071
3.979920
5.031156
7.896811
7.666998
6.570782
6.180765
9.884088
9.190743
1.786179
1.867251
6.513342
8.984242
0.229123
4.331317
0.561916
0.825524
5.214199
1.073889
8.848506
8.417453
6.769453
1.348909
7.638289
7.062849
7.958337
3.775419
9.472374
5.057050
5.646466
8.129164
2.339721
4.209957
3.285766
2.718463
9.544290
8.231343
6.792578
2.482090
3.390751
6.826982
3.478892
6.502357
7.586992
4.758836
7.496942
8.794369
8.483745
1.058715
8.306432
9.378318
6.670082
8.436657
8.941746
6.183754
0.377999
7.743668
0.974707
4.349673
8.220765
4.620849
2.660839
3.442526
0.730406
5.934824
4.900433
0.802848
2.198844
0.124246
3.914318
5.395523
2.034469
1.831576
9.967394
1.177787
6.119372
8.014230
4.448821
5.666110
1.967774
4.891233
2.847865
1.122877
1.068647
3.228508
0.691088
6.807670
0.348038
5.628734
4.348315
1.721013
6.419692
0.137883
4.501462
8.762731
6.472758
6.615622
5.985985
7.487938
5.908703
9.600767
8.276944
3.778158
9.114858
8.144576
5.703748
7.472158
8.469883
3.931025
9.837185
7.593470
9.413078
8.452388
9.714839
2.222664
6.701228
4.523391
9.262481
2.535234
1.636550
7.601234
9.259448
9.195399
3.069399
6.022396
7.825986
0.051230
2.007210
3.059140
0.573153
7.145982
3.332297
5.660419
9.197966
7.206670
7.523374
0.376352
1.388836
8.513289
2.587016
7.040638
9.455806
0.079211
7.273305
3.586319
3.978450
6.262428
7.549922
5.353127
8.809470
8.563341
0.985356
1.830044
0.714971
2.861711
6.021086
3.829000
8.397430
2.470854
9.930375
7.627853
9.227639
8.480166
9.821130
1.698295
3.793698
3.656719
7.377129
9.685152
9.649295
1.223059
4.710295
7.797459
2.743226
6.464942
1.511545
1.319452
7.839742
5.940521
1.769956
0.010255
8.888136
4.691865
9.237158
5.593473
2.981087
1.852018
5.622058
9.829695
3.101597
0.712839
9.212075
1.414760
8.614280
4.324537
0.781677
0.225684
4.404626
0.862660
7.553857
6.882192
1.222377
3.626130
4.050143
0.662109
7.267208
7.838730
0.787283
9.925537
1.536093
5.904350
4.008661
1.651908
5.051984
1.145516
9.495681
7.694158
3.412989
7.791730
7.047878
6.347789
6.215461
3.906152
7.238214
2.576606
2.935462
4.337313
9.988377
5.564126
9.215647
5.812489
4.983858
3.687846
3.868868
4.941883
1.973929
2.974961
2.054901
0.053414
7.572691
6.500470
1.109807
8.197812
0.661822
6.737179
8.894786
0.902100
8.211466
8.186830
5.974484
6.367598
1.220001
6.608682
0.432501
9.707648
6.307247
4.951370
9.218590
3.454214
0.388371
5.006398
4.399717
5.052404
0.330426
7.113580
0.854391
1.734328
3.054756
2.802623
5.672538
4.638651
5.476461
6.278841
0.117211
3.941027
0.415446
5.593365
2.033748
8.804740
1.031461
6.447431
3.808698
6.279263
7.219939
8.613208
4.859451
3.069597
3.373025
0.689594
0.388521
7.266189
4.596071
9.657970
1.929232
8.124213
4.490240
7.191032
9.369346
7.400633
1.083885
0.355609
7.865743
0.063468
0.955106
1.734635
0.090914
1.794735
1.047870
8.455186
5.353042
8.864375
5.368090
8.677136
1.610177
6.713312
4.694721
3.039769
6.255672
3.542449
3.083132
9.532495
6.878168
0.295311
3.956243
8.767883
0.446998
1.149331
8.375972
2.670046
4.012062
9.014963
0.513487
1.191120
0.742674
9.293296
8.346513
7.688984
7.441298
6.265287
1.899026
8.053033
3.466346
5.051641
5.671798
9.397223
1.914325
5.636583
7.839478
6.801481
0.490281
9.892256
0.637641
9.164606
2.667401
2.961342
2.376143
1.225424
4.202938
2.499608
8.654739
7.823289
7.537523
3.536021
7.052749
4.665940
8.477212
8.279457
9.805459
4.951258
8.197497
6.316314
0.247236
8.702213
7.216682
3.400100
6.354702
8.877667
6.305540
3.427599
4.129808
5.495031
3.892451
9.359684
0.090991
2.884058
5.165228
6.652369
6.192807
2.684004
9.924838
6.954998
5.241486
4.079833
9.536098
3.170785
9.301031
9.686806
9.712245
8.318472
1.174381
9.348612
3.864258
9.575253
7.162785
5.800669
4.499118
2.841391
0.865101
8.247845
2.377161
8.538733
3.550532
0.096599
5.238763
1.671572
5.622761
0.573079
0.211289
4.208507
3.026621
0.860060
6.112076
9.976286
6.841331
0.756545
3.221649
2.755973
0.875302
1.804469
9.858007
5.361699
6.207750
6.581607
9.692456
0.482949
6.127556
3.005278
7.154713
5.966476
7.515047
6.244015
0.891881
1.863089
8.300352
8.946816
2.306947
8.731289
2.559906
1.996204
2.890904
1.188980
3.199699
6.527690
2.447489
9.068726
3.880179
7.072261
8.862213
7.583416
9.155960
6.373956
1.006761
7.000777
4.096934
2.801789
8.637042
6.146362
5.475371
3.364351
9.330105
8.536622
4.551532
7.248073
2.459035
8.905187
9.530716
2.721406
5.745204
7.845534
3.236545
9.025650
6.688120
2.660683
3.044828
5.836651
8.222005
9.299821
0.749763
7.483028
9.991764
0.939241
0.733265
5.672802
5.926590
7.575249
4.023906
0.571732
0.803303
9.425132
0.925897
6.021485
5.674320
7.799240
3.932026
9.042931
5.134680
1.771129
2.234632
7.669938
9.960720
3.331926
6.810668
9.776736
5.822122
1.184029
2.324804
3.730145
0.701874
6.036917
8.222044
9.929923
6.955171
3.393116
2.411644
7.423436
5.189691
4.399500
2.305075
4.010237
7.626600
8.589278
8.367805
0.236007
9.904772
2.919600
6.454631
7.668327
3.702518
0.346095
0.338798
9.430042
6.954023
5.597483
0.850048
1.933238
0.037023
1.189222
5.885430
6.679083
4.988448
5.758224
9.413009
0.852058
7.539402
7.429301
2.294667
5.371986
4.506703
9.224672
4.047726
3.760855
2.169245
7.201351
6.489755
8.597797
8.591582
3.220914
4.074335
8.627515
2.841830
6.076031
1.957339
4.277080
6.199074
3.004067
2.856537
3.302077
4.083583
3.191044
5.727996
7.281685
5.532722
2.571027
9.001625
1.022957
6.582521
4.618124
4.547885
7.722304
0.725378
7.455236
0.096676
1.485247
9.349951
4.439626
1.397000
2.646694
6.646292
2.851655
3.361780
6.498658
8.753428
5.449123
8.734430
6.342798
3.180740
6.115942
3.504901
9.397981
4.147651
3.371042
6.542118
3.745069
8.638580
8.542323
8.636827
9.334493
2.072495
5.707795
6.107378
2.525821
2.903178
5.865326
2.387439
3.877519
6.513007
6.170345
9.567802
2.522666
2.377407
6.910381
6.397175
4.687501
9.667849
2.285980
6.246763
4.626176
9.594434
3.783524
3.303910
1.861233
4.937353
8.003078
6.259685
6.871036
4.869081
1.780741
9.859928
4.572046
3.441855
1.372476
6.878244
6.894479
2.721986
6.789499
9.718169
8.113799
4.859990
5.752964
5.870256
3.756936
1.763249
9.212867
8.234448
2.817159
0.236931
9.270679
1.626182
6.688059
2.222292
0.141154
8.563920
3.599289
1.818970
0.029153
6.772840
0.549454
4.158276
3.429925
1.927655
4.215302
4.740443
9.844920
6.385616
9.452245
6.466002
4.326420
2.978282
8.494927
5.459846
9.601302
8.372607
3.034575
0.215102
6.609648
3.919574
4.510335
1.487926
0.754242
6.568398
3.696859
2.108061
8.524735
9.938044
7.309908
0.874159
6.196810
3.370936
3.108740
6.834803
2.158495
1.304167
7.638816
7.848923
3.611180
7.751151
3.041043
3.990347
1.415246
9.620902
7.380255
0.692353
2.895333
7.739432
0.957547
2.253348
5.359269
0.917893
5.049958
1.032077
2.861290
1.432946
0.278467
5.012095
5.391994
5.300950
3.073141
2.426874
5.461003
1.403679
7.058129
6.738721
0.195815
8.370250
3.199723
4.237637
4.116705
6.223402
0.339780
3.171478
5.944371
6.705357
6.778476
2.232316
9.703109
9.004867
5.654650
2.445099
7.925288
8.169877
4.339850
1.528374
5.906722
7.689287
2.220264
7.425849
5.434523
5.481833
8.283876
6.020349
2.981135
0.644219
7.416567
2.274556
2.798810
9.699679
6.112226
6.770317
8.143715
0.128466
2.870653
2.782844
5.237161
7.897789
9.748694
1.288690
9.000396
3.591059
4.997044
5.355681
4.956598
8.561280
6.007651
9.894012
4.463671
6.023461
6.125417
8.813585
9.213406
8.397243
5.684779
9.267805
1.567222
2.809507
2.077125
9.964607
1.982109
3.403040
4.327413
5.393721
4.525772
2.907202
7.453503
8.569656
5.154634
7.474524
0.499748
5.543551
5.692373
2.047906
5.740908
6.796193
4.099629
8.412213
1.231406
2.369780
5.790846
4.098647
9.792812
5.216165
4.187465
8.290755
7.330068
4.620930
5.286904
4.029467
7.194001
0.640637
5.816429
2.051465
1.807997
5.087220
9.501342
3.712503
4.290334
8.432777
0.842894
1.750741
4.659915
9.238679
9.175038
6.431352
4.177879
2.894744
2.536645
2.025776
2.385229
7.861832
9.215485
6.498225
1.520928
1.091304
7.094397
2.010998
0.539424
0.318640
9.952149
5.288895
7.405760
6.618145
7.335794
5.731447
9.694092
4.051893
6.699619
8.300607
1.142138
5.169878
4.089566
4.320265
4.383876
4.770833
8.028526
1.736277
8.848480
2.573452
9.624182
3.334712
3.943397
8.806829
7.835142
1.145990
0.337724
8.973569
6.676373
7.261822
0.057812
0.114696
1.111795
9.713077
5.834226
6.924286
2.486373
1.601992
8.161771
6.316965
2.341721
9.093727
9.262793
9.293681
8.187906
5.878048
7.501565
2.158818
1.207052
5.958190
5.999063
8.145622
3.499499
3.208452
8.865575
5.439608
1.030893
7.275734
9.836139
9.454734
0.003751
5.749211
5.102039
5.017896
6.680973
9.312871
5.146739
6.044671
6.383503
5.551572
9.677660
5.939189
1.208150
6.506114
8.534008
4.891826
3.955838
0.023694
8.382969
9.136473
3.315255
4.783945
6.374718
8.040568
0.270525
9.370515
9.058265
0.800203
7.399823
4.929255
4.616793
9.417716
0.536542
6.461975
7.006205
2.012451
2.322609
5.862099
7.741835
9.277372
1.048485
8.286827
7.046134
2.869712
2.497766
7.723090
8.461720
8.548653
8.432812
6.521399
5.242649
9.598128
2.135481
4.094120
2.134051
4.679449
5.798061
8.228451
6.576482
5.194406
4.614037
1.179138
4.266288
3.436420
9.463403
3.730776
6.170972
7.020077
8.239094
7.471861
2.398496
4.701348
9.828583
9.462714
4.917171
3.926672
9.232644
5.855845
1.690772
0.132861
4.940977
1.250059
9.481845
4.014946
3.731271
2.947311
2.210445
2.814575
3.019200
0.778464
4.594643
8.561818
5.178213
8.704719
4.822236
8.769768
4.005774
0.185887
6.822527
1.001744
2.628831
2.013386
1.374173
6.461961
2.517060
5.626239
7.353739
6.158180
2.851869
4.108719
5.825528
3.035083
5.667323
5.131638
4.618877
8.587885
8.789653
3.386900
8.407970
9.566072
7.496605
4.437671
9.799577
5.603580
3.477356
4.856417
8.276933
4.490743
5.897345
4.693546
8.449079
9.067091
8.731036
2.956182
2.222999
2.238127
1.265063
8.759378
8.273321
2.590723
9.591179
3.879138
5.414222
8.289249
8.417527
5.553030
3.936469
3.493376
3.218616
6.012255
2.464220
9.309712
5.755121
7.429072
4.627978
4.209987
8.078996
5.069425
3.193185
9.897160
9.313998
4.974780
4.418802
7.776794
9.186925
2.811249
0.777746
0.783949
7.457185
5.202644
9.904801
4.692328
7.455947
7.251420
5.489790
5.067336
9.050336
1.957595
6.900483
0.220290
4.368158
9.051370
4.941682
9.513927
1.825975
5.391329
0.257796
3.611775
3.067845
3.111761
1.816476
7.440638
7.320004
6.718989
8.271066
1.534053
9.210353
9.531238
5.975762
8.365588
6.208796
2.100400
3.598412
6.558650
6.015262
5.391707
7.908459
5.517438
2.273836
5.269051
7.862204
1.172996
7.890259
0.040105
6.663784
5.334172
8.683805
5.203905
4.008764
5.845790
0.519422
3.480495
1.095223
2.041619
0.570487
1.141726
4.944551
3.217121
3.228602
0.864097
2.483717
0.972468
6.156558
6.141305
5.497010
8.843225
7.240910
9.359650
6.034579
5.179746
7.675790
7.236605
0.772231
9.329719
6.041985
1.864408
9.758951
0.873042
0.140852
0.818393
6.348784
4.398461
4.503581
8.224870
5.757118
3.045033
4.196243
5.331264
8.065819
7.626168
1.631170
6.052039
4.454837
0.334566
2.036411
5.562658
0.759524
4.113905
4.689192
1.551240
9.916017
0.176514
8.018608
3.611185
4.564522
1.010684
1.046584
6.743036
6.153122
1.760833
2.820651
7.830333
7.751999
9.892722
0.267530
7.942092
8.057014
6.743063
3.483686
4.345810
5.094167
3.880096
0.748260
4.745589
2.395386
4.807648
0.363656
8.171168
2.306267
8.440337
6.380565
1.728460
2.696234
5.486908
1.092187
2.130221
4.588414
1.925302
9.416668
6.878096
0.830647
1.837307
9.979278
9.855882
7.264092
5.178629
5.472693
0.948468
3.837511
2.750946
3.353123
6.555255
0.037156
0.645753
9.671538
2.030074
2.705792
0.395772
0.028628
1.090357
1.640646
7.902369
8.331128
9.621536
0.124196
7.549913
4.632686
2.142973
8.904006
2.655921
4.128473
5.335493
9.383852
0.499720
9.764042
7.274276
4.448577
1.290490
4.238235
5.073227
6.071962
6.043393
3.473348
9.783223
0.895441
8.982188
3.152707
8.429293
4.477348
5.201568
6.409962
2.004599
8.183146
9.854432
4.246572
2.781568
7.129462
7.745596
0.092887
9.826719
1.770589
6.985597
6.164745
8.908163
6.121058
4.324891
2.710547
9.022583
1.582474
6.934885
1.698567
4.793738
5.143220
6.022595
8.379630
4.888967
7.627364
5.667409
2.273540
8.410984
8.531430
5.961161
8.941302
3.452285
8.937348
0.314426
3.228356
6.249797
1.641412
1.320574
8.131616
6.214942
1.036454
9.327748
9.234332
0.225710
9.323606
3.826030
1.166931
1.530972
7.763825
5.074082
8.905215
7.477187
0.616602
3.311895
6.392245
8.200011
3.124941
5.033352
8.939976
2.077709
9.452977
5.480937
8.993546
2.104551
0.073269
8.603225
1.970346
4.223251
9.059080
6.218329
4.820707
4.959001
5.687403
2.874307
0.576921
1.086664
0.462210
9.066430
8.031611
2.071918
9.489323
3.123025
4.689758
3.571501
9.058169
7.325850
7.208818
9.115643
3.436298
0.788993
4.175590
2.139295
1.552879
4.750165
7.822916
2.009910
8.945504
4.744479
7.494560
0.790900
2.015081
1.205295
2.085950
3.737952
6.036264
6.964157
4.035760
2.350027
4.157179
7.524235
0.741109
2.831303
6.411784
3.798286
2.862017
4.916348
4.918386
1.280059
4.349334
4.079550
7.586545
3.141391
2.263570
6.361242
2.375186
7.184954
3.432583
1.284377
3.236965
9.360420
3.593950
7.116939
4.123345
1.023738
2.635077
9.154311
0.140703
4.906185
3.685962
0.380001
7.801543
8.041948
2.627757
2.555002
5.005895
2.156939
6.407316
7.710687
1.960875
6.237018
6.268665
5.666646
1.999047
0.653777
7.206478
3.666874
0.727832
5.046754
8.059554
3.394154
6.042436
3.217529
1.897126
3.084237
0.749171
6.712543
1.136688
8.798091
5.798405
2.075472
8.176893
2.705701
4.395506
6.637109
3.012611
8.439888
7.655292
1.134257
3.940390
5.420491
0.002598
1.062668
3.780601
9.223021
3.934209
4.409283
3.577893
4.133390
6.949277
9.185748
7.159798
7.053749
8.569645
7.492806
4.424534
8.154780
0.018179
0.067047
9.441664
2.274728
9.625910
6.860224
5.562860
0.249768
0.821832
4.967192
3.839286
1.514733
6.018758
9.870322
9.404450
1.668806
9.895053
0.911596
7.856313
2.363711
1.704916
3.501601
5.101455
6.457662
8.225321
6.425920
8.537704
8.930929
9.215837
9.101724
0.460331
4.633279
3.902265
3.576356
7.731666
4.556944
8.514887
2.419504
1.012260
9.266094
1.610750
4.917658
2.132613
5.419289
1.627567
1.769582
3.814183
9.164611
5.317763
8.056340
2.865391
7.666263
6.251631
8.522960
7.762459
7.735099
9.063825
5.836517
2.339652
5.309486
5.084195
0.315491
1.844047
8.933875
0.981128
8.995097
2.200869
7.781789
7.377081
5.337682
2.311512
9.382561
5.921258
6.228827
2.033463
1.087146
3.216457
7.434368
0.660122
0.869469
2.093953
0.412930
8.532047
5.159369
8.245320
6.745610
4.418561
7.281791
3.049207
9.579756
0.822305
1.722436
5.145460
5.284363
8.798640
2.477470
0.313155
1.878221
9.165663
7.680204
3.377710
4.315704
7.564930
4.758296
0.498129
4.809643
6.161428
2.709441
9.679171
3.600931
0.461964
4.492321
0.167162
8.275218
2.574362
6.034710
6.398184
6.200442
7.930264
9.233334
2.012124
8.793077
7.148874
3.072367
1.255531
0.428665
5.543245
3.890544
2.873969
3.348264
3.851927
0.494732
5.329515
6.844513
2.693249
9.705721
9.558787
0.623651
5.240239
2.134047
6.891957
7.288562
3.389752
9.972593
5.592834
9.846265
7.553088
2.012625
5.056881
8.007269
8.232343
5.320878
0.433925
3.790167
9.032810
3.316395
9.872457
5.863384
5.122859
8.694708
0.036346
8.317371
6.394884
7.125012
9.385425
7.674311
3.133308
3.744412
3.487160
4.498434
2.400014
4.054718
1.809591
8.205553
1.371809
3.966104
3.752863
8.380051
4.424571
9.606393
3.679074
1.161656
6.076648
2.011857
3.039601
6.129018
6.879714
9.190598
6.516663
1.953846
7.763113
6.807823
4.665354
8.281024
0.312385
5.409523
1.017297
8.150517
3.372069
0.981357
0.115465
5.298496
1.288725
3.799809
6.032032
2.561272
1.500567
9.966635
8.220766
4.259220
2.556695
4.964381
1.672458
7.637763
5.310030
1.880774
6.061519
2.511815
2.688643
4.874770
7.963719
6.466109
6.167458
5.524440
9.970874
1.208070
2.813339
4.567479
2.238702
4.553032
9.518999
4.255593
8.059287
2.643579
2.065810
4.986063
6.347960
1.459041
5.616719
1.570220
0.232172
4.704199
1.696725
6.672006
0.915915
3.610274
8.578856
8.960502
2.206618
4.896960
4.728086
6.331020
2.200021
0.078934
2.653789
0.994234
3.799096
4.066256
8.185682
2.790067
7.454090
5.893493
5.963169
7.948394
1.343502
6.443931
0.760192
9.104076
9.541439
1.642110
7.808199
8.731485
9.486554
6.606733
8.088910
7.098255
9.335061
2.375653
0.890132
1.139522
9.726039
2.600349
1.830915
2.840306
4.804294
7.989863
5.889728
8.474752
2.064428
9.989395
2.833043
7.546992
0.899981
0.161463
3.972772
6.369884
0.008042
5.256725
5.901891
9.128305
0.120492
1.187451
3.259493
4.688890
5.870694
3.281355
8.397253
2.146317
0.067593
8.290903
2.697600
8.911522
0.380520
5.839622
2.891961
4.506959
0.714177
5.647850
6.910078
4.825102
3.622898
8.287312
9.967008
6.640769
4.209964
1.269949
9.790772
2.404812
9.940819
5.139536
2.649981
7.704360
2.939121
8.885658
9.201804
2.964432
6.316241
4.784959
6.850320
7.567555
8.618587
6.992461
6.066334
0.690210
2.496824
2.044021
3.534703
1.989408
5.971208
2.386316
1.293641
9.610787
4.509628
4.825500
5.950336
2.322521
1.543552
8.644938
8.181039
8.141225
1.443406
9.073228
9.271054
6.333753
5.626132
2.329593
6.789237
6.225148
6.601415
3.336212
4.669036
1.571610
2.732428
5.463439
1.240339
3.969238
6.986631
1.804316
4.298508
7.800956
5.737568
4.162356
7.643674
6.621365
5.381539
0.397954
0.726879
4.735886
1.347776
8.475773
0.706457
3.640450
0.271150
0.741084
7.323492
4.237668
5.195753
8.234692
4.487062
5.059172
3.446936
1.905196
0.023899
4.086394
2.430035
9.892915
6.929337
7.414834
5.792249
4.812848
2.644432
6.479490
4.231960
0.825943
6.231350
5.633092
5.260754
6.627685
1.205587
9.386825
3.229420
9.898892
0.370929
5.325507
9.430407
2.061990
6.961301
4.614019
1.947708
1.884845
9.547321
8.301489
4.723695
1.266883
7.273222
6.915205
7.850366
9.060161
7.548388
5.040563
1.744423
1.157121
8.280660
4.058045
4.796965
4.546000
1.600389
3.656884
5.670305
8.663657
5.830647
8.420632
2.208762
9.654071
0.073774
7.839172
5.894618
6.512986
8.375930
5.207813
2.282946
5.176051
4.111343
1.428766
3.027192
0.252014
7.715942
0.954193
7.987027
3.591530
2.727743
9.838279
9.318911
0.786308
0.036772
6.553295
2.500232
6.682332
3.932538
9.058016
5.404642
0.663240
4.005804
2.730623
5.191616
4.834142
8.565148
3.556656
6.953120
3.026891
5.115061
9.620852
6.081043
4.075402
0.687602
9.958174
1.685861
2.551432
4.018757
6.252512
0.224351
5.409297
4.564257
8.184024
2.733526
8.538594
6.047854
9.753124
7.699403
1.283589
9.596606
9.506513
9.174220
9.326329
5.067163
1.917863
3.819836
4.526578
2.312331
1.321698
1.498504
0.663564
3.867320
6.495527
4.076320
9.424502
2.814432
0.486403
7.748905
7.096827
7.113518
3.088424
1.079739
8.760609
8.952125
5.298592
0.135587
9.385819
6.657997
3.477904
6.005406
9.757166
2.795820
4.426876
4.826709
3.635090
1.570424
7.697702
2.478725
8.379240
0.089040
0.516347
1.302945
9.083885
5.150203
9.778232
4.289858
6.288239
0.874868
6.259020
0.912191
5.221134
8.233325
5.488934
3.856490
9.624080
1.908968
2.668794
4.750604
3.915820
7.574645
2.679486
4.812100
0.712121
9.034004
9.151729
0.069126
9.518763
4.178429
0.679550
5.634381
9.519663
3.218431
8.100025
9.471544
3.297298
3.554629
9.751857
1.588314
0.578140
4.222598
5.941139
4.223238
0.489746
3.497976
4.193336
7.369766
5.162058
0.161155
1.726208
2.965121
9.112643
4.378112
0.195199
3.490543
5.656189
3.139282
7.464446
9.932597
7.461957
9.725224
8.681474
7.375380
4.210005
2.457832
5.096832
5.533167
5.559996
9.495461
0.421144
6.349726
2.291594
0.816343
9.043414
2.376001
1.835067
4.982459
4.056218
0.872305
2.422015
1.225586
2.144475
1.421389
8.585143
1.287362
4.504328
2.495495
7.282772
8.317043
6.172848
8.321772
6.516814
2.008134
2.412989
2.049690
5.354649
6.139160
5.187674
5.114059
0.763630
8.333631
1.380252
3.954870
4.366302
2.613984
9.091464
5.448030
7.235277
4.697311
5.916905
4.761727
1.677593
7.960922
6.374815
7.804220
5.854997
6.911376
8.266753
9.436213
2.549653
4.919031
8.571403
8.490837
0.864521
7.050863
8.347702
8.890257
0.259710
2.761871
1.461217
5.039481
3.177408
3.269791
6.639153
0.927554
1.341488
0.095000
1.881899
7.432536
1.712476
8.864864
3.382776
0.644163
6.322262
5.215489
9.818753
7.976969
8.971560
7.604120
0.463150
1.637544
4.628829
3.418275
6.002331
3.750898
7.937671
4.999004
3.766528
1.077198
9.826255
8.532468
4.758932
9.286080
0.125867
4.305822
9.235071
7.111638
6.489550
6.066777
1.898629
9.830355
1.068853
6.287210
2.208121
4.414650
3.248969
1.097134
4.205235
6.962208
5.124594
6.625324
4.935680
2.798368
9.406471
7.884542
2.685369
6.453075
3.151231
5.306807
7.985142
3.591074
5.272417
5.659354
7.727121
3.698257
3.817169
3.757728
6.319959
3.701205
7.696259
9.952100
3.795887
5.739081
7.216259
2.499803
9.670875
1.167286
3.915455
2.786844
3.369199
0.709251
0.098321
7.807350
1.063585
6.245187
7.269459
0.236670
0.955920
4.543454
2.157412
6.398567
8.356478
0.120603
6.697749
1.165342
9.123590
8.493492
5.765096
5.481584
4.726211
9.312270
5.396136
7.386931
6.229663
3.899898
6.355493
0.351391
9.245769
2.230927
5.225356
4.427565
6.995816
5.272927
6.314515
7.612346
7.203393
0.754973
6.715962
9.208293
8.186122
4.287865
4.892885
2.997046
9.328643
0.068591
3.496001
5.647185
7.281488
