292558
137264
573346
328580
12099
304344
231197
389907
387151
190973
238408
184481
592584
205870
164963
419153
149897
401742
71580
565069
309028
180312
188307
235397
275386
363850
112243
76953
11004
128340
285446
81498
261006
607544
569920
148236
395354
368428
78115
580785
66937
554898
306020
408188
515141
448100
500215
9456
294017
445568
240332
221410
641230
471558
320916
287521
621216
190259
574329
641816
421783
622352
116241
377796
14294
49708
46752
575956
552909
342772
448832
66452
289101
388852
207977
557656
354416
39894
296212
504087
112390
618501
571499
545509
155941
435853
22936
193603
300600
397757
389423
294288
496855
349742
302448
155120
437468
564291
341411
502205
597960
429396
485744
74022
182968
633301
551940
143425
4964
124755
60692
376964
125957
366846
273049
12186
275473
483286
305368
314957
485795
318145
578191
201495
615184
397640
38363
473526
204919
496894
86865
475022
505318
78471
535741
181302
130188
8006
223566
270431
376425
475029
289442
96143
188643
46222
90335
98352
223217
500730
217488
623152
114794
227624
161255
183146
154829
364295
143676
495198
300053
344736
136172
5696
174391
6213
483266
326865
408423
184831
3758
325801
491398
160254
67669
176919
358786
107333
299437
406302
13965
320458
176534
490197
225102
199110
136756
571034
200630
602984
646048
126843
271663
33906
617003
420538
473865
247305
109744
351516
401117
239703
337951
161606
319266
589797
629517
423049
399771
90824
420109
168913
582116
546528
563083
356661
266212
479966
192403
637211
206820
611038
344099
57082
135217
15363
175134
315913
270678
438063
460863
621892
465903
15260
646722
536414
88838
476115
623087
420612
433938
609745
22804
279993
298145
321508
21439
180921
498765
596654
226969
267667
485488
584623
356775
35811
474136
210930
125968
101209
392665
572779
148533
303320
561594
483069
459184
544207
475503
307222
64711
629645
156167
350801
335224
615788
309393
255799
104211
492159
594877
611793
421140
167077
190735
260579
313152
578248
559701
244382
505576
222053
145070
47574
297492
272699
197429
628875
518560
385908
172079
375495
382711
587052
94249
56657
197303
186312
460428
642326
73480
370677
653401
236420
647391
472231
427175
370768
134939
417683
501256
236358
591960
212090
154513
397432
261637
502976
34572
93293
492188
111974
42284
2226
499500
618346
352589
67135
213845
242801
290726
31567
580261
595403
420004
44727
66988
439147
47828
12366
208731
187137
360535
470521
107050
51020
368362
197450
509322
48811
303863
496450
397530
478286
183365
218810
302884
427797
142279
82358
272558
576343
10702
382270
98248
383006
251854
587525
522885
297215
99818
293430
311844
162920
525859
86361
377529
498378
66944
402462
390275
174345
502526
14498
186243
284886
578521
87238
321474
433160
548396
58030
60600
511778
561229
122437
552660
292873
257764
459810
328099
384024
323426
285860
564937
328284
94882
321770
516377
9596
383717
301762
637355
27302
242210
480502
292248
650536
55093
628879
192377
46082
562372
224221
8993
612283
455439
577724
355267
299576
34779
457667
368837
439868
129728
337279
392932
561634
211453
209067
399515
429663
98353
214507
299472
231076
303185
21887
518365
443305
90273
554699
210450
156950
614252
16420
369990
261499
97739
256614
544475
501384
55548
629278
95030
543859
545097
377885
323861
106068
152254
440725
524028
542102
161252
128192
581278
590996
16280
169676
257148
331725
475282
619460
32935
420281
556573
312294
193458
344963
313939
398273
493328
644648
467207
645383
633137
146792
427308
366219
545141
533376
375843
593863
270777
51112
493348
614713
238026
223524
613139
492840
326406
402109
163410
250266
594339
551379
171604
591068
404221
425617
139715
89721
128604
188393
289272
25568
160135
431598
161225
543081
590978
310092
291045
578867
213155
311832
241656
16884
392219
266306
229515
360854
243353
160693
156905
482823
254710
105258
582102
203122
235131
130664
497769
384618
249607
458000
327819
252379
223002
22418
451148
89855
365870
78731
394598
275648
416540
350441
460010
58420
213375
463105
257763
128724
253838
99777
149938
223977
303910
142335
55643
394767
226596
114263
64682
226713
108638
368292
519884
358134
287512
84855
415475
199452
422583
113202
493199
275453
374326
593381
421593
2753
53332
25624
234471
65991
107037
124319
461063
505827
256877
190608
615683
93528
398045
628000
62412
140809
116358
253815
531714
422745
478662
609178
472970
278270
560654
8307
551575
350723
206324
251026
529873
640837
392434
423634
320875
625900
485220
374509
277494
330873
211521
514923
52713
610046
211754
494078
125755
415403
506316
495695
489462
535394
144525
274854
204585
380108
469781
222576
431262
605090
198173
437329
258164
353566
479678
490676
570536
187122
395377
617811
166417
627705
289458
625648
399680
490324
30562
484000
541591
409378
41734
338190
463320
170380
266256
444307
355749
97375
650910
534949
245364
461729
160088
35224
20991
519861
502769
540966
169197
582505
534425
642950
530491
601160
355735
335175
498740
199548
409172
33209
307148
433694
382483
652907
148559
398093
160086
98977
380669
357253
576463
639402
635557
175771
18438
155186
133763
510823
29023
478902
279555
377837
426827
406366
567676
242622
75997
306256
360500
76447
581402
330939
91932
322618
442409
308034
35785
546414
30100
607428
190775
450574
228182
213895
284479
604051
518638
520758
632174
584737
320234
346667
378743
86893
307193
519882
551130
376390
199684
89412
397951
566254
173804
219844
319638
498174
548132
110805
67888
360920
568148
342908
480821
53609
650893
222055
493569
165157
303271
218455
508930
617442
579028
402370
254935
614860
203837
366852
652936
111469
632134
472966
149441
312918
170962
453166
442391
641165
294899
311420
223912
3420
80747
513288
645320
476920
184671
464368
315050
191321
631369
63152
84497
606082
604668
470016
636031
433434
537415
59885
230008
29241
403505
181597
252987
604202
20858
315538
316217
57227
467583
557983
1671
312141
384041
615255
458809
258745
60041
225505
635217
627454
158953
50248
111522
283247
445115
53134
266714
552932
399962
45649
518043
217180
467229
274115
380393
344871
577727
446221
434668
605933
28125
576856
143760
378744
502202
238132
266335
623819
482643
434810
376619
170388
187439
69132
96562
605689
285071
182778
339503
545778
101603
541916
590929
231701
147371
509888
87536
541943
382533
450625
350429
104056
16616
412886
252637
544145
40041
296817
246237
625462
433780
301031
132944
592256
90875
275963
406608
496606
370559
230141
169706
402974
433842
488617
203157
606876
62716
440194
252637
634765
278014
26544
49111
249500
214555
189450
328410
411641
638364
643210
37537
307674
346104
8307
396248
272882
174075
550459
640169
373548
536270
570939
30925
367660
27647
199251
465168
177195
623473
2050
343512
543133
8154
250564
75824
165045
363389
202909
604599
437423
262008
449850
505224
33558
241175
639548
586782
93830
105643
401120
636342
131513
152018
583482
359756
510179
388107
571828
586711
171206
611277
586614
86299
430496
27732
531167
555749
459203
251327
19205
308307
361710
576375
386716
140046
602828
262871
324322
445898
485227
517591
290331
197204
298232
96432
408026
44912
328416
497820
101206
533034
618626
73934
336471
97946
416472
230737
492360
582279
563214
630813
361028
27623
396976
640822
164097
233227
206076
325224
501530
609755
501695
465535
53003
533698
2677
566954
241238
571420
23531
113265
521615
594660
153269
578071
529876
90497
193838
505124
404470
418116
207444
202297
542733
4360
117683
575950
558788
510572
631166
650745
263177
452347
616827
448697
642169
119280
613048
252628
91312
587568
68531
261830
328314
380126
327179
391327
29197
233904
15479
470092
653045
204892
263584
105165
10219
443124
440440
623301
375176
258593
483808
518000
146325
417804
219199
538378
501545
105155
269708
87138
618283
496182
174043
441096
323109
96278
624164
37035
618481
245788
440014
381451
48585
298076
18648
296024
483755
481316
582860
408491
633536
530339
59218
9519
45446
284422
473553
195092
500427
320886
311560
476896
479360
648005
203121
156717
570258
175845
538205
131729
641702
166197
474401
386404
345663
102772
640939
216905
235756
533404
240803
363389
632303
546082
490664
606574
284155
65971
241947
318694
254028
209426
423833
72376
71561
602569
428755
638212
184742
608086
480058
231261
199397
14117
88489
365046
345528
560883
461562
260347
1598
31598
523343
462231
354107
302419
380889
103483
593556
166877
123018
141999
287222
379591
599655
626683
530133
494889
443834
637915
366945
591504
230945
172133
9315
130472
439419
185688
166406
69131
118986
96715
399532
501233
366127
239156
170067
589035
297241
248146
365356
302271
282720
614659
4027
239952
91971
297915
534325
410616
272975
308078
262921
206292
192704
164575
643292
189420
608152
379759
588913
65355
300667
51646
433151
169937
9539
152434
363410
412541
120211
612516
436731
458391
272034
174495
229097
307776
505254
152035
632079
521800
388725
81635
439979
9626
170408
193717
499200
351195
37710
32039
289937
408895
557705
11785
616520
148033
200371
598538
110858
449620
477634
41287
618746
389072
150364
415258
449043
431049
516553
258067
100417
96078
616480
364488
273867
86837
500642
304529
601742
115095
412457
281322
562237
241459
136999
326647
358065
160242
39229
118587
381547
22364
202881
380260
310038
495799
37334
236223
101819
603132
110921
489619
34298
16687
44139
321722
394951
368374
346597
387713
126559
8842
250694
38699
48870
7348
319275
30922
321625
228367
647369
35102
625211
86849
118909
362166
222311
181832
90704
29692
285546
651679
454670
134212
240891
595474
430056
495761
194333
608112
78046
417160
434092
418027
38135
546451
89579
61489
185838
10012
622705
138112
315717
302136
2547
595743
532447
462480
505187
230728
505299
567601
418359
268560
359326
317663
462408
5259
88221
36386
394229
253350
600291
40387
61776
520382
105964
14620
241124
281196
279084
636318
278116
171376
201036
60158
21457
77033
651849
188885
49827
68941
302561
639988
333720
641046
273230
109662
26210
438265
232253
38897
631366
454661
36514
227930
240976
24238
351268
547944
619630
158352
338048
11071
155078
210551
19581
272874
43968
464296
565918
599899
490424
271622
425004
248503
240851
346990
325037
494887
430919
594608
604212
159227
127989
577037
430917
270225
200868
454512
573954
135340
28615
386258
477723
252876
362404
284319
193774
642776
425301
562342
55078
631944
19968
146087
120263
505205
449945
500856
143966
25359
630307
36260
281083
542788
555274
277013
44497
311160
479538
374570
611246
188054
459235
19761
161796
617107
349353
126495
620579
358741
282351
473997
445751
237142
563061
510189
46773
356777
632621
62528
326851
527543
343155
254358
304705
282431
214596
617747
315804
444497
205983
539270
233905
102675
123344
561971
43753
138027
371287
596696
352684
45993
651778
362619
469539
279071
291436
309296
465445
52252
612754
157261
266270
200297
600624
396201
476369
288004
185786
420528
581397
192085
112426
104975
453039
385314
628921
598301
585342
243604
161322
403126
379890
533669
190790
146034
312090
368331
36752
601155
515370
119233
236445
410631
112821
7886
298576
268466
590397
530346
190703
177467
325756
399925
98034
226283
609518
3941
541730
17315
350603
198601
458479
489772
622528
599045
115105
53264
630929
494794
299379
517187
491483
55952
108626
281653
341355
561850
624390
420194
143359
149432
68845
362456
337206
395569
481588
358731
336203
263134
247938
416762
125805
651429
23616
501973
333085
585113
177555
568814
1593
268866
389115
399031
330497
272334
2600
653833
335608
21862
10223
122198
206661
187799
106203
253859
164725
346269
203066
143352
372503
240640
243513
368734
441196
372549
463741
408546
177079
294731
425981
363309
129819
262721
550749
219709
521552
176712
25662
118910
557122
32894
450545
542632
244147
359915
336601
387915
248612
622087
199373
124024
14417
563569
310539
404660
258919
310005
357495
415085
480020
307518
629363
360454
66829
181259
498842
54553
635137
173039
282489
54036
89740
28200
342913
501008
465365
461001
535768
417015
349002
252847
68543
445296
361331
142228
20317
627304
513924
396847
405448
188036
210209
494686
221936
569624
44669
208750
630153
417760
85036
460635
385800
69601
287967
389289
133587
474233
364441
622656
40052
127444
382774
373747
59134
495005
455223
247247
618216
108897
134894
25359
243511
452467
262920
97396
19245
550303
379662
249201
202354
420777
437230
134270
576317
425359
150954
524346
400723
585171
206445
405769
305531
353729
610392
367814
524438
593171
260828
329721
517525
502464
430622
405062
647763
602324
117059
122372
426858
588791
15015
283857
36825
54101
341717
70378
579895
551646
443642
88402
500582
462870
521557
247425
620781
331418
370046
532752
153335
275903
215335
178157
625494
539449
445158
162666
222216
447413
227992
426138
497221
311875
491319
576347
555990
69383
544370
614617
437130
552904
586006
405258
24772
507489
63878
285060
538756
302831
174380
225609
47867
388944
321154
52615
144103
8142
256528
353600
133330
120034
653223
77187
401039
525220
291557
371334
128960
320551
186637
73588
70034
211583
45291
446147
22809
368884
284971
112788
420720
9036
295007
574274
424198
433561
392297
490729
387232
629195
542437
247605
597351
533762
373800
489695
555082
257623
644689
497645
616895
553935
636671
145664
439171
296444
607025
166149
107252
498154
606827
602629
201156
394683
512883
3357
131544
200483
37562
468319
218385
370961
602797
472296
493051
24664
91018
557926
169542
461415
619695
5191
476663
235032
260731
410414
494791
350822
577337
561207
64576
119933
46856
187545
394597
250937
550334
161929
650797
499898
604742
555756
643637
111299
248623
239646
483467
634726
632376
80154
308693
511014
179780
423686
99060
86471
513785
389318
115995
672
582492
307486
605366
366573
195368
121373
368447
644198
203266
46716
603722
92717
564545
283412
51228
14790
288661
56535
495049
451031
80109
237642
265430
43392
476263
513719
51595
650480
100669
386947
262711
108259
331086
75072
622308
504244
223673
510638
461889
416008
407336
255993
474363
168860
192378
284250
654598
364650
603956
380927
326622
241686
253550
323871
129363
194967
134670
3500
496283
426014
72732
537251
43373
441527
582928
59120
538146
536532
391543
417306
79953
433106
28344
636200
413351
324492
604149
226375
25452
328099
288339
331114
21654
466195
55993
113660
200196
183672
371755
303998
358905
411490
7681
258279
27226
366566
133283
577027
67597
422538
249606
411517
473165
564475
318468
201169
221054
45193
25462
476196
301208
632944
126434
532428
294272
471271
614029
485007
71033
23305
515489
4159
62593
113681
5958
117619
68673
554119
350816
580935
351803
568664
105524
439963
307673
199214
409971
232157
202056
624721
450767
19353
259276
574612
29294
75322
548927
174984
262934
590804
33651
78061
48671
609045
546997
503905
487672
410601
124454
527763
227170
331064
371706
615856
125457
369399
513768
445741
32131
648298
41788
600611
174810
194074
155722
80309
275443
163814
567197
512707
493979
231736
462208
305787
555562
542602
642610
324485
537231
413945
16202
570308
472952
222828
416461
581806
413239
224631
270651
360122
255095
613396
5963
189009
338508
435969
405851
175898
650434
455802
343506
267375
624957
207800
609552
634834
636501
545159
76964
612670
253248
627523
469420
380152
294854
186213
56695
540530
155789
559594
232687
6330
343327
109548
368493
37557
13847
275808
198352
56364
400561
653805
448353
49580
211134
180615
57363
118257
646054
351384
406831
431332
635204
31650
401575
196953
468891
391019
492506
409207
58450
122099
543971
586338
151188
572213
167766
130823
189458
77921
209695
427798
160398
594328
254291
463487
580794
496986
600045
417723
65979
458802
268496
183618
566037
402807
358833
220486
611457
559456
298289
475009
161155
583610
624605
178350
376517
514164
212110
591505
438312
174370
199545
382510
538837
609473
49136
490407
654820
61554
48055
371772
388405
496451
263710
37469
52645
617685
60679
394624
371872
511130
257689
592637
336506
116072
146448
502657
652785
218361
446343
640728
381558
77596
152358
244458
45997
395635
538839
650767
455814
222371
158049
486502
340111
288325
151065
262814
499816
562906
548392
15466
649119
191338
423010
502551
242648
22681
22203
618007
455738
366836
55708
126696
2426
77936
385707
437720
326922
377371
616890
55840
494102
486886
150383
352058
295351
604548
265271
246471
142163
471947
425312
563465
563057
211085
267015
565412
186242
398198
128276
280302
406262
196874
187206
216404
267621
209128
375389
477212
362592
168494
589930
67040
431392
302653
298050
506088
47538
488586
6335
97337
612758
290955
91553
173453
435571
186886
220317
425896
573664
357113
572419
415681
208452
400814
229697
615906
271820
220924
428744
245436
566138
559829
566023
611745
135823
374066
400253
165532
190262
384390
156463
254117
426836
404379
627035
165325
155805
452878
419245
307200
633592
149813
409387
303181
628780
247957
216525
121977
323574
524489
410234
450300
319100
116702
646180
299633
225565
89946
450772
451836
178388
444956
636889
531745
318504
377026
384713
246214
115556
603774
539652
184625
15527
607563
106573
438308
145640
9250
561245
235883
119207
1910
443864
36009
272516
224783
126330
276254
310669
645196
418487
619462
423755
283536
195184
556723
357816
629230
548707
198873
14096
433169
256873
295589
97512
49430
430466
242277
138153
558677
651299
479062
57288
406114
220917
203734
447925
141459
85469
500617
514387
236662
507979
199297
261511
92749
630515
483672
45374
189748
507211
62753
147675
351225
60155
330954
67638
187517
93909
18249
328472
353369
347403
201401
159047
357892
91991
462561
441628
12832
548552
209697
277717
269792
407856
22267
207845
389570
439442
444234
146297
635902
590142
370583
160242
519391
535421
284416
100163
387102
503925
145507
486660
356156
359257
542892
394549
195371
42219
486052
149065
183422
635678
400570
443699
533706
8419
188131
182376
343222
517589
638890
84455
589849
235343
327486
350989
324835
561072
393717
648414
292531
394753
401435
577607
603809
550321
372557
607374
102709
184123
136126
653040
129899
223021
283601
353482
296601
190526
488472
561621
337814
489850
32751
363302
373055
134211
376236
445395
268673
551302
80701
155305
379508
268608
641781
341846
274429
543342
480383
302837
346482
264075
471466
41984
381185
134444
118488
333396
622679
243302
281171
552650
55239
114736
305392
605466
601295
421485
273801
189709
166241
132761
156318
515233
603946
425867
99675
71519
464938
131792
35351
20882
652224
346613
485343
433726
480758
375616
635312
265544
439066
543988
74851
338813
268013
283132
287301
312661
526157
113788
579894
168653
630730
218543
258434
577164
513483
75103
22133
588091
437542
475910
3788
7516
72862
636556
382351
453790
162946
104988
534889
413988
153467
595966
607046
609070
536602
385223
491622
141480
79105
390475
393154
533831
229343
210269
581014
356490
67560
476822
644621
619625
245
376780
334367
328852
437844
610328
337296
396143
418349
363827
634235
389230
79177
426384
559284
320590
259249
1552
549386
598767
217268
313520
417773
526946
17729
614106
593642
52442
484954
323043
302566
617199
35162
423491
459158
131888
152214
384178
507368
608001
68713
543085
461775
188069
163693
506140
554547
560244
552652
427386
343582
629022
139950
268312
139857
306672
379981
539259
430996
340420
302385
77275
279595
225209
620193
244500
404420
460067
539957
489675
157187
308107
644126
620148
322251
257338
605070
383768
110806
8707
323811
81923
621402
263123
244532
193155
144863
184456
197866
51017
301114
561107
339359
570472
316030
574735
262522
12182
447121
65650
172283
131949
90057
423491
164958
368721
481934
403582
186900
269269
381781
198907
371413
336307
302702
562815
576038
221963
551024
626922
491297
290827
642225
367236
227892
318270
542437
294305
386488
307596
553718
594220
572197
193736
145686
146677
82907
574054
542200
169785
628567
254223
354826
543244
551651
363923
257980
228941
210935
394019
161495
610121
377167
486871
303299
275905
529465
332229
209268
648620
610402
326027
289590
509660
602074
184238
50970
51376
488714
340960
649121
307516
488632
475229
359778
332092
593122
128292
452230
14436
286271
593190
323858
623504
119667
353326
16894
236701
201054
203932
119044
487629
479723
440335
542052
100535
603609
624639
391627
548247
406899
137651
235825
429827
394216
353350
518288
361590
149018
345312
515257
76873
517096
2628
436717
349580
569101
341043
262718
383109
34040
228097
71776
133799
37387
74824
324046
210837
211589
56629
162772
63731
403476
402476
360252
579549
474540
613394
395482
339459
503040
474258
50608
611432
395967
122185
639562
57215
9230
53634
416073
288257
295146
539025
377298
199559
275005
349389
528601
499788
106900
396626
291952
21926
133458
364554
49776
269608
307310
101662
649856
11567
525507
236662
299140
66236
68588
441911
403251
115397
184854
513168
508035
648329
17532
520492
528024
441913
228306
284807
333851
254286
49037
311006
156984
315074
23832
535505
151143
553145
418156
113276
176700
359590
71577
139606
300706
126176
617130
450762
54437
120409
654001
645915
476059
339386
358658
62158
251495
180286
219750
429605
2435
42320
633833
133042
177326
25937
1876
71457
107521
517889
545988
630557
8139
494791
303607
140441
583532
174058
270563
349666
614980
32749
639896
476726
291541
84573
277757
332479
397932
396059
227629
641153
58683
588656
206615
552422
293427
340889
420083
131373
536290
645820
278303
182292
467236
507615
6087
644003
116037
457808
404012
583805
401149
283436
177638
591304
103709
454484
111317
314162
337066
394696
549167
320403
499866
371419
148998
551222
559115
390670
585977
226248
585718
20606
211573
409586
107571
86545
532913
407302
67925
611303
605181
14792
611031
250742
76475
100333
508810
332535
583612
490024
40409
217048
418922
537395
204796
329865
585890
136164
619510
359198
589401
137923
4801
563820
129128
276774
593695
407524
315929
324993
372729
188370
37809
71215
30291
594177
526359
135785
621892
204670
307347
234061
593636
480106
472437
597402
225201
51707
273651
140200
101769
311306
512682
131721
586252
310934
491163
51832
132060
78990
136704
244970
395592
456402
264487
154011
272444
493108
48569
185552
420202
248924
187565
322197
322331
83889
285037
267357
497191
205874
148345
416890
155660
470873
224957
84172
212137
613444
235533
466415
270227
67091
172692
599936
9221
321531
241563
24903
511281
527037
172212
167444
328066
141357
419909
505327
128507
408749
410823
371369
131009
42845
472283
240312
47699
330744
528190
222439
395997
210864
124330
202128
49097
439913
74493
576591
380004
136018
535880
177320
288063
434969
197434
553116
501697
74334
258237
355237
170
69643
247765
604439
257832
288966
234480
270885
455427
601997
469224
462274
561620
491048
289966
534431
1191
4393
618768
149076
630843
449591
364567
16368
53859
325529
251611
99269
394445
646861
616330
109366
648482
59742
514871
154908
111733
229480
334328
423209
539054
421129
559527
585297
603969
596490
30168
303646
255738
234380
506702
298643
558031
158564
66339
607262
105562
322283
139762
355158
106664
115971
249966
600611
348504
527980
187786
502416
409706
558560
508720
506927
594006
382502
153331
347962
333197
20676
120851
585490
64299
589502
144236
509987
483464
349810
151487
614895
388055
408212
133265
71247
210793
487218
43261
56981
137229
27061
559156
338124
540365
442080
289574
477219
199832
627818
53890
112881
337212
346316
576627
162363
20522
123091
600680
503329
221361
282833
495775
311839
32645
315204
403795
177565
634334
235990
30275
294408
10955
542324
168713
395490
419311
406352
519717
605115
131866
576263
468508
201350
82282
28092
363282
254970
188348
219431
252439
32422
349275
448562
176504
636074
626444
40871
343424
139856
451671
477663
222150
653563
366531
645284
494999
131899
331407
524764
539514
348709
28437
248392
591974
217343
647001
384262
335731
569816
2381
545087
419095
466944
615083
502943
205344
245393
228534
294809
157287
265730
118593
537759
89902
259922
245947
549195
289968
629564
241111
76130
398239
131849
199203
401671
450868
602315
427076
128047
508763
446157
305748
542705
20472
354518
66669
534152
220991
64314
7567
347242
84457
249024
395315
167855
98341
653173
538756
279132
167555
325345
109606
500548
347998
123258
397247
164614
176202
319472
521910
423762
404190
362049
653451
79172
184374
299334
146715
298387
623837
278894
528173
173249
135384
326766
416019
95619
368097
102905
15215
308294
111196
437256
60025
236602
562223
587235
144612
320927
309859
414909
144180
5172
173918
65158
248977
266486
536456
182849
488511
386235
390802
520905
88047
422309
49819
596644
625307
107617
511718
572226
621710
432978
530114
465191
611782
155690
58335
74679
637405
170416
119990
186142
314854
523623
385989
555401
135294
654665
185666
494599
58981
10581
260359
417456
527
344504
386786
598232
7896
77820
213614
307291
384741
215046
550322
140661
4429
543352
176789
584025
24937
382705
189527
295368
46804
370137
452858
316217
237430
543117
653197
435209
275904
83227
641648
157601
651481
336824
173669
504912
192618
582330
603049
194277
413941
313587
448942
495947
564827
458257
397563
45233
163631
133956
231650
130377
391329
156389
84780
629852
295542
316243
389961
152208
101158
566554
536152
533543
94595
594623
607587
415088
368714
152672
444939
407971
432630
218642
305989
102997
179072
358051
81286
260127
457875
118247
281707
511243
376017
272784
500935
433937
352684
26080
47636
310371
88327
555468
46298
238580
17770
48567
479952
277719
340508
539668
294064
331557
225898
124858
1566
267805
159254
648342
454121
485938
379600
315414
173305
424639
277345
54129
408377
369170
344768
434351
79009
615174
211643
648733
24309
349012
618031
135134
456215
302384
127645
123525
625693
544046
309572
83026
476657
453194
514481
593766
494691
330338
114322
75833
542681
265948
314373
297926
104883
239657
371609
567781
382117
551854
144753
632689
4834
513748
386309
426835
548924
341299
149615
339217
269441
93635
198390
16515
505672
62533
523437
235374
178765
644761
610724
51531
2409
429476
163855
437933
257722
593626
354198
43466
262524
178954
340237
316810
561325
233089
455679
198370
335220
630512
398527
267085
45062
652618
110484
167210
263373
409764
14703
354503
299123
536348
179144
559585
396352
639180
504588
84121
628923
623018
601241
611210
332081
125689
250336
296653
151540
86618
98205
43487
253448
425690
267145
617644
184446
31876
507832
465097
466191
202402
70761
574135
586686
347248
8885
615109
436338
227927
393570
639445
183226
290119
316323
238229
102919
504476
162445
549141
5835
33839
85389
595321
337523
640826
281140
412106
57335
410191
59781
342172
539579
359722
252738
630723
125106
174902
311335
256627
496411
175602
315365
46669
592052
599767
4530
623821
273837
44534
369254
623880
210923
530843
620727
216091
232956
639097
104091
37889
276732
389358
276774
32095
229243
274814
482984
338300
10561
113128
194322
597206
286923
12792
228756
370684
205736
489189
650942
489026
637352
568949
483352
275906
161076
334025
362621
364379
622294
27600
416135
150181
53499
592669
155713
120262
326530
265828
57167
158729
80319
140540
93152
562635
84368
295195
163544
477283
545065
404543
545375
427085
131605
158137
134328
350922
402336
339979
335155
50045
546152
90456
259186
286150
171310
595818
357042
474171
307843
387770
312064
109942
521726
417779
511457
383713
452943
541769
618411
167094
322373
561735
556455
56657
462085
547075
582631
17020
181001
95762
330267
208234
214289
435103
60788
87915
6225
123332
487098
112228
580967
221693
42215
414335
341802
643481
522778
587960
498343
30352
107318
303354
224020
393368
245818
520203
327614
246843
70595
643973
559183
311881
608572
8248
282186
605229
466068
425299
397592
124428
644242
70048
412038
144711
289318
212924
71901
275594
456275
335845
434197
323464
183393
616462
516721
175988
422908
206519
347786
523314
235344
345533
370891
506404
242368
250161
246266
414184
242562
504382
652220
248767
376116
472924
163827
633790
76499
256603
182638
220803
46481
6443
511662
69703
409284
476411
15510
62647
297759
141388
419336
547650
7903
438943
76371
597923
556629
377821
359241
309736
610288
353641
484109
408267
255583
416513
23028
605930
146206
342448
290164
458477
345566
413828
498882
472081
49477
440137
603474
536485
281009
320660
196414
611361
4495
229113
370093
477199
