327801
466174
520726
536967
482926
397203
396391
253107
279963
546420
96115
480507
521867
215503
142818
446094
629964
532693
654489
37716
397932
122573
584603
171858
399692
644179
514633
601484
152878
68785
134095
55129
190593
326748
390671
500946
171984
376310
262333
457091
18763
474786
62285
536143
89916
314141
426733
534148
314336
474645
613286
107491
407074
17462
206234
55164
246052
25369
219319
460505
432376
250591
250271
582881
520773
405332
568440
7634
310923
92280
467741
238303
300968
574843
41469
191980
247169
72551
438580
455192
501488
306220
477336
629434
598826
32969
615601
84494
566190
256044
228888
74840
532686
155461
575531
236310
590844
338587
145933
391422
220683
108017
354996
135413
517523
444838
566510
629814
457800
310720
599795
269873
477566
191915
22460
81105
124549
549897
244887
224821
172111
578449
465099
459493
272231
4556
490926
161864
640934
563313
274484
561727
655093
13827
625219
607833
284582
379435
397558
609864
250214
320305
649676
498355
229394
548103
335181
305815
300266
262416
100405
404298
123734
294501
334715
479550
21954
79720
601439
534981
632190
240911
590064
643990
216842
308258
91161
104261
534567
254656
455699
236948
624540
243978
7376
260154
57478
83876
64087
410839
50694
62146
37547
65285
413475
374682
84475
483127
81560
45369
412650
325082
165702
136242
495236
617147
213726
378419
629249
410580
257048
444273
169673
528301
360426
372051
605417
16569
14724
426940
466165
518349
370318
62431
250052
164614
430348
578887
525086
187944
37010
463877
69928
385943
434100
51138
512066
505876
591521
97328
569617
497520
299006
39411
615272
170893
279689
170352
362767
74513
276998
573729
128996
88685
335372
440348
454897
438572
435724
519844
225501
540085
455205
112482
15017
305599
129965
294696
640663
262537
464743
364663
435159
279790
392469
509087
226131
35019
465919
350168
248306
296097
27668
366144
115049
257055
309811
322401
451934
615131
440655
424873
497270
452596
474152
85774
358478
574383
600869
23393
44212
623193
513494
444180
479722
187937
447089
532202
594056
2485
366024
80961
506303
428038
51233
99599
19661
319282
472203
103659
220248
420567
80804
300068
273890
575067
38191
610206
141884
628162
407668
529311
58510
512731
55949
478171
625393
214660
337474
137082
274080
468015
470570
261184
644334
211243
250274
622121
620947
129406
384640
624442
350169
142984
560268
149267
341426
447168
213707
320818
480814
422428
288819
522926
534611
372379
336243
252146
77918
127670
387535
422410
505333
276948
567361
232522
241759
467751
13042
387968
462963
611236
523011
79243
281480
61679
147942
94401
226154
588867
547919
572749
77118
640003
313154
208224
423645
132704
603736
124070
394781
95405
466883
237328
174437
252986
145204
613833
300620
17430
603318
402804
433843
470367
559782
500755
309470
392151
133980
590549
383001
89320
455102
521012
413868
200760
260093
519247
481972
196988
311007
351922
159170
38352
558144
21627
431235
134347
270029
533992
345053
175882
230864
612071
358159
566897
222613
317120
617046
372318
14714
19159
121332
184149
42702
447848
375941
561330
407682
130401
589538
332955
459590
41560
565754
114275
480227
103185
597878
654164
473716
503021
104932
473353
161208
50500
390055
531481
431382
602764
626265
485101
37823
430907
53035
197749
367368
454647
178260
114536
614696
650456
89162
454559
281745
386523
560158
132851
427609
306971
577907
241803
460462
363708
198604
591279
160098
363500
508385
245284
299794
309423
255842
262622
68084
407744
433713
431806
68974
349391
504960
598169
248431
47026
227651
258717
41540
42166
424059
146817
649546
53329
471608
565490
111849
340242
493940
95669
125707
576498
203454
452972
152982
633981
457885
122458
48136
194493
236154
153045
451134
162340
380458
30083
486910
152073
303068
367205
429688
414056
286384
438567
486809
409584
268983
826
616400
649395
106636
411570
320550
492425
430186
334010
292632
50004
602864
564215
338410
113995
159891
302114
500041
194471
408196
49139
268490
256586
501699
289415
289652
262148
376918
544425
207178
486149
257732
446423
99756
371068
565479
337438
229550
536592
437330
403286
369884
202256
239941
59436
80358
434346
84291
247149
302075
16959
260593
569974
369124
466899
381842
415623
570915
403839
207524
108241
454562
343093
322789
7029
453338
596425
345577
408527
606027
153769
611805
224410
54793
201452
340635
159850
359682
66139
402215
296196
94763
621183
519784
195931
19719
628786
422258
564627
493426
573843
186732
41088
209177
292003
36800
410338
608173
15336
356575
249007
79667
89999
259773
261951
458699
171311
26966
161345
289113
354843
99217
651091
310378
611102
275440
553664
56821
206217
165864
643293
31684
500552
193911
291144
145974
84601
360625
365527
253500
30383
41285
601115
268590
582485
341675
600727
28791
434317
544431
518374
568972
627251
29932
540186
377040
641568
51821
258552
464011
438772
572865
317967
99993
281182
208228
414327
36066
179490
463365
365697
207532
155725
555061
46853
221546
365843
446786
362064
171068
303531
404615
521323
177178
238875
635139
168599
603742
589277
263196
130558
343051
107406
254984
148225
495867
300333
150608
223275
287808
457820
377220
7218
501737
7884
425952
266314
356007
166106
636191
425060
508406
561379
581155
67474
587650
271760
24446
87917
189214
124372
141609
137158
445252
353061
599658
640744
209657
550943
270588
219281
78366
246783
461958
579812
256410
649690
418733
605760
77459
130659
318736
2310
1971
568631
309349
316965
94965
107358
269880
435375
502612
648929
116311
383295
103415
471258
246822
349179
166047
450741
135709
164108
485078
305013
14357
122727
639120
217791
144882
382943
573363
153104
100013
470285
138549
155025
510794
209744
448841
137757
461411
455033
106688
552807
198690
588682
224057
25117
325204
402565
565104
166615
205686
244130
194717
649066
84427
330860
50766
106508
347137
202529
535181
169485
516331
471089
373711
119268
98666
254974
130027
326418
354124
482783
491190
262825
642663
443033
428026
241857
72838
367823
368313
90263
190272
502850
652154
369928
267126
530522
653714
553373
423649
112400
502405
248761
603624
159817
467635
350980
514195
424417
273486
515588
299049
27010
121533
571661
234641
238078
116677
215316
470495
200519
191474
201979
166087
56365
407050
572748
73845
131014
581098
268005
524719
51469
413444
517436
71224
523907
19377
433565
21216
462075
316604
366450
417690
25428
325050
88779
177906
386321
652806
131111
524363
95612
175742
413757
277251
583411
379495
561794
101169
543500
135042
298542
459715
67900
616713
505065
192480
127369
478013
387896
54973
377579
359013
189064
210355
447202
188105
33632
180758
36496
103513
386098
332202
242795
164339
206370
43970
421748
606933
479311
363770
546990
128747
339585
448239
251561
542982
548545
333673
237000
455643
536253
611655
324846
610859
564326
242617
526263
475287
419119
241534
519095
246279
232269
81842
359369
112145
621607
451110
144436
632422
499664
224547
54825
67158
13104
62997
109277
613221
454796
263103
179038
408773
571605
34018
634849
142796
158255
536560
39032
89739
226535
549597
333906
66520
343487
518911
606729
550400
177905
33280
121841
304778
419205
517394
435979
46480
615710
270938
133124
255318
65042
64667
97530
162376
599912
585796
175529
133616
314022
237918
152401
448935
648014
43431
608331
518363
440890
334326
107452
266460
428544
525912
359539
581323
9653
436325
651983
98017
452085
310152
477843
503264
305967
200543
77577
221621
315813
428192
530518
611605
608433
11929
31372
261654
409104
381985
321965
409511
389771
443662
72940
515228
198871
65494
623730
100671
498354
650228
41059
311740
44182
456527
215249
271856
22047
453881
188496
610488
431768
494144
624229
342385
329879
83652
590653
462244
236281
477738
639145
611657
27286
272578
429657
610166
23822
374623
120962
366132
321322
377783
457837
298898
132163
188548
325398
339203
245685
402131
195683
190031
501386
312529
87402
303065
226526
564615
70000
440078
85237
139996
94329
604533
573966
320741
19606
353785
112094
403066
267137
8580
86992
256161
306026
588141
385939
186872
130813
369093
573911
172365
566225
27900
600758
428687
321956
630767
474479
629060
49541
337499
407195
562577
207333
451126
234165
350229
577686
392379
639765
271929
555305
421597
94325
293531
207414
609809
525394
637972
511584
334386
4164
183580
371993
593876
168589
541240
52054
12630
155702
405400
499510
37681
542930
502236
248180
447474
500120
552252
280354
82073
232302
7938
160442
598036
275104
263715
219498
284707
188100
388301
127501
539644
552086
302765
344534
431913
540861
285490
318039
274263
345284
311719
599094
505458
450796
381148
166357
122711
121705
405007
635132
433788
392835
271520
295412
193109
383912
321629
315263
363571
185540
386444
635812
642967
266169
79840
275879
163084
513027
428398
127923
324625
580330
264665
155143
577151
399160
430701
564744
629891
570082
415426
187580
483040
449314
197810
3828
278906
357283
48261
542824
52774
227656
18497
439587
620678
197144
71569
372364
587897
154205
130258
554519
571321
403374
100857
599018
148161
523839
255085
571065
282114
127543
513848
259250
496713
160343
519527
419515
310661
280638
644467
367360
149761
187385
158407
218942
478088
471099
644746
64418
222362
492928
103929
247753
471372
407698
104664
596310
408180
441178
156569
63041
467173
172698
552250
85609
422486
244749
151060
611429
535296
567281
458856
223079
561554
649851
510749
632143
559083
139593
140380
475174
498112
564227
400915
155923
105271
9087
526925
70961
326695
219994
352027
453721
388882
216506
212859
323913
630627
617675
29293
375302
184047
103973
526772
149463
280833
532504
621921
443441
418029
187305
297699
107403
321502
640571
584857
426538
234407
410398
156665
119443
363279
528865
335432
455228
314756
171301
583328
501988
44582
155103
652192
291628
471211
629988
260565
74218
99536
563862
154498
442332
145389
285240
293742
298796
511302
125148
95144
633091
133792
496646
384037
632206
33849
433053
212049
99262
625435
167038
416728
235826
485696
35958
106933
249868
404309
451673
136341
48841
182862
397716
437399
158880
121784
575871
194818
142158
380253
271587
531994
313900
653258
286354
632760
191775
472992
96948
449657
309776
142884
167746
541760
464276
404765
456633
79825
143441
387494
284118
397128
103599
452236
653938
506574
297085
317119
405778
5234
324906
394775
471606
463866
129864
351040
126190
215332
189705
432458
348077
239444
340708
28146
340774
412120
469326
366000
479012
4281
526511
43454
455385
634789
432709
31594
498854
36367
249330
129520
472627
161445
2207
54327
541129
468157
104853
176681
214556
562702
460252
252426
386378
567626
400277
426938
320188
434119
441274
517295
543094
125406
602627
97873
235263
413609
435907
66300
636462
333997
441856
375601
77564
526826
45604
567843
620344
325950
639196
500557
335977
219347
476795
496137
99286
550070
584926
220532
365592
300242
590418
585252
560445
547429
606262
544417
32357
107603
582031
238035
334975
538598
225972
522813
287802
447541
210212
590126
143418
292454
210377
553255
238267
415911
621365
40236
306482
132696
381819
187048
386524
556851
181976
652298
48913
109368
77324
177738
108983
446490
459386
597910
113998
64408
481756
419232
95357
110998
346818
591070
311379
594242
569056
594866
8570
592608
558365
448636
235517
585995
393541
6982
145631
269560
460489
441833
144647
164550
146074
395016
87219
359995
20089
4976
280239
146483
635738
487169
438289
116718
250821
48857
256179
605017
194492
388141
547605
182885
310069
282673
152741
49398
405147
233319
585517
572623
477536
570517
267258
558366
162589
109938
192683
522849
616452
100061
46149
233504
461487
81638
285676
241281
257263
138367
635399
557430
167902
229659
125582
225292
34852
602054
482918
256123
601968
450967
77189
529959
630597
374900
350105
455972
314645
225571
315864
471773
360297
584352
347469
650954
371552
57024
171753
115775
312223
439712
227054
341549
535007
547038
585976
207210
356475
450164
110301
19311
644469
203910
110989
61067
253055
182184
477448
602505
542552
395707
44726
488312
477947
233444
521263
136159
483576
388995
105747
501003
106202
192838
220895
101257
38402
79430
294684
148286
511309
35626
44329
110181
143504
500191
356016
217993
41933
510145
396910
428469
203607
534200
100343
140341
133597
526707
52224
101860
558716
346769
224071
418013
634406
523742
309272
547962
146089
56425
582079
233833
35275
44426
217063
200734
197702
529014
555670
343874
534447
84948
404263
113405
260898
542404
623084
622452
271890
646839
343672
169512
104651
199488
506917
446058
649531
328932
182914
434637
252409
194451
286667
413789
132725
504137
267837
252024
637706
562944
575641
272955
550610
201059
77565
351179
433332
70963
353897
225489
483489
268327
400089
499577
229289
493439
642368
422548
387195
592586
85161
142861
467097
248713
37938
356598
646448
397141
373699
356240
310947
578286
243235
319295
451542
631589
184035
551555
366405
162339
360978
132284
154939
64932
461137
540994
327283
608464
304144
139786
446372
46857
428152
566708
4340
291129
91428
416199
309277
426688
453712
171711
208971
186540
312948
147387
64539
9448
626246
146510
325269
402099
382620
145837
615652
300645
459684
283739
603512
84804
177800
364966
530501
427795
404179
633824
506858
537988
456003
210761
594540
339844
494333
567822
220578
14249
582400
111144
115343
463146
395462
90143
153384
230722
575133
31946
501920
562882
308396
23534
31702
610484
98411
99080
500488
344449
408570
334713
407935
179053
454605
558720
503253
568803
358677
25811
114711
258087
26322
206191
418484
92578
434780
257685
611958
552861
56568
166698
16991
464088
58837
31872
618852
255828
298666
632655
219678
61059
165599
265845
352308
494465
289514
296814
359691
550190
53640
53247
95631
256383
4528
393517
403134
196339
257621
235914
203567
410234
365810
3710
519784
118822
605159
587072
467850
314492
495438
65060
144217
346089
600952
499707
368766
33161
21602
338132
93081
647044
643952
430892
597752
421913
584699
267609
471662
134096
98704
66271
434440
2370
177107
621111
596772
370628
129355
83717
305337
125024
238646
178552
630927
535895
595207
19801
264964
269068
51921
355574
625469
343075
185716
332927
37270
201063
296379
636622
130875
469149
89585
350627
202529
638480
556847
309417
606022
37860
259216
283602
267258
540775
250416
114485
536400
220448
645843
128458
803
353071
304297
560684
177026
94127
308658
551098
570086
533846
249170
38218
292573
481490
171532
82528
387600
524199
202526
226565
409470
563839
436824
577992
535913
174856
254023
457586
602701
141281
400723
513425
127362
70039
600314
130324
80316
191313
15591
8782
464222
262951
28601
198728
302114
73719
468711
254382
81664
631557
406344
550989
310429
393306
461805
465800
489732
97831
197182
491759
323384
425714
403797
258292
132979
621240
372585
549526
388534
135449
641287
507101
387199
453191
297636
359282
100350
395103
559592
654984
471639
616391
619194
276447
425701
406266
353542
128487
134862
390509
600734
604047
175773
529660
28122
552871
367057
187057
290675
383232
99042
373853
466461
329043
291011
279896
35165
228289
86395
294228
96599
46179
390893
26212
525400
439616
189501
180270
87990
129506
36358
513373
407723
209418
528362
539612
102090
153360
36815
637036
626999
161059
116128
526197
243001
645469
590188
160602
465546
59399
224257
202571
472671
187437
591831
148444
389745
368687
334047
602770
504357
157914
421297
603956
419746
68683
588047
29409
396418
620876
470975
86594
24527
158544
608328
643887
567103
134179
477394
607026
585805
278329
220121
2873
482555
174734
329261
636001
464454
117398
260996
392938
522238
112199
82582
525524
641470
91801
27101
534648
306145
122878
9887
276460
4375
601566
213479
583921
548596
514833
544299
304648
13377
92605
18454
400654
652985
195563
633984
175523
486367
56571
375397
596380
136464
225476
420363
335215
382639
274161
573
163756
59676
348024
148797
590351
334107
238011
45542
7248
493987
471734
213593
189457
445085
511989
470605
456798
210178
27515
349647
309527
282643
43549
510847
273637
181497
456209
556563
239704
339538
516768
92606
281998
602160
330001
319804
378017
608191
599551
162604
137433
423301
324148
380586
454978
545516
386394
34164
208595
330135
149065
121038
123634
337776
118428
215833
259838
145015
205772
128895
47970
407817
200173
408357
163436
111231
337728
579955
533491
499097
333529
280843
382207
494246
424195
115453
496057
86046
617077
653995
272272
546235
53333
552451
414984
518152
79973
255749
559772
459365
119748
367327
193869
55285
178609
35359
129780
278531
222550
189777
265156
181558
270609
104875
471861
337021
371375
176123
622971
88951
299793
609498
595324
442380
247454
142512
34472
514513
557424
649832
502747
369741
59496
258250
235880
509603
232874
35460
552852
646818
601145
649556
154713
200485
553894
379118
131913
534310
622622
130169
317904
566923
420982
123242
444826
134853
232191
239444
409449
648043
454667
534554
407769
520048
217700
572336
422580
357094
549613
369767
159832
187827
101859
478651
444699
283833
464766
264386
242781
534074
25105
448101
553893
52023
453490
49915
577103
565595
406641
469215
483787
253490
43897
47753
180911
135085
415164
632490
174238
602636
640748
142841
121192
124644
262793
589534
272444
391419
207484
265410
471900
203730
87319
530721
539041
528077
396679
202419
273899
597348
504628
645291
164340
120809
404877
195708
371494
103511
229299
122476
7618
163573
593164
552826
54124
637494
328658
199999
417968
108027
95277
492214
349573
329558
528144
344790
652532
646180
584712
191227
178280
571797
477784
632331
195685
50260
90878
16282
525816
478993
438005
559055
599066
160852
528176
215758
478377
480640
599776
572160
288854
509872
190504
646573
356296
251257
650025
631992
614810
143455
77395
641968
277488
513829
505059
560650
232490
580548
312158
205137
351099
177513
425781
513908
307948
17285
202740
293806
461918
534991
74492
355091
596987
174128
415740
63170
588051
279358
244251
616297
598079
269606
126222
26761
528476
167211
288133
62390
10907
31237
203108
516914
388380
69383
297509
77669
409081
485151
20283
36990
307457
651496
186276
625012
170111
263765
470900
597600
615970
315916
269163
11062
335518
586747
211812
463990
119582
150099
184120
568789
322644
174156
389798
573223
605798
520076
148619
7958
654787
125855
321605
30027
101204
636722
143723
504185
478849
437490
634236
82407
624188
375940
287458
511207
420139
181084
383408
338443
163653
80387
650344
469850
553897
595482
91967
546302
415906
563589
368484
288847
374103
169470
637149
177712
586171
155347
17220
22646
176466
332343
471370
219986
521995
284953
320322
227389
543395
86477
370213
91580
562852
546169
597499
599570
546241
505631
412563
634810
319196
444724
532919
538964
405806
18953
652757
190506
499737
102633
138271
27411
425869
471877
314516
635264
30355
610980
183120
334412
41830
170055
193356
123307
541072
426981
133379
582868
11079
621787
147395
519462
295724
359827
204561
536366
351371
391866
174016
512413
107839
243420
456281
20057
308238
272868
655071
592349
645523
430668
381929
376323
249203
343220
436221
653992
589644
379180
501312
374326
342427
263626
198910
641716
416822
383997
423296
451211
295328
531747
35088
624921
333814
571652
23134
80129
623688
652079
561538
455594
513200
612746
501754
452690
150785
201240
308288
396143
59483
158032
223678
599160
539405
425426
171549
501461
599146
300408
150106
151277
301114
150864
477481
390018
353310
629760
97949
121533
557555
283011
614504
85223
34015
162940
189127
369913
34758
463989
138527
267071
270215
217231
259521
596000
364064
199114
648455
424102
518363
303967
127422
288652
79099
246066
183383
219480
188439
209364
316193
158235
552389
342240
37281
23308
619221
314196
581699
492639
320822
501931
58597
488516
305250
567992
597359
299154
174017
420969
544093
512518
587535
462084
413552
226135
24566
240268
113074
146924
240991
518821
257309
381715
142694
177701
28130
230123
229268
202411
17092
145674
459010
192157
552923
88184
148960
105613
551898
642801
74335
377703
192942
187357
302456
298897
329102
532544
548070
383577
20562
429256
292841
47632
15555
437888
238058
13617
399942
268495
12615
394942
313335
299487
145329
207519
201473
445852
482484
394931
59137
379517
183298
126970
428858
44537
233779
256843
412130
246242
462296
141879
201094
343505
324678
208688
183571
388817
579829
387584
176068
217974
398893
373395
548396
554084
371171
348660
502953
191852
588141
342350
216483
423313
203541
382725
209565
549785
654500
26567
33946
223885
328854
224258
454186
126915
569540
3270
461596
601112
626278
141534
419738
618292
453628
518221
252141
188575
346329
26685
127187
109078
92611
555667
159771
343667
424312
227348
552072
21701
321023
229768
100809
532699
539950
234098
254272
295475
104575
16112
61545
129277
285784
148221
337009
289749
215927
86011
591625
529279
150919
465512
570597
126743
38525
22549
260535
202219
651450
2039
125202
421918
2578
605691
308085
599630
635823
281916
642699
480230
141799
242878
522385
431068
44542
5219
58193
176515
526762
39662
304165
445543
86613
597525
338795
624706
24239
615075
175651
363187
137235
642507
137608
219716
438410
638308
459106
150200
580410
523522
364870
324745
556772
547994
231718
648537
167234
128444
15667
590735
560064
344785
228400
220692
111881
286905
483710
142658
36547
415217
341311
214206
244208
611942
426911
2200
46023
362742
644499
368568
280838
354029
278284
91059
634596
182326
23220
210023
627604
627027
590968
143766
364309
417142
153766
97911
284876
3757
61153
359123
495746
418394
528262
19385
495357
562382
244605
552377
58907
137229
527167
484119
2261
254759
567853
516369
64557
83464
558448
567585
188079
212754
156855
111341
647867
397393
465642
256469
522432
605302
588696
473697
441648
359016
39096
294261
418588
554454
1143
275532
231049
60292
601766
14384
634343
177361
374911
18792
631437
293577
127884
533916
516041
48408
443746
349163
396249
356616
294115
220999
162454
425575
260803
514815
123767
82363
555730
598664
181678
180058
562433
119382
427721
253789
257158
219037
539914
78196
192189
635050
84714
407965
562263
58614
157859
26896
194270
611819
404695
219606
137738
283693
151459
523211
546250
590006
636204
155403
609865
501609
327465
39026
252138
597050
500823
363704
554918
76709
451274
529323
84411
493822
371356
369305
462409
431901
416439
227974
513012
486432
362630
52362
515179
486438
456422
344503
432863
408016
516712
384277
281416
527403
111842
502261
434998
71469
283028
511035
376341
386320
330551
469207
211123
606441
452419
28550
149750
412473
80207
177170
608668
434004
224713
113254
304604
138908
235248
93489
477163
291845
484776
398967
437683
554304
173002
345064
269248
337022
534526
427745
359096
159243
422416
612851
626174
632106
554702
350880
537229
325997
3700
352208
3918
399534
75743
321745
317580
155968
121902
649075
634970
217588
149997
262509
379768
537252
566560
414727
361537
81052
48119
331109
642562
9816
584930
128833
455358
324025
330092
440322
154111
546357
133609
632269
81305
564578
284273
142068
232114
528452
277452
217211
62217
293079
258378
489961
576505
164124
100336
472641
320185
413093
560521
199040
150917
285651
304306
8932
632483
307698
44054
438825
70459
460890
531440
153598
568575
55289
248176
3458
585974
183746
380849
173567
301819
322339
381843
247751
54375
441546
277551
575772
11998
146583
266889
448110
572297
133526
597717
245545
425340
199163
2880
150741
150797
59966
114903
18814
350186
69220
216041
544172
27394
491558
461411
349720
450581
633696
235984
271524
624769
271270
64759
632644
648099
72784
167109
162537
370667
479275
297949
180298
552103
98290
614498
428927
616813
60025
105326
145317
73456
163187
191550
146559
39501
73627
256911
258202
353195
99091
639346
563289
580602
140464
146590
549020
580236
519128
197918
441300
2062
450193
275254
45763
591935
41256
146664
365049
332762
23527
228023
298549
460978
90955
364094
188320
145804
468734
82252
255760
324902
451602
508707
215300
512843
236053
27654
308275
129819
637792
115166
374127
522932
546977
530276
591364
21495
297054
401569
145511
455416
36264
116389
241460
122280
206015
480943
64279
292106
573366
602144
248054
494296
346491
584657
557639
371213
107277
517416
382772
482049
381996
482484
335892
101103
120411
171073
528667
26905
345525
123848
468737
343235
432455
316731
292030
531752
268392
191073
382171
237102
37643
145731
555321
450425
541690
118117
125280
384029
580584
19228
101329
579530
296236
135685
557845
346291
221363
143267
555280
126177
542186
564866
575537
41751
529669
50903
629683
616723
295540
519039
264763
604733
475050
244364
215334
548139
86159
62526
425157
146688
180386
279486
410794
208202
616277
480990
519965
594702
473471
527812
84850
122111
289081
544825
299187
474623
529005
603657
403846
114230
210537
79013
7745
636629
262953
241404
126357
558510
512808
155151
363336
232589
112641
383010
372836
166605
556654
471
228618
239517
464939
281035
364757
252048
548761
450295
564288
383283
500361
80468
251368
401882
416474
153403
479907
155281
59234
291823
617871
365169
87804
402502
37313
462387
648180
316858
204902
187351
209186
89457
243734
498738
289248
31178
218018
368837
420948
89679
184260
299338
543994
428511
67466
63621
278498
93544
637182
518495
1165
25013
24892
298904
31888
70724
346628
324145
115177
132676
492915
25980
162018
200376
403911
577115
315694
537334
217630
95354
55573
48616
652606
184240
606264
497217
67442
559017
85676
351547
450598
573929
215650
505729
237061
514412
310611
72192
1575
42138
627463
605624
263805
34712
497558
648676
402882
383356
628765
211714
132936
516560
220114
594565
554997
136078
167499
324859
411739
403623
284716
96641
315784
367167
219436
296743
295464
631999
522650
586639
97257
196588
546142
590891
216290
525731
182867
408430
622812
644731
469100
272992
385500
128527
116889
385432
403661
141302
476447
432731
278557
574888
13868
568872
94859
98181
370228
375568
606654
305076
261008
430966
514129
257760
30526
280355
97447
448676
638876
82489
48266
498931
96385
334485
610697
609447
236765
333062
175047
436567
185178
391186
479872
449574
549785
333430
353047
174313
387164
259311
99229
143103
596216
113455
576403
300898
565838
507368
500560
631318
614601
282606
592027
176616
394543
224301
98032
286832
5539
161082
18581
336171
451117
534386
638538
471218
250067
139039
23136
281951
250001
589545
387108
530084
15776
453739
101374
110305
198872
114376
517380
324682
216307
371612
27681
427419
506407
207865
112010
531785
216325
168256
37691
229897
238278
354079
183747
154752
335596
323353
385104
232239
528958
471602
205176
395048
214673
274598
571405
415298
554653
497319
395021
454575
553613
213764
631564
126169
621539
640618
349069
628723
77444
285735
8765
653364
594315
577569
145396
280447
133950
346695
368730
92653
14202
542780
272339
549826
107689
60565
579735
265589
429106
599334
133979
440710
336262
260006
208098
164632
540391
245287
260339
459484
13433
411992
331523
188890
335335
258151
207691
69990
551532
153393
483123
566323
286497
635206
626361
545303
344769
211858
278045
440771
545604
5709
258819
652280
68413
362997
653004
199237
639208
322510
192198
57160
473542
630320
569946
234691
482326
407030
59852
26774
211832
325569
12188
434144
335353
372353
116757
530799
163163
67894
354527
339709
370523
623724
618780
401041
6746
37424
151002
5545
148416
49409
237714
336351
170332
178389
624451
105034
71506
243463
67364
183589
19084
180798
324021
299707
69850
597095
423784
372816
462262
330419
166792
313817
317636
104069
81712
599725
319271
64143
342441
45042
535549
533647
344502
428438
469458
186141
584072
479753
585659
200105
88805
168311
470857
540348
346295
90405
332900
506498
407297
395932
50275
322576
41860
634855
172675
642746
287478
72384
172391
438365
521356
509728
651775
344157
48150
640099
315890
358840
221929
52707
367705
101009
99896
198812
652503
130377
287187
605594
534921
24386
379080
55614
410139
65455
274963
289290
244407
21655
583152
595082
51499
282066
212838
323316
298845
192401
17491
191658
555505
110132
28914
465866
159280
643095
111988
305372
580092
162381
507577
599273
448256
498899
170878
496060
305442
160230
204101
316232
344566
218125
646587
617693
146477
510951
82336
632650
483995
371936
566460
517839
500179
95690
596612
243659
521124
450390
320021
398918
486270
18804
568775
91088
516406
186029
88187
38769
76150
