60999
66198
58250
68479
68165
69777
65203
69434
62188
63443
64463
68297
68233
64141
65200
66617
67303
71169
63709
60747
62868
63344
67403
65758
68535
64504
67168
67053
68671
63672
67365
64211
66287
64036
65227
67783
67358
64403
70295
64479
69754
68103
66154
59310
62310
65942
63030
63362
63232
60501
66749
62720
65854
67310
70255
72207
59648
63815
62264
64479
61228
67357
62626
69852
63192
68206
61279
66682
65929
66968
65900
71353
67660
67807
65164
64198
61824
65347
62037
70786
63338
62069
70680
64148
73867
68550
66452
62022
67280
66130
72577
63014
68419
68053
62029
56035
62838
64817
67611
63587
72198
57111
63421
60338
61988
63979
68185
62388
66774
65585
65536
68374
66459
61810
70154
63828
66157
68171
67936
59855
61429
61685
62590
71681
66581
71198
63094
65591
66254
64368
63634
66161
60870
60901
64510
65720
66577
69076
58580
68739
64703
63659
62872
64236
67735
60136
61586
66768
64376
63021
64650
67632
63443
68828
64136
65725
70226
63414
63417
66072
67945
69723
63569
62008
59146
68664
62832
68287
68228
60680
62010
70226
61894
68492
64825
68725
65865
58781
63287
63615
64973
66637
70667
67928
61824
69565
65910
69085
68751
67188
61854
63783
68689
71442
63964
66202
62732
64931
67703
59856
65574
64023
68150
67059
61979
62897
63585
67011
59807
68325
66457
71085
61864
66771
60857
67222
67741
69592
66648
64202
62770
65084
67034
62468
63576
63455
70799
66404
68327
69505
63387
69247
67143
63277
70228
66203
65677
68646
67345
69987
64073
68998
67535
66369
61113
63580
66769
70474
65921
64213
65691
70269
67050
67321
65053
65038
65918
69774
72555
60120
65435
68561
65134
68334
67756
67333
66871
63144
61864
70873
58842
69764
62791
66007
66426
65052
64832
67422
61686
65754
67271
66934
69777
69893
65816
62625
71922
69839
66330
67955
64705
65913
60185
62569
67034
69450
59269
65880
64015
64940
65352
69149
70857
70453
67120
66849
66122
68438
63433
66594
63144
63768
65269
62538
70471
66946
67471
67296
64729
65784
66401
63833
61784
65951
67459
65373
64505
66291
62724
68156
64979
70039
68759
64815
69520
66463
65694
65353
63063
71226
67197
66949
63275
62526
63020
66503
59211
65241
63102
64350
65929
59659
65928
65298
71137
67298
63535
65207
61845
70454
68266
63584
64879
64074
61922
68477
62829
62491
71263
63930
62626
63266
67988
67376
65922
64277
67307
67761
69142
62303
60975
64527
64929
62954
69888
64461
67114
66532
66175
59224
63820
64084
72723
60220
64214
70719
67264
62186
69604
62919
72602
65880
62322
65374
63070
74211
61015
66417
66560
67851
66233
68173
66300
61778
67665
56997
70430
64014
69244
67263
67886
67082
66468
65400
66158
61341
66704
60816
62814
56511
59154
62014
74022
67828
70057
66711
70322
69787
65263
68338
68583
63518
62305
62912
61754
68461
66986
61135
65930
61747
67805
67137
67722
58276
67652
65302
69224
60841
63397
67136
64879
65101
67232
73740
64547
65756
72262
63603
65602
69011
64257
67422
58753
65866
63403
70034
68401
67103
66528
61652
66559
64380
60819
64977
68978
63872
64770
70904
60718
64646
61151
61584
67657
64133
63689
65360
68361
62422
60586
58379
66123
61276
58855
62102
65207
64140
63939
70844
66581
73631
61809
63808
68987
68643
71398
62365
69034
63791
72086
59902
73330
63123
64974
71768
66805
62811
68401
66268
62824
62020
67841
64417
71498
59295
62315
60159
70725
65774
63629
67987
66113
71319
65915
67157
69326
62012
63806
65552
64690
66112
64458
69579
66819
61873
64791
71143
62729
68654
61046
67527
66335
67438
64960
69585
70535
65108
67642
59994
66885
65570
66026
71440
63386
62712
67970
66737
68792
62861
64179
70097
66480
66887
67012
65974
62582
61341
66210
60613
66474
68418
63732
63972
70553
65580
71136
63008
70713
67541
62354
63853
64451
63784
61719
65840
69793
70619
63543
65221
65635
68316
66669
62425
67239
70071
64941
62617
66678
70178
69268
64761
62043
65704
64729
61352
66459
62975
65793
63095
61512
64220
73130
66177
65096
66235
65504
64123
63438
64092
68492
66133
68841
71466
67604
66320
61601
61290
63603
65384
66637
61732
66740
66698
63933
63782
64169
67509
66179
63903
68429
69257
65289
68467
65886
65710
66001
63878
69446
76852
64618
62259
65873
63016
61149
69398
63243
70663
63303
63480
70101
71366
62987
62712
63261
66395
69912
65862
66395
59699
66722
69034
63998
70223
60694
67658
71610
61880
68214
61023
64493
64010
65432
63509
67813
69039
67665
70060
66539
69735
60359
66890
68068
66809
69335
66082
63345
62602
66079
62902
65624
66882
64993
66195
66457
66821
63310
66125
68437
64447
59213
67485
68280
61656
67076
74147
64963
59517
64980
58749
72056
63798
65497
61469
64683
60154
64387
58204
67943
62962
63947
67723
66743
63390
61366
59974
68777
69109
61792
68741
60879
66312
64401
64452
63727
61546
67697
72814
64100
65063
68946
65275
59827
62251
59829
71375
62290
65178
69815
64844
64038
61271
64542
66866
60205
66425
64644
59867
68045
64244
64794
65610
67180
71663
67771
66084
69105
68786
68898
67543
68531
66970
65936
64499
61268
66328
65941
65584
58574
68316
62630
66408
67670
65579
72141
66703
62840
69769
65418
65073
67240
60714
70186
61138
66977
67634
62647
66526
58400
67056
66503
69960
68480
67133
65927
67646
59085
67255
71075
72649
62214
67502
66765
71869
66973
62726
70444
65523
62526
67734
64595
59200
61857
64230
65639
70601
75177
57233
69217
63644
63030
66861
63788
65495
69660
66346
63461
64449
67836
70186
64379
68437
62376
66676
70364
62796
63644
67891
67304
65076
68521
62931
68425
62350
67257
64403
64526
66155
56438
57415
67719
71002
62973
67922
64124
65846
64109
62110
70499
67763
66025
60090
61169
67376
61975
66875
65703
64989
69303
62959
64290
56719
68175
63314
65355
63306
70390
65974
64281
65468
67906
58766
66880
65680
66065
65065
71080
72533
67379
70208
68350
65215
63829
71275
64511
58917
65714
66654
64713
62610
65531
71079
65945
68474
68106
64352
64809
69005
63087
63128
61087
69704
62455
61957
64847
66980
62994
63424
65720
70158
67283
63676
66089
69966
64156
64192
61051
64486
60598
67057
65349
69430
65207
68457
67316
65494
65100
63501
69610
66763
69337
67776
61864
64301
65476
64681
64301
69262
63174
63266
68090
63842
66041
69126
63211
63222
70110
70513
58242
62872
67606
66646
63312
64617
58368
68544
70505
64480
58878
69583
65095
62908
62452
67091
64005
71307
61737
62648
65564
64102
67609
60720
65543
66344
70096
66838
64212
64008
61695
68025
62604
69322
63209
68508
64476
69078
71067
66369
66141
64966
63105
67745
67518
64550
61501
69678
73739
65572
69393
67268
67026
67364
66164
73646
68890
61739
58882
68424
61233
65358
66175
68629
65233
65321
62226
67526
62787
65341
67511
69518
62375
64504
66821
64536
63194
65605
65564
64785
68877
64069
58089
64423
68067
66076
70247
68103
62851
62158
65604
63966
64187
62872
65826
60351
63665
56706
65708
68024
64995
63166
65821
71531
65498
65375
64225
58247
66842
67664
68043
65627
71442
63444
61630
63539
70273
63551
64662
56103
69393
68090
62113
63091
62721
64400
62844
64070
64854
62858
63939
62038
63715
73895
68869
63678
60875
70454
65856
63614
73781
65135
69305
63943
64354
71060
69119
69477
68798
62915
61277
55906
62534
63286
67661
67532
60435
62984
67503
61546
67955
65611
63300
68220
61107
62277
68607
70686
61413
61638
65041
65131
64287
65637
65352
64785
70939
61869
68874
64674
70602
72121
59864
65578
66351
64955
74389
63386
68760
63114
68398
65545
62041
64489
65461
67224
66374
65169
65128
63748
66418
68822
66067
68190
64778
63612
66169
62452
67226
65532
69333
64451
64031
62500
70258
63651
64122
62045
68108
68762
72677
63764
67482
62154
68128
65182
69959
69365
65005
66135
65346
66902
67971
65447
62469
69753
68584
59782
66307
64983
66505
61742
67728
65756
63881
63654
73584
61814
70483
62166
65850
63570
69332
60053
73644
64539
64884
66137
72034
69925
58802
69664
66515
64845
64552
68205
71334
68366
62874
63919
69478
64018
65657
68441
71663
65489
69337
64726
65938
64274
64541
65567
66703
65913
70325
65157
63669
69642
67765
60566
64770
64491
68613
56797
72478
66577
65349
67152
65944
69590
66376
68852
69647
66991
71776
59997
62846
64912
64400
64876
63249
60999
62752
63608
69781
67460
67572
63039
70714
64025
69689
68786
66234
64142
70386
69647
72691
63987
62357
68712
62150
59487
68089
64242
63532
70484
66228
64783
70189
64352
71819
58875
63487
69597
61545
71719
65288
65749
59289
69735
59049
70491
68703
63725
64528
69554
65026
68360
68323
63023
66893
64305
62492
62984
63392
63017
62357
66566
63159
61646
60200
68226
64590
65173
66617
60144
59883
66263
68895
65049
64085
63953
67754
70290
61881
70467
66374
65936
64319
67598
62031
64297
63820
55911
72186
64284
65430
66657
63592
61941
62984
64242
68670
63491
69126
71658
58501
66414
64731
66656
67952
70186
61021
66683
65089
67857
61616
65473
67952
61323
64603
60404
70738
60116
68934
65329
63342
63093
66037
72057
69817
68851
63697
63954
64852
65106
67686
65715
67914
68564
63555
57272
65101
64743
67929
63092
61834
69646
67387
66014
67068
68029
66083
61118
67750
60326
69636
62323
67815
66020
65978
70485
66473
67644
65412
69500
66245
64533
63041
64456
66011
62107
65941
66422
63864
65142
60535
66971
64218
66227
64935
62024
66582
68407
66855
64127
68434
67275
66345
66409
62431
63206
64715
63150
64586
67792
66139
66027
64566
63876
62534
66707
68909
76164
67037
66160
65979
67045
67860
60132
69621
62608
64576
65530
63378
63325
63183
64814
69558
61801
71814
61292
64396
58847
66468
69101
58595
58629
67044
64643
64899
69236
63087
65740
64244
62966
66076
65343
68365
69611
64258
64977
68278
65310
63568
68306
70986
64276
67953
63042
65407
62059
59874
67391
64944
66894
60826
71426
69373
71709
68013
60358
67932
71817
69951
63491
66322
62773
69769
66567
68034
70016
67992
70637
66715
63340
67695
64890
61148
70549
54722
67218
64660
58072
63274
67055
68240
64803
62961
63551
65460
71120
63923
65379
64631
68072
68124
69007
65513
65116
65940
61351
60067
68869
65359
64067
68909
69040
58271
66672
61007
66638
71633
63848
70391
63695
64687
68290
67948
69039
63328
61366
68491
57262
64806
64959
62924
70589
68422
71413
64183
61882
61943
65225
64800
65884
60772
62130
68074
67783
65990
66073
71067
61829
68254
65337
64552
67732
71851
69507
61215
63748
69552
68207
69272
66884
68562
66853
68171
71547
65241
65308
70323
66969
67059
66457
67491
67103
67588
61822
69175
67728
68526
64289
61710
63328
65551
68035
66485
66180
66704
63549
64324
67521
64860
63195
67766
67374
63232
73083
62934
65523
59901
60250
63425
67702
68373
65804
65020
61120
62907
64620
68671
60631
62621
65535
65914
74435
65740
64267
64223
71476
65997
64407
64655
62932
67206
65895
67478
60407
75260
67200
70876
66466
66621
59168
65925
72799
65386
67174
68672
61682
66013
66530
63290
63706
71883
64778
71534
63077
65490
66707
70823
66313
61642
64747
68803
66499
65327
56974
64616
66978
66296
70506
66563
64798
61971
68187
62741
60698
61888
64523
58688
64168
61423
66754
64480
67083
62243
65359
65743
71518
68682
65250
65899
66656
66077
64005
66193
64709
64392
59979
65675
64373
62068
68208
66024
63698
71241
69066
65668
61714
69418
64688
63383
61977
66540
61988
60925
70947
65874
64064
67937
64847
65249
67644
62064
67671
67630
64169
58743
65688
63616
65441
66524
61080
69923
66257
65348
66744
59997
62753
67239
66239
68542
64390
67292
65151
68012
62062
68521
66141
62941
68832
67585
65735
60419
65282
69578
62737
60730
60465
66894
70714
61392
65177
64014
67029
62141
68425
65303
65641
66577
67647
59302
63362
63381
71093
65557
69029
64030
66308
70177
64757
68094
64954
67824
73008
67124
64196
63507
64746
65757
60672
68981
69199
66618
66266
67350
68986
68411
63121
63010
66129
64295
69171
65216
64390
68219
61365
55990
66670
67093
66596
65691
65030
62294
69219
64034
64758
68010
66566
65663
67480
70590
68034
63211
64911
63943
64334
77219
70910
63954
67816
64873
64648
66187
64345
59582
59476
69464
65052
68815
66260
63978
60911
67399
63616
68137
67385
64816
63397
62316
62083
62948
67770
68197
64096
64231
65374
71812
67313
64900
66020
61790
59687
73207
63341
68624
64163
59651
60451
63675
64452
57143
65695
70693
62270
64744
64407
66698
63577
62957
62667
61748
66761
62739
62532
62101
64466
65436
60758
68979
66710
63911
69165
70936
62799
69310
63650
62827
63093
73086
65137
65114
63301
64297
62872
59397
66722
58165
67217
64884
60007
65252
64343
60163
64827
70013
61026
68693
73619
66480
64884
62524
63778
71122
65745
61271
66197
64614
63824
68643
60150
66985
63149
68741
67597
69705
71893
63432
63438
62015
64511
64839
64212
61848
58911
69800
60361
64603
73113
68811
69022
62246
62410
65575
70410
61799
64224
59276
65639
67470
68023
65237
64017
64021
70043
65982
67396
66118
67189
64162
70036
73940
68157
69807
61758
63503
60916
58571
66197
61809
62576
64558
60439
65302
68990
65635
64186
60070
63419
66013
66656
64310
62613
69787
66163
70285
63850
67769
61037
65125
66828
73580
72394
69050
66120
62012
65338
65034
67708
71772
70518
65529
68477
67667
64642
67054
68634
64647
57756
67777
63886
63818
63794
65476
65133
70385
66168
68853
69350
67364
67852
64932
62648
62859
69433
64939
61954
69613
68278
61321
66996
64260
66454
61207
63356
71501
64662
66720
63422
69393
67273
65397
63504
65010
65612
66866
71065
60848
65402
64805
62795
65777
62416
62069
61888
67564
70753
63133
64065
65420
63267
69607
66581
63682
71237
68999
68356
62939
60159
61871
67840
60983
67868
65165
63361
62474
64419
65139
68023
67178
65016
66202
64475
60760
64567
64711
60629
63684
64168
68803
60386
65950
66962
70304
61872
64271
69190
61953
69595
66759
66547
65229
59141
68380
66422
60963
70985
63389
68717
62479
66656
70152
59952
68449
67075
58452
66955
66719
64867
65362
68624
62201
61326
69995
66082
67466
73908
69709
67688
67251
62154
67493
66970
63944
70637
72202
66326
67199
69708
68715
64323
68965
68628
65152
61120
62013
61590
65670
62432
62288
63542
69387
70475
67622
62177
64862
66583
62659
63059
69384
68559
66587
66309
64193
63840
66876
72161
69726
64714
70361
63471
69441
70494
68807
67176
66053
59335
67648
68185
62858
68350
59700
69660
61629
63650
66518
64565
61639
68436
63617
66613
66735
59196
63940
65040
63090
63589
66292
68179
65690
65624
64041
62531
73488
67038
73168
70427
67898
61470
69119
65288
62379
65925
60645
67367
64975
58522
67854
65527
60552
72303
62943
64665
66718
67847
65037
63280
66388
61147
69048
65647
64269
61003
62815
63293
63330
62415
64882
62583
65018
68727
64708
67823
66087
67529
67851
70237
71754
63091
68357
61991
64778
66102
64526
67327
67373
59014
65592
63759
66799
66102
66367
66396
63102
65086
64389
67993
63852
63625
70348
66012
71344
65946
60638
62142
64015
65493
68980
67456
63890
60839
63824
68199
70482
60720
69113
65156
64934
63268
59327
69773
60821
63158
64715
65267
59834
62010
62992
62741
59292
63330
61313
65337
69363
68550
66268
68614
68642
67621
59034
71379
65080
66921
63199
63600
62469
60105
66992
68581
66589
64748
65216
64786
61783
64608
69561
73170
62723
64703
64791
66203
70599
67937
71338
64651
68280
60622
68118
64220
64447
64816
69196
64709
58958
65499
61528
68475
61573
61915
65378
63574
66812
61368
67513
66930
66035
69910
64598
70943
62156
65273
66044
66045
67377
61248
59235
67357
67672
62021
62564
63614
63883
64924
65817
62170
68754
69545
59296
59362
68436
62334
67863
60363
61727
65017
69977
68826
61226
69084
64542
68170
62319
63241
68573
68591
62379
64511
68132
66694
64169
68210
65621
64607
68551
63210
62646
68362
68597
59724
68057
70475
65194
65074
64156
66692
64684
72919
67287
66737
62127
61997
65323
62152
63129
67117
65388
63859
64572
64591
65989
66882
60823
66994
65168
66602
67873
67077
69050
62919
69843
61906
64650
68363
59562
67278
68170
65767
68498
69723
63536
66297
63415
59398
63576
70314
71728
66885
65765
67479
62924
64775
67170
71334
62653
64248
69574
59788
64769
61890
55922
61919
64149
69470
67907
70050
68200
61985
68060
66289
64683
66064
63828
67652
61898
67475
65393
65053
65739
70006
64144
65445
67543
63615
63077
69940
58886
60610
67251
68861
65478
61769
70782
63704
64129
65181
63947
68131
66137
64587
65910
64477
70942
60715
62798
64851
63810
62716
59679
65505
66531
59806
67086
68416
67322
58350
63066
63887
67219
58112
68164
65402
63091
66657
64546
66217
65571
66535
62909
69040
67084
68277
63227
64411
66186
72435
69138
61913
72679
63811
63973
74550
56854
59879
60063
63483
68257
66788
64793
66706
62112
69381
65023
59298
64594
62061
61572
67091
63427
68422
65109
66803
62153
62047
67285
65140
66140
62062
62057
65502
64819
68758
64968
68809
64285
63944
65694
61672
63413
63515
67606
63094
69400
61443
64196
66087
68952
70037
62328
65951
59668
70728
65094
70319
70425
65885
69911
64364
64611
66123
68915
60596
60411
62920
67098
62483
68821
58821
68314
62225
60345
65205
66498
59654
66542
64425
63023
63877
68228
71642
67056
61590
64102
64215
64144
69572
68662
65529
73012
66360
66464
61043
69155
65643
73727
62727
64065
71362
64511
69173
63143
68774
68127
57760
62711
68189
65649
64860
63099
63931
63559
66038
64461
68025
60581
67960
65132
66350
60382
65867
67701
65422
67502
73727
64591
59378
67846
61386
64199
67096
63174
60172
62329
64984
62643
66600
64293
70121
67777
69647
68052
67570
63461
71427
66491
68202
68934
62306
66993
67095
59629
66172
67554
65105
72920
61536
65446
66063
63755
61323
64588
67589
70481
67704
68506
58138
64518
66456
69004
66806
67311
67740
61195
62358
71106
66773
63163
64828
62554
65338
66363
72979
61799
64326
66643
72481
59439
70437
66580
63946
65666
66439
68023
58540
65572
66234
73279
67104
65946
63008
63951
61324
64657
71353
60395
69051
62481
66588
65324
62659
70956
67984
63260
66212
60499
67582
69646
72549
62247
68394
60535
63340
68411
73014
66941
61268
65348
70427
61736
64487
64543
65459
64533
63457
67028
66814
66758
68873
65325
68330
66792
62626
62861
67339
66320
62648
66312
63081
69011
65944
63376
68701
68626
62147
63335
61560
64575
61885
63705
68743
64224
66864
58839
72015
62112
67779
63574
66097
65993
56831
63358
67699
67305
70509
63489
58267
62885
65492
63820
65068
68856
65653
60504
68984
65662
64885
60967
65407
65905
70454
65567
64308
67982
71483
64398
69089
64903
58755
69806
67133
62005
70219
63662
69636
65064
68887
65729
64651
66628
67498
63342
67012
66597
71705
61491
65980
68201
69657
64801
69437
67345
67469
67529
67113
58455
64581
67400
66564
61752
68413
65573
68011
64457
65121
68302
67485
65243
68739
65068
65909
68769
68535
66586
59494
69873
60890
67301
66898
63934
67894
62788
67455
65883
68260
60127
69067
67694
61515
67089
59608
62689
67700
63612
64735
67962
68487
69286
65115
67913
71672
70394
67246
66909
67940
66262
70198
64128
64680
66571
57125
73370
67544
64875
63598
71070
68615
60212
64346
67365
68055
66819
64244
67829
69973
68847
69057
61995
63749
68855
64934
63128
62387
70237
65625
67474
65594
62830
64901
64295
65336
66252
67790
65140
68788
64989
63374
64355
66767
63934
55800
66970
64753
62762
62116
66274
68765
68205
71911
63237
58969
68368
64725
70769
64854
64210
65955
68328
61263
67468
70977
64870
68165
66283
73520
71237
62971
63336
66837
64592
68414
61030
66037
65344
63035
69999
66473
64139
60712
60586
65991
71187
68047
65131
65344
63265
64579
60668
64398
64228
60305
61694
63712
62584
63101
71181
64826
63447
63439
66614
60854
68365
63593
66496
63079
64420
64204
67272
65341
62009
66619
67998
66579
60321
62279
68029
60096
62050
57467
63811
64315
67422
60859
64883
59984
63587
66068
66365
69381
69295
60487
64609
63290
63233
64584
66633
64150
71200
64072
66099
57770
67645
65105
67905
65203
67135
60766
67002
61318
67321
61066
60628
65773
71706
63450
58602
67856
61312
64702
65578
66697
66193
62161
63272
65413
70052
62578
66718
63210
64846
62423
64896
62233
66255
62558
64731
59974
62382
59740
62716
68281
63331
61971
68691
68405
61803
68917
65914
58387
66042
65659
69303
63315
69875
62277
69857
65549
57997
69371
61186
70863
65471
63444
66782
73916
64660
69197
60049
67793
70917
63425
66997
60766
67236
62419
57008
69442
68731
62618
68823
62361
69926
72642
66666
67047
64486
65092
68832
66262
70040
68930
64867
67978
57187
69250
65160
70560
77168
61595
68398
66514
69082
65959
62795
65804
65092
63214
66523
70390
70060
71193
71157
71191
69484
65571
66770
68829
67621
58591
69609
64951
65291
61318
57474
68416
63363
61936
64364
71424
68556
63999
62400
67815
65111
67631
65875
60724
70326
62141
73445
61879
62378
67726
62464
66406
67414
65821
65211
64213
67432
62469
70062
66584
64198
60400
71059
65068
64201
66452
64725
64993
66228
59768
71109
60683
63391
59824
61936
62074
66967
65899
66422
71960
66211
67573
65372
67163
67726
66541
67734
65232
62759
61673
62481
66008
62317
70345
61423
63804
66778
69720
63821
67599
60225
71575
61392
67895
63306
58267
62195
61741
67533
71145
64236
66644
67473
62148
59635
57973
67475
61737
58218
64109
66433
64621
70787
68767
71603
68139
69247
69723
57993
72497
67286
68403
66705
66111
64318
62264
61934
64200
75528
73918
66023
64324
64834
58588
63033
69811
67361
61102
67012
71233
69019
74718
63286
70119
66760
70260
57385
64358
67259
65375
58241
70263
66650
63267
69490
61378
63898
68251
69265
63842
69478
65241
64013
69387
72055
65581
61359
70254
73258
63973
68821
62677
62688
68862
67201
66302
65334
63364
64690
67697
65168
61636
65603
69667
66753
62773
64164
58429
67522
68029
66238
66972
70666
63313
66235
60997
66198
65510
61642
66075
69535
67570
65601
72894
62519
60381
62937
67348
66056
65839
70781
64230
63920
64253
66020
68188
62466
60507
67822
63689
58910
65357
63119
71220
65759
64160
72451
65836
61719
64451
65199
62440
68123
59530
64280
68789
66822
67679
64224
63012
67557
64633
65186
67916
68230
67994
66552
62721
73329
62186
67550
62053
57968
60944
66739
62710
65569
67795
61317
66324
63302
62486
69205
68968
65242
67403
63069
71314
64778
68849
68251
66673
62415
69228
65359
68227
60175
58658
73359
65045
63382
63562
65748
65063
63885
67221
66085
65500
68859
71790
64660
70185
65715
68293
62959
65747
56336
67029
64966
71686
62581
65648
62868
64605
69107
60771
66532
70325
67209
66919
68242
70261
61908
62253
73874
67319
62851
66106
68259
66064
66487
61177
66600
68237
68420
65246
71333
62594
66146
66512
59695
61743
67730
66425
61698
64539
67503
64335
63697
66061
66812
64214
63454
68516
68733
61924
68854
69114
71087
69545
63737
59645
70199
63074
65579
65716
70883
61736
67550
69041
61695
63300
70016
69567
62357
68099
66753
65212
62962
64441
76371
63186
63859
67592
58929
60235
66582
71118
62478
72213
70042
73004
62826
61007
65624
67142
62464
67726
67000
65615
61896
66911
71725
68418
65572
65523
65125
64007
64476
68870
62495
65349
65559
63910
65470
66572
63361
64821
67926
67052
67441
60822
70694
62677
61556
67726
69996
70419
66531
67296
70865
64959
68756
68308
64758
69382
64529
67514
66077
63013
69412
73367
64784
64154
66649
66829
65236
64687
68928
61178
64124
63716
62974
64446
63769
67902
67019
64420
59850
61987
62310
66846
69652
63699
68972
65939
62487
61024
66118
62632
64306
69576
64898
70262
64651
69810
70172
70740
64302
62652
62264
64777
70582
65268
64986
59251
64273
64945
64366
66133
64520
63169
62853
62838
66884
67582
65289
67937
67755
61991
69777
64015
58573
71879
63544
59805
68751
63786
67258
69997
71118
64567
69982
68848
70566
63804
64648
67395
61694
65187
70209
69899
64300
65458
74122
68973
60176
60958
67393
62921
69703
69697
64607
64486
60227
71400
61725
65045
69877
66702
70437
65768
68954
65882
69741
62267
62847
65864
66763
63993
66242
62685
66390
67878
67106
68135
66702
65150
71492
63642
68305
70480
67798
66568
60683
65788
67753
64998
64963
66062
71117
67953
62283
68465
70030
68378
64211
70091
69339
65343
69486
67038
68995
66372
65960
66377
65709
61526
60027
63109
66076
62709
65349
61316
69441
67615
66526
65027
66233
61545
70205
68252
63949
65214
67098
67671
64272
67211
58785
69950
63254
65726
63527
62376
71339
63354
66404
68370
64140
60880
66037
62932
64468
64479
63867
68242
70665
64039
63122
65054
69401
67629
69373
66242
63558
67409
69993
61942
66317
67281
63477
66982
65564
64830
61311
62826
63804
66419
57791
66857
63821
67479
67097
68777
67536
60815
66708
68176
64185
65577
67864
66851
61897
71144
57565
68362
63470
65064
66978
65613
72085
63041
67296
67625
65885
65441
66445
62114
69218
67246
65268
65578
65363
67786
63769
63288
64664
70694
72044
64374
68127
62721
68594
62721
65138
65005
65902
66954
65765
72469
70322
65508
64989
69106
68655
71355
62735
67049
69413
65142
67331
75591
62337
67059
57558
63277
63662
61655
61259
62716
65686
61143
66030
65556
69764
64022
67859
63363
68033
70754
66744
61188
68106
64123
59897
64493
64085
66640
62117
63646
62402
59972
63737
63861
67637
65146
64164
66326
65641
61951
64488
60719
63400
62278
67620
69629
60228
70989
61488
72215
64420
64644
67459
63718
64754
64753
67519
68959
65356
68451
64468
65889
68163
68718
68186
58254
67305
58705
66568
69577
61458
62219
70989
60418
62594
69651
65628
60754
68182
65094
64347
67035
66437
64075
75604
66023
70464
60340
69768
65392
58484
62228
66107
68045
61570
62671
62161
60179
64682
63445
70290
63643
70181
62765
64574
64783
63400
65088
68413
67762
71749
62792
64410
61547
62213
65301
68867
67189
65581
66359
59419
67957
58469
66995
69030
68035
75926
60980
66059
64908
66089
60052
62766
64017
67967
61989
68091
67508
67074
64464
