71819
64432
61963
66373
62470
63893
64819
69240
66162
64710
67072
64140
67505
62964
63403
65879
67324
62326
67003
69417
60628
60845
66371
68417
64936
62602
63225
61358
66622
65354
64815
70632
68111
62965
63165
67064
61856
71587
70304
69839
67369
67801
65512
67607
61536
71753
68924
64385
71287
61046
69674
67388
68768
68366
65181
63913
68488
61682
65797
68587
68558
65474
64765
65491
71372
69146
63586
63209
62335
70590
72180
64357
66641
67875
59484
67391
63165
70118
63687
69366
63350
63359
71106
62698
63079
64162
65181
65443
67489
69717
71647
64348
59914
66794
60036
65526
65786
65523
66147
74843
71642
69483
76980
65427
66361
67045
65104
65463
64512
68097
70078
65225
66954
69667
66755
69983
60720
63340
72648
65980
71005
59451
70457
69339
66327
70579
62567
65599
62730
63137
70841
69696
61546
62557
69783
66055
70878
65184
63176
64157
70525
67705
63077
67003
59376
66680
67620
63127
64909
66698
58780
66081
64042
64663
66601
69525
60391
67990
62138
66296
65565
67365
63157
71271
59732
70648
65111
62566
72879
65797
64564
71564
64815
67859
65952
59604
63865
65589
66927
70311
67266
66251
64180
69328
61718
66299
67928
67532
63206
64138
60191
63896
61912
59368
67064
63475
66113
62363
67562
60748
63613
68649
63651
67000
65204
61512
61284
71762
64604
66666
63852
66785
64009
70581
64226
68367
64177
66062
61706
60503
67779
55857
64277
64480
66572
70562
67649
65898
62555
68924
69330
66336
67545
68922
65248
67572
62044
62632
73923
66697
66077
61778
67656
66449
61980
61943
63313
70031
60900
66131
66792
64061
61090
64754
65659
62920
58778
68766
65171
58152
64239
72354
61601
67029
69980
63517
66528
66881
67342
62945
65453
60914
64346
67149
62289
62122
73359
63139
66484
63998
64037
57718
59526
63175
67527
68314
66120
63915
66422
68466
60795
69323
63142
69717
64963
68537
65152
68833
72339
64943
67383
65708
56561
56171
60672
62376
60002
66656
63941
69269
63698
65253
64302
61435
60480
66577
65133
60828
65891
62405
62750
65246
70184
64764
61836
67095
69485
64731
64406
65971
67304
67510
68729
64255
70302
71669
65020
59221
57686
72708
63813
63803
62523
61670
66265
66373
65503
63999
72644
67439
69583
65605
64468
66759
62832
66354
60990
66871
64487
67752
65598
62436
65963
66100
63044
62143
66890
63824
73352
64685
69983
62626
72541
65456
69769
64925
67466
57626
65129
69222
63617
69209
70912
64474
72751
64992
66127
61889
67021
63200
66047
65819
66654
65986
65233
64920
73015
63064
66308
69661
66190
68461
65458
66099
69239
64804
68508
64193
74073
65008
67489
66871
60998
66729
64388
62322
60899
69045
62035
68722
69692
61320
67924
64745
62319
60633
65716
66358
66862
65646
62317
72776
66459
63119
63185
71714
62325
65340
68747
69212
67665
66541
62297
68735
70008
68783
66597
73160
61622
65434
63463
63756
65092
66660
70231
66912
65891
63866
62545
61816
68899
65783
64399
65375
61576
66423
61466
66424
67111
70566
62998
61378
62938
66394
63144
67928
61793
72185
66765
71034
67050
69488
65984
63521
65580
64326
66320
62477
62137
70406
62385
62796
62303
64559
70084
62870
66429
64561
73934
63144
62785
59158
61568
66006
60496
70393
54938
56801
62922
68546
65080
63281
64378
63280
62211
67199
65103
65808
64841
63342
72448
65156
60248
66858
68741
67820
63275
71978
64809
78065
60896
65764
61347
67419
64645
58511
69025
62586
73725
75267
63353
65401
67208
65568
67277
64560
63095
62450
65478
62955
63357
64272
67253
75992
66171
66312
71240
63042
65493
70274
62815
63041
61893
69591
63818
68419
76538
67314
66605
59088
64476
61111
67000
62679
69448
62076
69817
61376
65828
67895
69037
62800
68694
64606
67329
64997
65481
67672
68999
70137
64103
65052
60024
65081
71880
61112
69503
63178
67109
63054
66137
68997
68757
68783
68009
59401
65093
64881
61620
68997
68026
67730
68215
60305
67031
69867
66506
67772
69320
63735
72594
64682
60854
58521
60804
66206
65894
62015
62386
68672
73757
67088
60602
65785
70448
68195
63323
64022
66441
64936
66665
66005
70655
70177
67951
67584
69248
63796
63815
61829
65788
67889
68793
73920
64843
69961
62523
63880
63658
62027
65895
65727
68418
68099
67156
63861
66414
64399
64810
66778
57875
65102
62984
73087
66630
64613
62675
68571
63433
71034
67409
66229
60015
65575
60838
73574
68642
64845
68861
62387
69029
62698
68670
67045
62294
68108
64174
65318
65825
59701
63726
65870
65309
69577
64481
63728
62709
59912
64154
69684
64803
67456
68026
67954
65350
68350
64546
72151
76615
66059
70970
67486
72439
72853
64762
67245
65694
65650
68009
60911
64373
58055
60717
63357
65595
67526
68019
65098
62499
69197
65629
69913
65188
63806
62441
64608
67688
66800
65482
66230
64499
64779
62370
70337
64642
68823
66400
70195
65413
70668
68364
58797
63541
62556
68372
61941
66572
67352
63811
65078
61715
70037
68197
67100
65219
67072
65797
66595
62655
67427
66907
65313
65861
64761
69970
65237
66095
68572
71411
64984
65990
65771
66826
61406
69281
65743
67228
73024
65251
70202
63147
62941
64315
63862
67053
63357
62663
62061
61641
70682
64499
74629
62494
67711
64590
67092
64292
63404
69317
67309
66548
63103
66317
66123
58806
75022
63726
65295
63172
62669
61674
68569
61897
64000
67527
62827
70745
63466
66036
61411
67770
66904
66664
66861
70690
65571
68148
62887
63040
70158
65492
65037
68218
61340
65522
64083
66895
63368
57276
67521
64360
64494
63681
65563
71716
69078
63828
71428
63414
64630
64242
63642
65683
63487
69451
64808
65191
68990
66151
59583
63712
70350
69562
62220
71448
61028
68742
65111
65637
65824
63572
57272
60235
62144
73691
65614
61717
67065
59242
64756
65728
68530
65940
62678
65890
68009
60693
62451
67175
63535
67056
63599
68452
65715
62146
72201
66915
66926
70098
69482
72008
67777
58126
71380
65515
63807
65971
66801
59739
69137
66485
67559
66813
68934
70334
68350
71551
68682
63801
60893
61833
69802
72914
65360
67341
65186
63580
62698
60534
68419
65744
63971
63305
69246
64207
66686
61709
65198
73396
67855
69648
61881
69225
68064
68573
67202
63852
66539
64390
61454
64765
64977
62070
65580
61585
69460
63140
69345
66543
60964
65060
59840
66554
67068
74424
68487
67335
69952
69069
63817
60355
64954
67064
64482
63375
68046
61460
62632
64845
61454
66234
67831
65096
66078
62120
67513
62318
68219
60631
60216
65448
67891
59645
69794
69466
58184
68042
64727
66898
67314
63319
65292
65838
68304
59578
68232
61617
65134
66013
65328
65434
71777
65253
67185
75652
63490
66014
62979
66348
67900
64096
68348
66881
61289
63675
66359
64477
61992
63271
61389
66109
65431
68481
61197
66252
69041
68004
61745
69447
67568
64673
69087
60624
65278
67457
66025
66032
68580
64609
64612
64543
67763
65948
68639
65275
63971
73917
70606
63650
65948
67344
68516
64855
67742
63123
69201
66298
59892
67388
64724
64685
64235
71244
65734
67904
65046
65791
65128
68979
66385
61022
64012
66150
62255
68216
61481
66105
72200
68000
65581
63675
69274
63274
64811
68645
64840
70587
73928
60490
63357
61051
67034
62506
62874
63593
67791
67351
67458
70808
65696
63782
61522
63868
62882
65354
60783
67695
67929
69154
59443
64282
66291
61636
60443
66978
58268
63607
59857
66755
66703
62723
70077
68146
73786
65384
65717
64172
63556
66213
68636
67940
66494
64328
65398
65832
61494
66216
68844
68541
66701
63443
63384
66905
66714
64158
61395
66442
64938
63754
70360
66637
64086
67321
66471
67716
69460
69577
64985
65732
62102
67779
66732
65770
65216
60205
63270
66372
60490
68385
61928
64989
65855
69381
61934
73653
65942
67007
63534
68514
67591
61828
57677
64091
68407
65667
62758
60720
59508
60877
60034
62507
64981
63295
61531
64322
68223
62629
59488
63685
60792
65295
65609
63363
66265
73097
63523
74223
66941
62363
66836
68044
65557
64642
67511
58826
61962
61544
66274
64427
72810
63777
68390
68304
65197
66495
68730
64097
67410
61507
67865
69472
66078
62235
67318
66944
75298
64606
62984
65203
66468
67485
66342
70821
64752
70518
68787
60900
59576
67759
67123
60273
61125
68694
62148
62141
66615
62943
59700
67741
62507
64187
71654
65555
68055
61385
67719
66048
65761
66983
73626
62737
65067
61606
67109
64018
63416
69736
68448
62716
62602
62553
73657
73973
67603
57463
64964
67670
59971
65014
70555
66763
72360
63152
60176
63465
64766
63645
69471
63945
66346
62294
66422
67833
67813
57930
69411
62605
67445
67234
68503
61257
68487
65915
65501
67284
66364
58925
67157
74341
68701
60909
63774
67887
69203
61056
66090
63137
66226
65694
66142
61585
63366
63913
64200
65070
65738
66584
63439
69331
66694
61368
66527
65799
63954
61325
68727
69190
64879
67836
65608
72416
69072
64838
67308
67300
63791
65149
74074
63258
70033
61371
63985
66386
61378
59373
63421
69035
64898
64852
71050
69389
64092
58828
60422
62761
67349
66793
66984
60735
71564
59212
65575
66503
63743
63223
64861
65058
63907
60848
60440
69633
66162
65423
66648
66812
62496
64539
64072
66736
68436
61792
71023
63371
64389
65926
65953
66717
60617
63975
69431
69986
66342
67446
63532
65962
62922
68817
64061
60511
68139
65120
68370
67218
63357
60865
69120
69500
63670
67984
64523
63717
62679
66541
73191
66799
68904
67224
62079
67808
66718
60580
57162
62341
62935
69736
62107
64216
69583
67952
68187
67918
63885
66922
67429
64428
60269
63813
67199
64053
64767
67534
63457
65227
61874
66270
68184
65351
64369
64155
65334
76287
62933
62827
67299
63763
66533
68470
63419
62588
67726
58782
61604
67113
67980
66058
67383
67895
67244
62879
66751
65196
69470
62429
60952
66729
64127
62486
63786
64631
64060
72079
63200
64459
69484
64450
72536
62592
65794
67872
67994
62972
61785
71281
64305
62876
64492
64959
65461
62092
63178
62866
67973
63543
68425
65127
65471
64468
61269
66756
58842
66910
68493
63599
61646
61693
67578
64857
65311
62652
62808
65169
63833
64676
63904
67651
61853
63411
67343
68534
70400
75412
63669
68133
63504
59158
62162
71155
65813
65887
68521
63293
66121
71654
63957
73913
62536
62422
65133
67908
64598
68519
61118
63953
68427
66408
56502
65539
66799
62382
67679
67512
63084
68154
70080
63205
63158
74077
68299
66321
64491
62201
65253
65133
69211
68390
62718
69352
63522
68678
70082
66983
62239
73469
64651
64829
62190
65309
64041
70960
68716
67783
73943
61923
68000
63194
68992
68024
63638
63824
70390
65083
65748
65849
64446
60735
67896
60717
64249
67708
67887
67433
67111
68778
66732
63684
65170
60684
64553
62627
72375
62441
63789
61284
62805
63807
63717
66425
64274
67957
69909
60154
66823
66667
67097
68460
64956
64767
63189
64729
72541
63036
70994
61278
61874
69859
59213
66086
67972
67023
63526
66772
72519
68947
69327
65586
73936
58071
65718
67945
68071
69572
64585
69021
65812
63514
65932
66522
64713
60584
67989
62350
64909
67138
66438
66357
69468
68305
65881
65653
67749
68321
56368
66609
71218
68793
67099
69705
67838
66292
70749
68308
65842
65169
65235
70418
62929
65505
64300
63066
65630
63705
66267
61011
63817
72565
68175
62455
62009
70198
62619
64202
58084
61504
66212
67312
65720
66155
64202
66132
69859
64221
62501
65353
65979
68243
61685
69514
68706
71070
69548
63944
74212
68172
63378
67987
63555
70198
60026
63638
62069
62555
67374
63797
68723
63760
75565
66363
75042
64867
63808
63869
63738
65727
62184
63383
63960
65878
65290
66821
71485
64280
61269
64988
66848
66541
67348
66892
58754
69576
64360
66831
66605
65056
64502
58373
61015
61273
63606
70193
66558
68781
68223
69136
68919
62861
65659
65895
64662
64785
70960
61002
71344
62859
60750
71827
67798
63556
70380
58889
64361
70005
70771
66093
69179
64118
59796
62495
65962
63527
63473
69135
72413
73848
67247
67138
62765
64816
62706
63922
61600
72490
61711
65103
68747
67826
69413
68693
71409
63938
66024
63012
67759
68019
62259
64868
67944
66458
63858
65874
70741
66104
65650
69445
65166
72026
65281
71411
69288
64650
66273
67812
66958
66303
66372
65667
65247
63218
71998
68483
66734
59955
65288
64514
66000
68252
66183
64515
68410
63334
58062
65662
68563
65973
61692
65631
69885
63292
62139
73298
63767
64333
68785
63448
60427
64893
64052
64989
65069
73235
70982
63806
65466
66843
61898
66072
66634
67807
63028
73083
60547
63040
65450
65145
64249
67329
63777
65678
62906
69357
60016
68406
68635
69116
64382
60649
69434
65554
63385
63211
69410
66946
68306
63895
63752
61718
65633
63498
62530
65465
66406
68593
69156
63241
62768
66351
67827
61613
71398
65166
68158
68914
61910
69066
63527
65729
68848
62754
61637
59655
73613
65724
67301
64283
72381
70554
69796
62257
64161
67192
68554
63651
64577
66080
64628
60805
63179
65977
66272
64154
64218
61083
69913
61513
63640
72205
65348
66937
68089
66714
67371
67880
55315
64713
67736
63671
66419
65795
63234
61343
71494
64447
64861
70845
62641
62092
68364
68381
63364
59430
61274
66469
67149
66345
65035
59793
74776
64951
67491
68529
64996
65117
65520
66013
68823
61038
71557
63257
64700
63229
67183
65029
65065
67410
59483
63424
69574
66289
69517
65844
66829
68237
63010
65075
65146
67544
68663
66245
62320
62170
67877
65203
68079
60155
67912
62337
61878
67701
63341
68037
61155
65529
65708
70817
64407
70584
63739
65103
63503
65616
65660
60529
62392
71934
65583
63392
64852
72262
64639
65146
65234
62353
67259
65670
66669
63707
57835
70348
67537
67211
70655
62273
67947
62089
60342
60561
64169
59871
58973
68565
62330
63666
67050
64018
65851
64352
66452
63241
61384
71684
63352
67973
67652
65695
66478
65468
67565
69657
62471
62248
70284
69692
62696
65899
68865
60766
62135
62527
62693
60234
62362
60564
62478
64088
63161
64063
61775
64191
69109
60552
69698
66346
62742
67516
65436
60923
62625
63653
65078
70931
62350
71166
63907
66726
73708
67533
69929
63409
65212
60696
68772
68048
64894
61375
63818
65419
68505
59099
66060
69834
64645
68156
68910
62009
63317
63651
61652
65105
69966
64825
65574
68715
69914
60983
63059
68633
68744
63923
65655
62845
65704
66633
64078
66062
67822
63750
62448
67031
66968
67741
68762
64310
62604
71207
73279
71948
61120
64359
62880
67531
62464
63701
66945
73533
62776
67641
64647
64909
62917
63583
62758
63973
67139
64325
64712
66429
65121
63361
66543
62178
60872
63346
64235
67646
66968
67552
61754
66173
67038
69004
64867
61144
62495
61322
69933
64116
69369
63162
62244
67219
64062
63454
65518
68045
62063
69307
61874
64330
69065
66203
63934
65814
65321
65502
60180
65219
64648
63591
64426
58931
73161
64590
66625
61717
62207
60458
57966
66819
64236
69893
70040
64989
70325
63909
64358
69022
61447
68128
61622
72184
63951
63541
66492
69198
73645
67320
63430
63349
66082
70559
60260
63595
65464
65370
62211
67322
71148
69794
59296
66782
69930
63390
65744
68214
67771
68956
70272
67291
58390
65125
68172
71333
68443
62458
64402
59843
66812
67171
65447
64358
66084
63811
66276
64689
68548
64812
64644
65324
64722
66328
69938
74922
66666
63989
66643
63032
65329
63768
68131
69255
69904
62705
66901
66648
69299
62180
68387
68648
64002
64174
62425
67073
65259
68095
69204
63594
64231
65309
59782
61094
59345
66666
68794
65871
67441
66468
66658
69328
67337
65367
67079
77189
68279
62369
68417
63617
65605
62238
63647
62827
64562
67152
65138
64041
64592
61854
69587
72462
63699
64526
70341
66604
65641
62641
65882
66021
63124
71919
63800
64986
68717
65614
61579
64361
59694
70944
67294
68276
67269
67431
67722
63644
69530
68334
64940
59759
65328
65972
67608
71100
68884
66106
64466
63265
62642
63292
63526
71472
65432
60656
64025
59451
61759
63536
68949
63059
63183
63612
62570
65440
66042
68296
63274
65410
62152
70545
64894
65886
65477
64388
66013
69914
64980
57547
69793
66674
64078
64763
65920
67149
66002
63179
66306
62849
65806
61745
69039
63680
67425
60910
64000
67164
64933
67729
60223
68133
65021
62597
63537
66614
62559
64881
69641
69388
61985
71339
69044
60525
64100
63527
66633
60232
66443
62634
69273
67496
75891
62113
67163
61990
63629
62069
60596
60242
64912
63433
73073
64114
68862
64929
64126
66146
61526
62373
61839
62698
63749
68541
60855
60308
64447
66334
70406
64643
64990
63872
60479
69484
67841
62726
62599
63036
65675
65723
65433
70170
66261
66943
64535
59093
63412
61538
63082
67344
66134
63548
70509
71677
66224
67021
64853
61428
62864
63456
63881
64802
67299
57652
66683
63709
64913
63832
65072
68371
64747
69771
59199
61372
63891
64488
63168
67363
68652
72154
73593
62924
59268
66765
59738
68415
60431
66711
65937
66047
58325
64352
66878
70037
60612
65755
64475
66484
62370
67564
66280
71087
63880
64955
67063
64581
63801
64755
70626
64726
63868
67575
71197
66648
65938
69652
63786
64863
66900
68929
65710
67363
65226
60014
64583
72990
64958
68916
63690
62274
64396
60239
61467
60339
71279
63072
72590
60131
66491
65590
71283
63880
62927
63193
70995
66744
69362
66990
69233
72189
66442
64412
68481
66689
65074
65215
65095
66259
64311
64762
65098
60570
67613
70313
67518
72590
66257
68895
64937
65163
62881
66100
66566
64080
64548
63392
62844
66228
63424
64498
63955
67544
69419
69341
66447
70696
65788
63813
64279
68555
67261
69887
70448
60735
65538
65811
61341
71165
66140
57113
62522
65024
68156
69649
64397
62545
70900
63051
62272
60752
62364
59714
64344
62412
66008
65683
62186
70405
65527
63700
61152
63006
65888
64724
68071
61020
67289
59753
65133
66187
67765
61527
68123
62636
68947
66319
66651
61756
71106
69824
62664
61617
62319
59360
67615
74700
67942
67014
65496
65865
70901
69725
61965
59696
64724
70045
63800
68899
62842
61557
61035
66484
69699
72419
60493
64858
65660
70442
64450
65055
66645
60200
65047
62053
62890
72187
72855
67939
63621
60083
68985
64743
66726
68869
62936
64444
60730
65503
62553
67407
63866
69133
65534
62404
69900
65296
70370
67559
63403
63749
65520
64946
61188
63184
63363
67892
67129
61657
64244
64370
60328
68632
66918
70642
67300
70259
74814
66074
67267
67321
69566
57683
66493
57579
65196
62735
63183
63665
65065
66915
74109
64464
64985
68244
63434
66740
65468
68245
62773
63497
70549
63633
70125
64425
68126
66000
67564
63603
63746
63701
58767
70288
64244
62716
66909
68761
61105
68431
58505
62640
62023
67538
60924
64121
60319
65967
65305
68476
65822
62350
60152
67016
65809
62953
67344
64589
65710
68820
70077
64601
64269
62541
68390
67991
67284
63440
66711
67259
60170
65641
62425
64706
60469
69133
68651
61705
64663
63226
64475
64291
61679
64696
62906
75133
68536
69940
63723
64367
66348
68590
64799
70313
62058
68310
70338
66201
66178
63132
63868
64135
67091
66977
67008
62880
66691
72236
61427
67971
64586
60731
61600
66598
66247
60774
60548
64220
65540
64239
67287
69441
66928
63941
65300
72501
61339
61144
62025
63449
64814
64466
61508
65385
68529
65719
70823
65507
67561
65716
58486
64535
63955
70480
66862
62627
62723
64495
59531
69648
63554
69208
62898
75654
68676
63579
65154
62365
66827
64526
60832
64674
71914
66584
67201
68034
65186
68695
60765
65209
63306
64144
67668
64871
71594
64299
64830
59990
61694
68567
68084
60892
69169
65999
64866
60387
69225
68377
66087
66282
69966
64943
64013
65556
66971
65233
66041
62173
67666
66831
60827
62618
66760
70975
67676
68482
63342
70466
65664
63359
65455
63565
65596
66937
67238
65151
64630
64964
62854
66223
66885
67694
62470
69754
58375
60722
66219
63010
68621
66137
64074
74044
68114
67259
70961
60741
66506
76612
60733
60460
60006
66335
67119
65682
61685
64852
67996
65159
60770
59591
73009
62289
65696
68942
65331
61906
73412
68329
64446
65568
68142
65173
69288
68178
65089
64256
64026
64671
65822
66319
66172
63517
61424
60307
66474
65757
65120
65101
69047
63309
59529
73300
62611
69743
62127
64073
60454
63031
65798
70246
65086
63075
63979
67789
69734
64975
62997
61596
67092
67342
62344
66123
63213
64830
70262
66306
61622
61518
70205
66440
64252
63252
62861
66081
76329
68454
62569
68348
66173
67503
69411
69523
62378
67574
64986
62424
64543
61689
66616
67328
68518
71074
71722
63567
62077
73523
65582
68916
63092
70931
63678
64149
67504
67398
64613
64027
65359
58439
67347
64114
68413
63605
69417
62679
63950
64835
63413
68718
65089
62948
64265
66531
65248
66328
62956
64484
61007
63483
66751
67973
66234
63416
57802
62473
68135
63267
64710
68126
72671
69033
63422
65198
59518
71486
64784
59783
62991
65412
68545
66301
65225
66623
60898
72979
66759
68840
67993
69655
66858
66750
67595
65969
62929
64807
61708
73732
64316
65359
66088
68635
68733
60053
60010
69576
63799
67040
75803
68642
64332
66425
64902
68782
69096
63287
70982
64002
73300
69672
70634
71450
65994
65115
66040
67695
61918
66718
65564
73161
57679
62090
68518
65680
65821
63277
64922
61050
67850
65808
71172
67965
59952
67154
71723
57860
63686
70125
70434
71977
73636
62518
68144
69680
71063
67141
66668
66807
63443
64775
67461
64654
66427
65090
65754
63568
66313
65306
64728
68439
61872
65401
65095
71605
64957
65684
59437
67537
66081
66199
67972
65481
67124
62065
63981
69085
71870
65195
68390
62277
68609
70313
61448
62626
65682
62561
67676
69208
64340
65223
61255
73069
62939
65151
64005
67273
67262
62566
63262
59955
65451
61489
67722
61205
64260
66741
67319
62544
70769
70175
75536
67335
65573
68111
68113
61944
63300
67821
65190
63195
67418
69733
69566
69333
66914
64675
68613
72909
66727
73607
67174
63237
58803
63365
65451
73782
65614
66341
68194
61451
68908
72196
63465
62500
61102
59817
63580
67102
71961
70107
60592
64768
67757
66341
68582
67472
65493
64322
71704
67980
63530
63649
62545
65075
65201
66795
63702
64891
61953
67370
72527
62932
65003
64517
64647
66295
69210
64219
67735
63210
64410
71946
61414
68398
63985
59520
71972
67598
66243
61522
62822
64516
67862
63433
70079
61602
66391
63583
61462
59228
64707
62339
67178
65471
67766
63794
61888
63491
64059
64655
67486
71059
67642
64317
65607
62761
69471
77081
64303
70545
65274
67149
71506
60850
63311
68343
66196
60074
63545
62825
64721
62539
58313
74997
69086
68912
62758
61407
66028
68095
68245
66618
68330
67633
64645
67575
62022
67894
63039
60275
61812
73374
73118
66694
69211
65852
67355
63000
67500
61375
64457
70181
65348
61906
69727
61787
61713
62898
63546
76235
68875
62294
60578
62805
64631
63254
63985
65631
64592
66051
64130
67789
63461
63495
66300
62963
66551
72722
65237
68557
67170
67339
65304
63564
66655
64674
65588
63595
64282
67382
71959
68727
64394
64676
67428
66626
68277
65556
64876
68375
62143
64639
61817
65703
67647
63945
67907
66028
67719
70535
67610
64516
66127
69265
69491
65966
66685
67775
65698
66774
65994
64569
66815
62207
66390
66294
65865
67036
67497
69101
63507
65831
62340
65599
67929
66190
63439
66083
67309
63013
59604
60751
69934
67571
74234
62007
70556
62671
64799
67103
68726
65520
65620
75578
60144
62784
66517
67703
64938
70453
65809
64817
70789
62910
63310
61601
58575
65505
63703
70896
62790
56474
63777
65538
69321
63162
70652
61900
64213
71175
64676
72777
69074
68191
74835
69268
70544
60861
59333
70382
62198
65095
65786
66410
69575
64479
65114
68996
63679
66371
64026
57841
62008
64512
65846
62134
63941
64900
60773
63448
69729
60935
60456
61868
65084
61279
67145
64030
67198
64402
65334
68195
69170
71799
67175
57325
61566
70036
68210
64709
65359
63515
60539
72346
61490
66660
66840
61982
65103
72408
62364
74736
69147
62946
62493
61942
66738
67624
64792
60958
63996
64510
65403
71483
61443
68491
65652
71783
62636
68975
64883
63520
71953
60709
63566
67663
67870
60090
62529
66113
63514
63004
60341
68374
69383
64700
64847
67991
62748
64514
67106
65273
66850
67612
60296
65716
67576
65366
62428
60550
68452
61750
70505
68831
66045
67623
65903
69916
64950
65085
67494
67947
65705
65967
62378
62967
66621
66394
68589
67072
55873
68878
57773
62620
67330
66484
68800
58228
67377
67529
65389
66703
74208
66845
70606
68160
68093
67123
69163
62124
66351
62890
63195
66529
65047
65841
64426
64464
64514
66268
59022
60057
68797
66128
63476
74537
63737
69789
63475
65793
60367
65476
61574
68817
63550
73257
61653
65365
71598
63077
64721
64198
67763
60977
66405
65069
64224
60065
67792
69092
67418
65301
64284
61715
63804
64195
66362
60230
68187
60724
64739
60626
70427
67263
63471
67866
65024
62937
62582
66602
65966
61972
64597
61941
62659
63161
63877
71257
65644
68972
61030
67018
61452
70414
65995
70364
65526
66506
72262
61588
63281
68712
64247
69745
63544
63377
61786
60309
67198
63442
63407
66921
65490
63498
58981
66596
68000
67104
67125
65778
63071
63035
66863
65220
71509
67003
61658
65951
58852
68134
69581
70076
64178
65984
70461
66467
59034
63079
65730
75970
64946
64569
65263
59965
63839
65841
60211
62000
62426
69858
73676
66226
66732
67659
67513
68157
68060
63338
65849
64343
69242
66163
69249
63591
61268
64902
62191
67188
68776
66015
63515
65399
66244
62647
69037
60101
68380
68229
65122
66327
59677
65177
62508
68870
70182
65351
72986
67734
66699
67204
62853
67713
71189
64591
65720
63838
69149
62781
66981
67787
58868
72323
62746
66594
67136
62532
55900
63842
62814
62640
63032
62985
63583
59010
59523
58961
72371
65686
67149
63892
70758
66961
65078
66059
68524
65059
65646
66900
65248
64940
63367
62576
76772
63011
67445
62358
65167
63818
60966
61886
63272
69280
67625
66708
68069
67130
62887
65398
71311
71714
64468
68534
70763
62637
65440
60462
62396
65481
65043
61767
69661
64433
65325
73067
66833
65974
60040
70747
62274
63150
65025
62887
64844
63381
63588
63641
65588
64579
62699
67566
63711
67822
64626
71060
71778
73473
72654
60804
64480
63980
69873
67355
65892
68412
63997
70756
64196
60959
62066
72566
72695
