62201
69258
58764
60636
67740
59753
62745
63552
62897
73838
68266
61974
65431
67730
64364
63121
63580
64095
66246
61572
62339
65124
61790
63767
64331
67185
59704
60796
63754
64135
72296
64188
59337
66125
61280
66700
65839
61182
61355
73543
64274
69792
64966
61707
59565
69385
66816
68796
63884
65933
61164
64220
62141
65793
65134
63824
62787
61437
69025
59850
66100
65882
67111
65245
65406
65036
66210
68114
62849
66911
62399
62200
61289
62738
69478
66891
61128
66439
63142
62947
75032
70717
66370
67451
69786
63852
62957
66248
65352
68054
67887
69784
64374
66523
67203
70961
63476
62700
68710
69744
68061
70020
67691
62481
66501
65866
68128
62823
63897
68655
67454
66729
68565
65943
69817
64135
63208
65820
70986
66022
63821
63489
62845
62027
62383
63520
66355
63266
68126
68618
65898
65798
65756
66011
69830
64589
65261
70712
66679
68531
64714
59711
62735
69790
70478
65992
70001
68303
62922
69945
67259
62629
66378
66240
67104
70730
60449
71128
61980
70307
69024
67564
65235
63405
68872
65343
70747
68143
59577
75869
71713
66651
61942
62746
68918
68898
69751
66813
58244
63661
63104
67348
68216
65170
64740
67389
61632
65010
65541
66116
66372
62637
62894
62498
65973
67375
63119
59326
69986
62799
61047
69145
64344
62360
67138
69871
66182
59797
61038
66809
66179
63676
64033
63293
64546
68922
64297
63786
67045
63750
65309
67913
59980
62106
67154
61509
61402
63015
64218
65348
62204
66285
66808
70323
62087
62305
61294
67147
66201
65100
67412
68303
67849
64120
66910
64454
64938
59659
63955
61920
62255
64748
66372
66463
65700
62731
64276
65798
64598
64648
62039
69311
65908
62393
65328
68736
63302
71460
69771
65933
68435
74487
63945
67100
64758
66173
66579
64047
62499
64030
62087
65587
59371
64228
68387
66463
66946
65706
67868
65913
63704
60577
66048
70004
61712
63869
67153
64502
61501
62353
70275
68043
60365
65922
63997
60371
65421
71211
59328
61798
63234
66105
66221
63736
66835
65438
66410
66923
63115
68182
64810
63263
64427
60648
64383
70793
60954
66450
62687
70001
63892
67806
67207
68120
62989
65787
63660
63408
61005
65562
66772
62927
65003
66926
65846
68866
70474
68843
66821
60288
60613
65624
70414
65983
62573
58961
64136
66647
64042
69672
64967
61008
69199
67207
60885
61130
66857
69008
61458
67111
62747
65414
64976
63987
59753
64089
67688
69115
68304
66488
61653
60853
62512
64428
64276
68614
75176
63919
62489
68570
64859
56412
66473
61889
63751
68084
64441
67645
63192
66511
68244
65391
63671
67085
64012
60615
67994
66035
69479
63890
67835
64346
63493
67187
59876
67448
66538
68530
64566
69238
66837
62917
61137
69063
70045
62596
64845
61874
62060
69624
60786
65883
69318
60468
69592
69180
66064
60307
65222
59269
70671
70720
67643
65852
74881
59124
66893
65267
73063
64923
61417
61116
74630
67174
65576
66812
65286
67499
63634
70452
62106
63536
68782
63967
68264
60845
59442
69324
63209
65470
58688
66587
65757
66038
65307
67605
66408
66871
64512
61966
66991
68970
67977
68315
61072
66495
62068
62320
66755
65804
63651
66674
64279
65816
68564
64182
68603
65042
63175
67417
65830
66217
63082
68646
62819
64891
63161
63470
63984
63080
63621
66112
71241
66960
64945
63508
63722
58933
67300
65613
67995
67017
62213
69264
65064
59998
63354
67231
67619
69741
67195
58504
61549
66786
62085
67382
66261
69176
60815
70627
68039
71565
65134
61857
63839
65282
60793
66432
67159
62366
68914
68056
62371
59261
70494
71521
68015
65467
61672
67389
69531
66462
64921
63592
66273
71136
70363
64286
63666
71736
65305
64885
68417
71573
66974
63892
61647
62701
61601
63361
60842
63005
62735
67791
66200
62033
62730
66333
67898
65057
63384
68748
69963
65956
63232
59179
62945
65785
69499
68866
71964
63315
69819
64484
63470
65201
60476
66007
62118
64927
64184
68796
66627
68369
59603
63108
63714
67546
64595
63446
63587
72463
61665
66030
56086
61868
64750
69006
63282
66682
64643
64941
70125
63684
66253
64326
58680
62004
67606
64006
60470
64398
65713
57871
66528
68696
67088
63787
66111
70755
62111
65009
65894
61659
59477
62040
67114
64271
67963
65766
63825
64548
63351
60421
68476
67171
65931
67077
63961
61635
67865
63721
66071
65879
69304
67359
67531
63463
67437
65337
69106
65671
67694
70259
65511
68789
67122
62238
57282
68073
62680
69046
63075
60941
68748
67342
64108
68895
65970
66145
63801
68475
70409
67894
68379
65498
60014
61767
67750
67956
65537
67158
64097
68209
66130
65890
60529
62844
63688
63850
64975
68652
64457
66680
65190
67100
63994
70953
65819
65540
61845
68073
67461
62888
65792
66743
58597
64249
70856
61708
63495
64669
68457
60002
65803
68670
60349
60754
69063
64040
60756
64897
65578
63462
65795
68702
73278
65313
66265
66227
61128
63675
61130
62686
69384
58950
65210
69855
64583
71087
68666
67614
64501
65516
63209
70210
68721
64612
64376
64571
65737
63629
68335
63930
65542
63413
65483
62140
71281
62190
66892
68661
78050
69965
64811
64093
68211
64863
73010
63369
72947
65481
62995
68102
57159
69228
61008
69978
69682
65382
64769
73312
64858
70257
69289
59168
62987
71918
61777
67214
64273
63896
61807
65957
68299
60938
65593
71611
67578
63736
67480
66136
65383
63356
63829
63144
62945
68490
66519
68062
66855
68866
61695
69483
65752
66597
64076
61365
69220
60618
69138
72227
66654
61455
67516
70625
71426
65867
65905
60989
70742
68165
66681
68924
62289
61191
61485
64921
65702
66822
65679
62522
66949
65289
67734
63705
61357
70625
62543
62584
66675
64448
68380
63609
70622
66874
66179
66277
66333
70674
65684
67306
69922
68630
63965
65341
69207
65743
61173
67566
60796
61784
71783
63918
56864
65345
68277
64229
64964
67782
68743
62063
66317
62897
68115
72013
67500
69224
70268
66140
70114
64532
62922
64220
69672
71502
62122
60326
67275
62939
69146
62036
62440
58650
65162
61531
57491
61865
63191
65451
59618
67949
64484
64116
60632
66863
66982
63736
67534
62820
69591
63834
69747
60400
65628
68203
67326
65329
65355
65538
65301
60964
66468
66803
63154
64929
63324
64104
67747
64207
62236
61378
64486
68928
70294
62369
72122
67627
64316
65869
69192
66919
58384
62565
60908
64452
63195
68560
66871
63871
68444
60888
71213
70125
62991
62996
65406
64931
73212
66346
69195
61698
67122
67544
68112
64039
69455
67562
62897
64966
66809
62744
68084
64894
62318
59610
65834
71998
69824
70367
67745
67199
61133
63481
65325
60506
64605
72129
63249
66609
68571
71347
59632
68310
65446
65279
67778
66289
64622
59687
63657
59717
56445
64869
65705
69057
68297
62330
63680
64144
66633
71137
63517
63786
70663
61600
60247
65122
64190
66726
63486
64616
68492
64894
65626
60098
70454
67717
63339
66331
70569
62936
63848
66643
64061
64426
65456
65938
66547
61422
64020
66495
62796
67487
68127
65808
66177
67471
69029
69349
62525
67427
67208
62672
66782
66823
66256
72754
70407
62471
59147
66324
65523
63422
69375
61796
66218
69483
64422
66171
65751
69643
66194
69554
67585
67782
63407
61789
71709
60605
71786
64103
65145
62085
68304
59755
70231
68346
63348
65674
64156
67278
63886
60894
63348
62890
66411
63638
68160
64103
63409
61040
73357
64973
59353
66310
70463
67250
70276
65135
66346
64783
68187
62684
62835
68837
65892
62084
68818
65579
63633
65319
59381
67211
66184
64948
63496
68563
72386
62993
61218
66430
67447
66600
68214
65367
69133
60863
63330
63129
60037
62255
61581
58719
70939
64150
71271
67133
64558
63430
66267
62753
66943
61646
68252
62230
68275
69750
59639
66388
64413
66744
59944
65567
66001
68347
66464
71864
66099
66954
64391
64532
68758
60791
70653
62271
63005
73143
61668
64773
58091
63753
64814
61532
62497
66420
67546
63120
65223
64290
64122
63288
65121
65353
64430
67527
62149
70132
69991
64640
64015
67366
65359
64869
65582
67555
64955
71063
68621
66755
67865
65083
66994
65085
64994
66635
68510
65439
67598
66069
66908
63422
68847
66184
70515
63455
71647
66203
66187
66104
65543
64485
65114
64586
67841
59675
68708
61036
62606
70059
70120
59940
68137
63587
64243
58972
64240
68713
66582
68898
60691
58656
65595
71639
57540
65543
70575
63314
67791
64057
65402
63692
60904
59470
60011
63268
61410
67363
69336
68496
62903
62461
68820
68440
67061
64071
60846
58921
70685
61873
62536
64879
70116
62462
67271
65249
70777
62924
60053
64882
65492
67217
69029
66965
66059
60591
61606
61854
67402
65617
66522
68577
68049
62176
65006
70751
61196
63585
70503
64176
71817
68420
65279
60012
64623
63685
64122
64477
63793
66192
66783
69005
66356
66497
62986
64332
67201
69255
70705
66342
69234
69185
60271
61628
61568
69730
61953
63507
67572
68761
63850
57862
70175
66547
63547
65408
67025
68821
67154
71913
68642
63349
69987
59024
60592
69882
67492
61864
64806
65056
63119
61501
63096
69539
63646
67267
63120
66995
66660
64129
63088
64479
67051
60693
65167
59368
64079
68707
65450
63848
59589
70815
64333
65164
62502
66118
62960
62732
67152
71636
68924
64645
70347
63267
66946
68548
62256
72109
68058
61717
67817
62013
69321
66798
66014
62225
71201
59981
65499
66179
67291
66785
66613
70087
62948
71660
62073
65763
61152
68986
59124
65853
67106
66641
65639
64988
65379
63910
66311
60793
59511
57382
68331
64960
61835
68288
66275
63854
69252
60497
63355
60681
64253
63698
67154
64660
70196
61123
69380
64146
63656
63393
67412
65508
65063
64359
67193
66048
66407
63870
68105
62270
67803
67701
65999
66886
64419
66565
64934
69649
69306
67665
64522
69231
69910
66664
63182
70521
66934
66033
62284
69665
61115
64163
65337
69576
60534
69318
63758
69062
64181
67400
62765
63223
58999
67846
67011
68612
68307
65200
69319
66114
66842
63030
63401
61151
71361
65313
61574
67981
57038
63394
64508
66639
68300
61093
67226
63058
67783
63158
64742
62824
62394
67420
62682
62677
70737
69039
62824
65857
72641
70552
65284
67139
68944
66903
59644
66457
63446
69492
71434
63901
66959
68455
69947
65560
61895
67774
63590
64993
65394
65458
67000
66733
63653
60652
68008
69252
68574
62569
65839
67557
62553
68597
62421
72473
64143
66141
65592
67964
66230
64406
66432
60096
64013
68111
61304
64847
66825
62796
63650
67205
67722
66858
62414
66769
63231
60549
71656
67021
64279
63914
65135
67257
66008
61201
65373
64720
69018
63735
66701
65254
59350
64040
70940
65836
71615
59879
61102
68277
68518
62750
61712
61408
66515
65775
70692
64194
70543
67128
67456
67326
65067
63176
70561
60891
60539
66594
68970
62881
68653
67818
65147
59747
64123
68051
56822
71812
59160
70896
65843
70057
68590
67962
62503
67035
62125
66294
66590
57257
64614
64473
65966
63667
68152
62926
66237
65566
67198
67356
64634
66201
68836
57702
65577
69371
59005
62042
69153
66634
71798
64778
55632
69214
59573
73198
66797
68539
59653
63309
63627
68526
66003
58329
60653
64755
68689
69092
69701
63694
63644
66584
68001
61352
62231
64548
70963
66632
67724
59977
69172
63988
64167
68208
61744
67017
66837
61475
66063
64131
60927
69082
63626
68011
69558
60593
65001
66737
64024
61382
65041
68513
67301
60554
59772
63674
66914
61483
63794
63614
61155
66386
60129
65429
61734
69170
63787
68109
63071
60751
57060
65485
61090
61520
68097
66044
67079
64444
64176
63163
67452
65484
64972
60934
65894
71712
58539
62339
65249
70533
63938
61735
65357
68505
62406
62682
69178
63902
66455
61590
59509
69717
70059
70768
66099
67321
65255
67749
70119
62656
65459
65656
70146
63605
65501
69155
61886
68642
61679
65795
65354
68750
65475
65928
66933
64038
64130
65355
62007
64363
63188
63081
62540
61588
69241
64596
66801
64603
62164
67297
71624
71189
65167
65053
65644
64151
63185
60460
66610
65764
60149
62458
62024
63353
69306
64849
70335
62534
68183
63783
65841
66071
64196
60978
71086
68233
66691
65495
64657
68315
65328
66016
68785
65879
63901
64388
71226
64638
67995
61477
62501
60184
63917
62540
66996
61795
58124
62297
65657
65400
71381
67679
63327
62669
62233
62411
68702
64132
60222
57226
69879
67430
66830
72848
66713
63295
63352
65228
61989
72807
63975
64252
67354
62990
70226
65253
61433
65754
69174
68070
67935
63937
64297
68887
64223
67224
67115
61354
66916
67436
68446
66720
67356
60455
67464
65888
60103
60373
64224
67771
67881
68164
63172
65049
63567
67969
67242
64679
64004
66073
66835
66768
64173
67631
61161
61788
70300
67150
67977
64776
63161
67020
68817
68099
68843
57362
63959
69422
68782
64552
65406
62633
66461
66753
64057
60006
62259
63445
61376
70156
69438
55903
66509
68584
65653
66984
61331
66269
67252
62588
71404
62324
63685
64510
65869
64881
61175
61666
67264
68633
68859
62078
64911
60521
69066
67500
66248
70140
66736
63859
66068
62772
66902
65956
64441
62038
61534
68694
73471
69480
68737
59820
65245
68456
65020
63463
70157
62543
60974
66915
65628
63199
66201
60741
71016
65367
62953
68104
63578
58980
64985
63255
68131
62549
68267
60093
66148
65018
71863
66299
67481
62786
64734
61840
68951
65465
67785
61152
59328
62650
68520
60232
67812
67481
63028
64413
67064
64276
62121
64188
62332
70185
64624
65005
61822
70100
62014
67097
62886
68184
66284
65206
64957
67505
67879
65376
60618
68722
65890
70394
65800
65062
63248
66094
68163
66262
69820
67610
65846
63706
64184
62762
65066
62064
65867
64344
64560
69179
68615
71152
61215
66796
66854
69640
64355
71835
65078
64767
60864
64406
66020
63981
62082
66985
59966
63233
65148
62458
62869
66835
63406
68767
61792
60812
63123
70178
59874
64952
63836
65885
60393
67928
62212
60231
64844
68514
63660
66889
66942
65298
62039
69314
67914
63036
65381
75550
68374
66474
65920
62819
62796
71987
66996
68116
67568
65441
70570
62892
61869
66915
64898
62324
68207
69141
61317
66597
60479
65155
64845
67346
66300
68252
67759
61880
65195
64575
67040
70252
65390
70100
62537
59552
65216
66209
61521
60176
64735
61914
61769
68177
65406
67212
65131
65960
62636
67562
67437
69447
67961
63865
68927
65476
67235
58521
65165
64569
63198
66878
64029
66191
61539
63957
59744
63536
71216
69010
67193
68996
61441
68066
65076
60276
56751
72738
72518
61621
62016
64084
67226
63987
68373
71507
62483
64998
61356
70682
69417
61564
66184
67441
67506
69591
67786
59774
68300
65035
61717
69106
67208
62777
69247
64803
64005
64069
59684
67586
65183
64204
68878
58173
62590
62414
64695
69900
61390
67335
67449
65147
64499
62791
66197
65816
61505
71929
62746
63076
70508
65434
63319
62694
69653
65548
73588
63958
60110
66597
65686
68238
66116
68641
59730
68013
65534
60229
67504
64323
64378
64427
72490
65942
71438
66954
64190
68316
66375
63937
68881
67198
66953
63789
64661
62715
66666
65309
62374
72453
62020
65009
69300
65312
67887
62363
68452
62733
65032
67662
67285
64947
64838
64825
66325
68816
70396
63127
61183
69562
60897
66244
65629
63280
67491
64967
64927
64064
63364
65426
68248
67106
65264
65287
62341
63933
64050
68956
69950
71414
67348
63850
61261
63381
68508
64263
64392
64061
69087
62503
59969
63873
66133
66322
69932
65922
65081
70948
60265
65388
63237
70054
66305
66483
63763
63206
63676
64946
66839
65505
63762
64924
63097
63318
73699
62838
66269
56885
65069
68349
63907
64004
66599
64325
65198
65535
68457
61113
59612
61143
66345
72555
64642
66806
66491
65470
61126
68650
65338
65679
63517
70303
66926
62366
63273
65606
67882
68234
69062
71123
70506
67737
68950
68247
61446
62305
69407
66722
65231
64676
67140
70385
65641
61882
70625
65991
68236
68068
65611
64716
64899
64016
67082
65903
64802
64108
63109
60494
63482
64442
62654
65306
62038
61976
70806
67002
65902
67487
68548
60362
68556
64435
60298
72136
57672
65094
59224
69654
67497
66757
63691
66388
62798
63880
61780
66414
62876
67698
63234
67328
69001
57483
62932
67861
64710
66704
60411
69146
63703
68449
63625
64940
67513
65859
62290
62691
62868
64441
69601
66979
68854
61912
62222
63263
61018
62670
71370
73443
70213
59774
64649
65549
68081
68268
64680
64631
66568
63376
74776
68275
64273
68687
61677
66397
65618
60597
67030
68159
62094
62249
68104
65905
62046
70404
66378
64256
67101
64042
65591
64347
67388
60609
74354
65805
68059
64888
63358
64395
65027
62650
62897
61878
67807
64701
67122
63911
66965
69243
68893
65654
67763
66712
60874
67090
60274
57399
66883
61359
69731
63894
63466
63312
63219
64618
64953
70159
67056
62738
68712
64423
64971
67945
66434
60818
66377
69660
63833
73949
61594
60813
67379
66470
60275
64507
66481
60409
62667
60763
64647
65952
68188
71735
65564
66405
63460
63362
60479
59746
66946
64022
70123
58855
63616
69700
67405
66719
67105
64223
66286
61747
69250
66182
64505
63358
66388
70167
62324
65902
62489
67623
66930
65532
64004
69141
64356
62151
65260
69002
56662
67073
69108
58474
58388
65147
65405
62931
62927
63538
67134
65822
64107
65270
63470
70240
65769
61426
68215
64561
70938
66565
68297
64397
68417
66433
68039
67724
63601
63846
63096
67419
64845
65513
62367
65451
62833
67094
69031
70944
63350
66550
63632
61109
66099
61135
62563
70027
66961
65134
61161
69627
60730
64388
65799
61557
64546
64642
65307
62801
61310
61088
66255
61763
69505
56941
70504
65388
68316
67522
68776
64064
66694
68881
61501
61948
59353
61939
67432
69743
64215
66122
68696
66796
60616
62428
62071
66563
70064
66861
57226
61253
69674
67036
69437
69252
65942
65156
58750
65539
67273
65371
62323
69708
68384
63655
68289
61379
58659
69702
66952
64475
68287
69822
64102
61798
62003
71204
67516
63765
69565
59883
69814
64307
58556
65722
69408
69388
70570
60366
64751
70473
66279
69749
66267
62680
67119
66213
64288
67690
66559
66371
68977
68329
69202
69067
67689
67548
67829
64255
64438
64553
68814
66819
69327
63582
67897
67552
67738
66336
58021
65920
68753
65114
63787
61485
63345
57331
69288
63248
65434
65995
71469
62033
65537
66240
63038
62563
59913
68571
69629
67702
69195
63310
60795
69773
60367
65112
62407
66543
66922
65323
64681
70168
65338
67759
66547
69068
65733
68042
65411
58709
63857
63509
65714
66963
67819
63941
63415
61219
68353
66742
69111
62829
62921
65922
68367
63779
67610
68316
63477
65266
65673
63977
65828
61792
67280
64582
65595
65170
66016
68356
61392
58864
62503
63113
68299
67621
60419
61545
64709
61941
60708
61469
65999
58884
63892
64671
62332
65055
62589
59831
67756
63291
63643
70932
64764
62607
69665
70409
62845
64178
60498
68142
65834
61500
67325
64282
67914
65279
64864
58798
65248
67018
65871
64910
63605
70092
66071
68364
57669
64829
64947
64609
65111
64582
63367
69392
64341
67451
63291
67010
65463
64234
68989
68435
66710
62038
65014
69775
68072
69270
62847
65792
67063
67376
59801
63386
69349
65533
69755
66623
67907
65685
69313
71054
66072
63046
67961
64088
59374
74249
65861
62596
65584
67415
65227
63279
69621
65549
71941
61698
64519
67571
66256
62159
58914
66948
72335
66227
64882
69939
64835
66452
66160
62019
59253
68582
65672
67501
65204
67965
66607
67787
64495
61137
67546
66970
61684
63154
65904
63231
66322
72486
65234
67536
66245
61339
70442
68684
67355
67133
68513
63573
68856
60016
68091
72173
64842
67952
74084
62104
71492
56339
61213
69933
69526
68095
65485
68003
63782
66347
66296
70871
70504
61246
60234
68260
70357
66852
59375
62299
59381
60632
62019
64575
66708
62977
69887
65005
70434
68637
64559
69004
62495
59262
71566
68210
66322
70164
66415
59029
65281
63622
64558
63327
62294
69553
66349
70583
72108
67284
68097
62851
64649
62002
68411
63660
61063
60565
64234
62554
65770
60252
71864
63593
65084
64440
68876
72336
65677
64143
64045
63589
62580
67381
65399
71959
64526
62445
62610
62650
64818
72501
71889
66313
64868
60621
69043
62597
65116
66210
68495
67204
61600
69727
63382
63289
66843
64920
68831
64069
63812
61859
63429
66010
65022
68938
64136
63295
63875
65138
64525
63937
66287
64207
59975
68928
59841
67363
66568
62870
67997
67920
62980
67683
63132
63630
61225
71134
66451
65197
71023
66441
68551
70582
58105
66796
60657
71409
66009
69713
61519
63393
68884
72036
59074
63020
63812
60765
69449
69196
65404
63944
69699
69962
63460
67328
58991
58639
69699
63762
66078
60715
71125
61115
67443
65276
68409
73197
68514
63865
67077
69415
64073
66463
66243
61839
67529
68790
62901
67698
67167
70003
68244
67121
67519
69330
65750
60207
67815
59432
67472
70453
67878
62483
63536
62658
67109
65154
65934
61067
59459
70420
67654
68060
64884
62458
73616
62860
67226
65715
65891
61957
69109
65168
60568
68488
63168
66869
67663
69553
64232
68837
66134
66028
62224
66596
64560
64800
69063
62593
63779
59514
61133
66050
63642
67705
71086
63884
64807
69660
66924
60471
60481
68153
59130
65652
71638
66890
66451
65065
62110
59531
69502
68625
64275
61339
66008
69838
63882
66622
60619
57445
68374
70418
70254
63413
65076
69280
64873
66357
66192
70983
58615
65311
61936
69308
63880
63809
66221
63157
69186
65822
64170
65325
62567
60397
63952
70369
63358
65486
60203
63595
68927
62220
61760
66320
72971
66331
66441
64400
69751
65469
70439
65477
64440
68880
66170
75865
67814
63946
65330
60223
68915
63224
62493
62152
60414
63995
69070
66047
69818
64938
65163
66570
67569
67850
65021
69513
62069
67661
69536
64367
64146
61847
69368
63068
63712
62336
65386
66218
62008
68843
65049
62513
65041
57853
67937
69866
70660
64902
70049
62154
66205
64206
64572
64722
64820
72934
62866
64592
69194
69388
61468
61875
66759
67720
62789
57237
62592
65581
64655
70034
61271
64690
67826
66362
65600
65097
69981
65688
63441
61136
61033
66892
64388
68022
66942
65089
67287
66948
64984
67089
62032
64809
67621
70633
71374
66296
71897
65531
64188
66698
73905
65579
66872
63392
66755
63386
64004
62431
67375
64115
58724
60382
64418
61171
70029
67871
65397
63661
66309
67397
66922
68678
61356
65494
65975
64579
64395
69014
65319
70642
70195
65206
69259
58732
63968
63716
66234
63567
60697
64095
65354
66530
63714
68544
60064
66841
57675
70360
67569
59320
68467
63191
68288
67328
68899
71157
62388
67659
62761
66129
66292
64488
64335
59859
65176
68381
64648
69731
66664
67535
64098
65198
65039
65816
62127
68227
65722
69674
67305
66513
68834
67890
63786
69083
58285
65349
67034
67229
66570
60964
62671
67643
67600
69854
66921
66287
60870
64569
68962
66458
70005
64332
63845
63778
65444
63415
67217
64945
66974
65085
65767
65966
65469
62820
63961
64603
68800
63995
66680
62267
63387
67254
66045
67521
66437
59148
72618
66056
66917
66667
65717
68669
66155
67678
59566
70621
74175
67347
68312
62455
60213
60399
65497
69006
63890
63670
66224
68014
69567
63359
70226
64169
62486
67569
64989
66070
65691
67900
63400
60163
68227
63729
58489
65761
65566
62930
67736
60676
65008
64396
64179
66629
64126
71992
67554
65564
63647
70000
67109
63411
58769
67485
64823
71235
58716
68296
68604
63608
61333
68379
63971
65105
66984
68600
64578
65549
67605
61222
64475
66571
67033
66282
66370
68056
65486
65629
67628
67959
64885
62861
70078
63544
65255
63709
66380
66666
64938
67189
67723
65215
69682
62219
66084
68408
67896
60026
69525
69021
74194
60588
64032
64889
64263
67788
71343
74334
60477
65772
71608
62422
61418
61972
68734
63997
66641
58105
62458
64526
64718
62309
65948
65091
62869
61256
64613
67325
68761
62677
69378
64900
69714
64275
64029
67662
68971
58972
70139
70688
62450
60994
68504
67711
65003
62056
61966
65668
57742
66922
65475
61593
68808
65493
61130
69932
68943
69120
69470
63752
65244
65498
63411
62755
65838
69772
71101
64313
63812
64872
67472
60745
70003
70370
58394
63424
66902
67587
66249
65573
72793
58920
63212
64741
58884
69139
63022
64816
61956
66292
64962
62873
67632
63770
63888
56521
61654
68941
62588
65697
66796
65957
64978
59006
66819
68039
63791
65701
60582
58451
66371
61355
63720
64599
59863
67134
62831
68955
62247
64957
71967
67779
59321
63293
63121
62006
60396
62017
66764
67523
69420
70634
64731
66200
64972
63942
59871
65247
64852
67827
64018
63278
70625
67680
68383
62176
68768
67432
62342
61555
67503
67647
66600
67510
62241
62572
60461
67410
63549
66312
66759
71928
64573
63342
65910
63632
63158
67323
64760
67468
69045
58071
58767
67471
61296
63804
65463
69138
68389
70040
64495
66116
67788
72727
64901
63491
63748
60909
65925
68410
66776
65026
64748
63933
58693
67608
67984
68266
64051
66296
68654
60799
66638
67043
66685
62890
63371
68055
66916
64527
65665
64494
66091
64217
64639
60960
63040
66623
62856
65391
63622
59976
67654
66681
61098
61893
68062
62936
68208
71221
63429
68715
64790
57271
60788
65400
62119
67009
62548
65303
57327
68161
63596
67919
66445
71169
62015
68156
66191
62943
66100
63732
63046
55480
73496
64882
65718
69331
65300
69334
60695
67577
65610
64843
69580
70102
67912
65449
66647
67382
69009
71767
69541
62916
62939
64920
72105
62686
66633
67496
62485
67896
64590
64603
61697
65053
67104
65770
65959
70574
62211
65181
64245
59953
66289
68517
66843
65257
68399
73553
68418
66118
61261
65490
65575
66468
68613
66012
63692
66305
63836
63046
64567
60673
61384
64108
63593
61556
67529
64623
64711
62414
64859
62322
61300
67953
60911
66748
67161
63243
56708
65148
70095
68726
65588
62516
62538
64927
69095
65601
64351
70217
61228
62964
68206
64818
67329
59502
68515
61134
66748
63052
61964
68319
65916
67420
66239
64553
60559
66285
62051
65173
65115
60019
65486
64963
65833
65311
63920
71179
68735
65985
63718
68298
63324
65637
63027
63442
69368
70887
63099
66966
68505
61533
63282
66014
64377
68169
68951
65459
70308
63241
68622
60607
63596
66968
61532
67040
63360
62231
59907
68006
73023
72909
66565
64097
66987
64499
64587
65517
61948
61386
64139
67235
63985
68077
66342
67404
66827
67621
70996
70813
69780
69496
