69048
62013
73088
70831
63402
71878
68450
67581
68285
58167
62914
69302
65641
63413
66728
68042
67551
67008
64833
69754
68896
65949
69508
67353
66762
63926
71937
70644
67366
66967
59407
66911
72381
64952
70086
64391
65233
70199
70001
58400
66822
61539
66110
69602
72104
61900
64280
62430
67229
65141
70219
66878
69115
65279
65939
67293
68404
69907
62223
71761
64975
65190
63997
65827
65665
66039
64868
63055
68337
64188
68830
69049
70077
68458
61817
64207
70261
64645
68020
68230
57241
60734
64711
63674
61544
67264
68219
64831
65719
63110
63266
61546
66718
64563
63910
60525
67662
68499
62507
61581
63103
61338
63449
68739
64584
65207
63042
68365
67216
62557
63671
64363
62640
65131
61517
66967
67949
65253
60503
65053
67297
67648
68341
69242
68847
67615
64726
67887
63043
62592
65175
65274
65316
65063
61505
66496
65811
60738
64412
62671
66367
71928
68461
61540
60939
65082
61355
62880
68258
61404
63856
68577
64703
64838
64004
60723
71050
60383
69295
61088
62223
63568
65838
67737
62361
65729
60708
63028
72090
56610
59890
64439
69338
68449
62319
62337
61575
64282
73740
67465
68060
63772
62961
65904
66341
63733
69687
66065
65530
64960
64710
68568
68288
68721
65100
63747
68045
72395
61368
68391
70355
62115
66749
68873
63971
61469
64895
71825
70365
64286
64898
67449
67073
67857
66540
62315
66798
67334
64060
67371
65763
63241
71605
69154
63956
69826
69947
68157
66880
65724
69046
64794
64288
61074
69176
68933
70071
63963
64877
65974
63711
62880
63301
66982
64189
66635
66138
71991
67155
69362
68989
66333
64709
64621
65371
68465
66819
65274
66487
66435
69229
61966
65165
68836
65744
62484
67848
60102
61557
65140
62759
57660
67165
64008
66323
64904
64508
67059
68720
67077
69176
65484
72340
66870
62803
64621
64155
65366
63283
65160
67420
70900
65027
61353
69596
67246
63956
66586
69835
68881
61116
63120
71149
65151
67111
71141
65650
60312
72392
69499
67920
64971
64857
67385
64261
65633
64673
64177
68049
62992
66270
67889
66663
70817
66708
60669
70461
64634
68513
61355
67221
63341
63905
63049
68185
65285
67466
67734
70403
65509
64322
68252
66072
64174
65227
62366
60943
62387
64275
71240
70858
65447
60995
65091
68638
72843
66966
64443
67064
61644
66109
70398
62066
63905
70541
70259
64240
62237
69883
63997
68448
65657
66100
67122
71878
67015
63452
62142
62879
64597
69663
70578
68705
66662
66819
62595
57132
67193
68731
62636
66219
76134
64611
69397
67370
63082
66648
63491
67966
64575
62935
65680
67454
64022
67095
70856
63166
65039
61816
67223
63314
66747
67643
63924
71730
63677
64548
62672
66519
62031
64259
68263
70251
62189
61317
68613
66233
69413
69206
61687
70656
65190
61960
71027
61715
62083
65011
71218
65851
72465
60773
60731
63494
65220
57357
72642
64205
65805
58784
66153
69930
70274
57549
63937
65495
64283
65786
63629
67494
60962
69154
67598
62442
67143
62916
70588
72253
61954
67948
65602
73182
64501
65315
65037
65765
63529
64674
64226
66575
69310
64111
62272
63182
62869
70326
64590
69196
68917
64338
65268
67475
64417
66817
65256
62640
66917
62605
66032
67984
63707
65242
64861
68084
62566
68369
66187
68000
67668
67124
68087
67507
64964
60287
64141
66132
67627
67400
72878
63817
65458
63165
64087
69035
62008
66011
71585
67792
63882
63516
61583
63917
73412
69780
64308
69178
63740
64818
62086
70622
60811
63125
60014
65939
69433
67277
65790
70648
64651
63951
68866
62322
63108
68860
72475
60926
60051
63146
65604
69641
63733
61770
64622
66156
67539
64806
60376
61039
66809
67460
59871
65767
66192
62775
60008
64128
67221
69669
68498
69721
67784
70591
68167
68461
63355
64878
69236
68466
64748
63256
66018
67760
62473
61389
65118
67923
72574
68232
65287
61798
62366
59681
67834
61515
66604
67668
65872
71018
65068
69141
66150
66915
62430
64462
62819
72058
68057
67409
63585
66489
67693
67544
59271
69649
65045
76577
69420
66331
62240
67869
64408
66441
66136
61246
67440
64825
66768
73192
69268
63529
67102
71025
66693
65358
74215
64558
62520
64019
67332
64965
60701
69149
66066
65179
69655
72211
69228
63994
66825
63195
65305
67292
66538
67795
71083
62721
63940
65143
64029
67149
69683
63286
67402
65004
65193
61972
63761
63599
67676
63688
65735
62150
65401
63446
61130
65560
62436
63987
69008
74978
63093
68521
62204
68092
70476
62473
63778
66995
62340
65104
64931
67317
62722
60999
63259
62811
65573
71564
69534
63394
63202
65534
63952
67006
62967
64946
65183
70956
68342
67437
67266
66101
62561
66632
64411
65882
64008
67114
60531
65253
65531
69447
63093
63665
68294
65280
64350
73295
66848
60615
69600
67641
66414
62738
71580
65269
62544
71168
70693
62188
67066
70691
66180
65493
67676
65277
62515
58611
65759
64814
64851
70261
67450
70258
68514
61901
72856
65862
61483
66502
60417
62548
63521
66586
65555
67947
61172
62497
66472
66716
66514
65335
67499
62851
67182
65529
67730
65588
69117
60253
69061
64206
62552
55027
61386
66268
67010
62965
66215
58826
67776
58877
65590
68178
63065
75139
62040
70398
61375
61635
65689
66311
58584
66220
61131
61985
72588
68187
59720
69522
63899
66822
67218
69489
65117
62884
70479
65478
59976
63554
67386
63647
64941
65688
67790
67288
68018
68233
62709
64566
63103
64242
62366
69615
61813
65320
64491
67028
69990
62047
70852
62121
59464
64436
69886
63613
60813
60131
65205
65168
70421
60712
63007
64409
62314
68951
70189
69853
66156
65369
64274
65392
68694
64152
65783
63408
67419
69999
60812
68671
68626
64415
66641
62809
67520
60815
64224
64899
64803
64748
60771
65387
63811
61425
62580
67145
65731
62059
65328
70209
63566
70644
69515
59832
67194
75529
65727
62904
66869
66112
63364
62477
69202
64763
68285
63054
59641
63628
62043
61121
64936
61256
66555
68258
66878
61645
60067
69137
71194
63841
68239
62114
69232
68784
73229
65912
69800
74706
69424
67967
65620
72040
63207
66604
66986
70835
64234
64120
67386
63596
68369
61717
67282
61578
71107
65443
62973
63793
65743
65716
65533
65770
70449
64616
64292
68007
66147
67824
66999
63396
66892
69010
69975
66603
62310
61099
68863
59550
63509
66778
65204
62072
64181
73562
68647
70515
66637
67963
62644
64227
67243
62751
70537
60311
61247
68183
68178
65665
66145
58664
64735
62070
69611
63987
63587
63057
67067
61838
63569
68285
66110
64286
68451
63082
66183
68919
72050
65238
59653
61511
61035
63398
63913
70255
67657
65746
70983
66479
59544
67905
64479
62635
60197
72024
62874
65626
65793
63368
64790
66461
71957
67469
71921
76091
66209
65366
62194
62886
68906
67445
66957
64456
60375
67618
67333
60780
69722
71289
65952
66909
64367
67651
66468
62706
66183
65445
71465
60961
63424
67809
64749
60861
68243
67268
64446
67044
66664
65615
65135
64539
69924
67087
64590
68395
63641
63043
65264
64900
63656
62219
61932
68691
63697
63905
68530
64312
64273
64822
59033
61001
68750
72614
64756
65548
67720
61908
69501
64860
61813
66668
64906
65321
61670
64883
61749
63548
63363
67736
69509
59894
70868
59829
67000
65929
69178
62879
71875
61154
62841
67799
65397
66945
63838
67228
70530
67799
68292
64671
67490
63012
67000
67733
70362
58548
66103
72361
64770
60952
63865
61115
65939
64735
66297
62987
68517
68352
62393
65181
69179
62410
65492
67495
65752
72328
63902
64893
66128
67641
62642
59334
68181
70158
64653
63678
64488
62962
65704
62125
70567
67818
68034
71538
68989
69744
73144
60544
66951
60262
63976
66528
67710
64812
68441
64157
69670
62928
69017
62906
61576
72015
64694
66678
64348
71649
65504
65074
62839
64620
59765
64976
64147
66701
66555
62464
70651
60789
68971
68168
58720
69646
66307
73934
67368
66265
69799
68722
64663
63585
68044
65849
66805
66980
67863
65952
65718
66660
63602
69106
61240
61364
66443
67092
63755
65713
66209
65489
63576
66121
60438
62588
64338
63286
65991
64109
65989
66082
64454
62690
65633
63536
65006
64191
67719
62383
64894
60907
67684
59945
64875
64890
64972
65528
66604
65960
66499
63309
71972
62510
70367
68602
61304
61251
71654
63033
67544
66854
72829
66857
62505
64505
62337
70767
73221
65476
59952
74642
65528
60856
67835
63355
67048
65669
67433
70519
72220
71568
67884
69938
63757
61944
62703
68278
68761
62408
62754
64045
67033
70586
72893
60761
69415
68679
66199
61254
68760
63845
65823
60682
68255
71519
66196
65579
63896
62219
64136
65016
70884
69715
69436
63721
65454
64564
62629
63115
69077
66069
60704
70182
67545
60918
66923
59803
62772
65793
71567
66461
67440
66980
66612
67325
64885
64311
62240
64725
64588
68188
66761
63912
62016
60744
64739
62035
62078
71260
69691
69759
61593
69325
67629
63560
62461
67266
74227
61203
64539
67586
65664
64079
62407
63956
59723
62569
67797
61367
72766
70882
61459
63636
69425
66273
66018
68044
69835
68069
61762
67481
63848
68044
64108
64430
66973
68078
66610
64054
70764
65906
72344
67025
62510
65621
67268
72076
60649
66760
65909
68717
64958
68216
68464
63958
59955
62313
66438
61053
67886
64155
62656
68988
59561
63107
69590
63331
69258
61957
64297
65060
69022
60321
71604
65572
64898
63826
64309
64476
61280
68230
59934
69191
65308
70233
62257
72643
65220
64002
64448
65432
66088
65693
67203
64769
70648
72170
74847
62854
66116
69457
62894
64804
67261
62019
70994
67791
70778
66843
67426
63956
66423
61185
70266
61904
66956
67470
67750
63711
65563
66011
66733
63919
65027
64675
67244
63063
68972
63343
63439
65075
64212
66671
64522
66143
61665
61970
63473
66565
62038
61434
64426
67976
60903
64167
65042
68957
61650
70276
66937
65735
61729
70951
61959
67363
62189
66918
63723
68428
67933
72796
63304
64092
62597
62877
65873
61959
64962
64255
68140
67742
70234
60185
65759
69752
63178
75299
67749
66580
64451
62883
70301
63888
68111
63363
68002
66338
68365
68835
63704
68519
68524
60716
62210
68364
65215
59125
60876
65788
63970
62295
64196
72009
64627
67694
61804
60124
67212
64142
62741
61403
65511
69390
63371
67540
66083
65677
65614
64103
64360
67473
70812
63153
62018
62632
68642
65234
63574
68660
62610
68806
59262
66958
64936
65479
63194
64848
66685
64651
71467
67094
63057
70059
66232
64271
68395
67477
63908
63420
64239
68813
64325
67924
70932
59938
64083
66817
67198
65939
63858
65067
70177
65698
66362
62228
67387
64390
65818
72366
67066
60543
65236
59972
71727
70291
62904
62683
68445
69596
69940
64570
65297
60755
66905
60884
63981
63669
63793
66007
67983
60868
70534
70945
64494
62272
68302
62559
63330
65926
71885
66980
63113
75585
59807
72598
60580
65229
61306
62617
63196
68715
64070
69133
64786
64498
75012
66470
66616
65107
67458
63020
68253
64842
65505
63915
63765
66450
64876
62393
74433
65494
61912
72789
69225
62107
64455
59820
66302
77202
62052
72095
58675
64298
62664
71998
67840
67501
62675
65072
73633
70811
66325
62527
62162
61619
67430
67483
64503
63159
70004
69015
66539
60523
64457
63418
71609
62090
67120
66934
62968
69560
64087
64259
69864
65013
66971
70492
62171
67502
63150
61746
70881
66075
64355
67083
69971
66033
62688
63816
70927
71855
67451
64185
69856
67324
67515
70229
64696
71428
65643
69571
62092
67332
63059
68096
70697
75270
65586
70305
69813
63070
65031
64027
66646
66923
67997
63674
65587
66104
70485
65179
59891
73368
68896
65823
60892
67172
69570
65714
62694
68821
68519
62085
67210
64629
69733
72172
61605
61304
60690
64977
63797
65817
63394
61252
68548
65612
65415
61228
67525
65570
62106
69401
62570
69633
65277
65717
62471
65596
65146
64167
67068
66972
65716
69265
66729
67970
68086
68675
69737
62029
66488
64294
66481
69090
63820
59965
60331
65906
66021
65427
66949
67973
71037
64478
65308
71405
68764
69245
67794
61970
66229
61064
68681
62990
67336
65232
65004
66903
70434
60419
62944
64400
65576
66426
62869
65743
65058
62439
65194
67211
66704
60300
66446
63165
69862
68717
71363
67195
68674
64107
69502
73892
68942
65414
65671
60169
63460
67821
68533
69013
68817
62515
66970
71317
75052
61462
63694
64266
58957
64379
67855
67794
65844
69285
58990
67134
66845
63766
68184
61159
65820
69912
65318
62088
63095
63221
67174
66798
62347
66875
63889
63993
70001
64183
63689
62749
64372
63764
71043
63663
65185
71459
71140
66873
63374
63271
63009
67988
66026
67565
63190
63872
66403
67103
65002
64261
64326
66927
63505
70223
69510
61094
63960
63182
66304
67999
64084
62411
63068
62387
74873
67151
61867
62442
66534
65665
68572
64623
64340
67048
71575
68984
67695
69976
61219
61852
76827
64576
62623
65418
64118
70028
64810
63862
68622
60149
68912
67440
66577
65204
66197
70207
69648
63852
62578
62373
69185
66166
70966
62185
63628
64831
61233
64357
67256
65007
68421
64197
65117
66649
69230
69797
62522
58457
61815
62483
71797
65827
62739
66055
67676
61218
68671
70438
64185
65443
67958
64877
70709
60478
65705
68224
63064
67554
72820
66091
67899
63039
68665
62913
71470
64928
66057
59765
64781
63646
68406
66347
69451
62289
65606
63361
70234
72393
68554
62681
71305
63336
63647
68143
66678
64042
66820
69137
66911
68904
61194
66460
66070
69472
61268
69257
64010
68297
62990
64795
65866
66119
63623
63273
65696
70851
62497
65183
61012
65272
66013
67906
64982
63009
64817
61514
63525
65226
67417
66915
68432
66009
69201
65206
66749
66526
62084
62594
60362
70160
64299
64243
61673
66737
59789
65996
66313
70566
66685
65054
67128
69181
64118
71623
67922
65926
68765
68315
64262
67736
62456
69506
70626
68040
61200
71732
66125
67281
65188
71115
63227
69037
71307
66234
62687
67466
64209
64158
65774
69229
61963
63240
68134
65690
56848
62815
64610
65153
68369
68395
59662
64107
63052
63565
65631
60860
68290
69420
64184
66179
68912
62969
62118
70045
64491
71015
65918
66233
63774
64779
62927
63385
69406
65878
66510
64064
61136
65681
61268
68678
72120
65856
64869
69812
71372
66346
69368
69532
62997
65665
63901
65942
65113
68569
63569
63687
61844
63197
67250
62311
65595
63879
73391
65908
66516
67960
64220
67077
64887
69791
67153
71888
67598
60308
62236
63919
62248
69903
63099
65998
71254
75680
59046
59225
69698
69255
67020
63887
67121
62816
60063
68737
66077
70000
60764
61871
69763
64894
63684
63623
61716
63359
71852
62883
66040
69590
62149
63905
68415
62023
66277
67103
67036
71960
63547
65890
66895
62356
73830
68619
68814
66386
61443
69961
63784
63676
65926
66589
68400
64881
65256
69830
59711
68449
68091
60914
65637
67829
68506
61661
65523
58365
67152
71450
64491
65385
62940
64960
62570
71905
63148
65537
71310
63625
66771
66714
66663
59248
65132
60121
64147
66909
62868
64706
67174
62352
63914
64148
67330
66422
68483
64424
65762
68858
59278
69251
66066
61975
65760
63266
68869
62744
68464
66043
63476
63831
66130
66240
66254
64755
62411
61011
68036
70198
61742
70527
64835
65442
67872
63636
66109
66150
67041
67782
65645
62930
64002
65808
65785
68893
67178
67055
62285
61399
60141
63772
67265
70109
67764
62692
66834
66699
67044
62166
68715
71619
67241
64944
64758
61415
65151
65993
60536
71267
65683
67918
61308
64775
64602
67358
67951
67450
66131
64257
65567
67358
66153
68069
67830
58276
68349
64811
75502
66005
62837
67206
67104
64489
66769
65874
65536
62738
70278
72048
70243
64736
59195
66441
64289
64594
65601
70263
62562
65734
65392
67618
61092
64173
68866
67879
65465
63270
62944
62189
60387
60915
63405
62290
62931
69898
68934
61880
64370
65842
66406
63970
61020
65430
69405
60813
65083
62942
63098
65460
66365
66178
67091
64025
65170
66277
66995
68055
70997
67655
66647
68550
65765
69230
69300
60657
64101
65171
63641
62655
71152
62648
66655
71228
59539
74472
65980
72519
61661
63631
64336
67433
64694
68393
67234
69519
64669
68307
63442
67921
63791
62244
74716
68247
63290
66372
64388
71095
62113
67421
62746
67504
66137
63616
65214
68951
68509
68317
66649
61707
64123
62377
69371
69025
67890
70387
68532
60178
58479
61169
71853
66435
65522
63086
62912
66403
66453
64519
67768
57437
62906
66823
62529
69636
64686
65453
70877
64075
63013
69168
68996
63064
65168
69221
61004
64704
66841
64007
67064
65480
66746
63734
70863
57763
65267
63106
66189
67787
66697
66048
68554
68285
69409
63340
66380
63986
67201
64136
62027
62342
65418
63382
64380
70554
64017
71256
74825
64215
69996
61592
67219
67672
67837
67937
66466
66123
61217
64050
68458
62506
66668
66105
63211
64649
70619
64705
61655
67284
58079
69730
70625
63742
64614
71255
66580
64604
71097
68535
70683
66436
65122
62986
59872
65507
64678
67679
67784
71015
71886
64155
67084
61248
72975
67513
61619
63718
64373
64003
66875
64794
69557
62021
64895
66582
67787
64694
61210
68913
65171
68731
63512
64170
65539
67104
62118
66737
69104
65812
62243
75798
64033
62148
73450
73558
65927
65666
68248
68253
67596
63975
65250
66996
65802
67668
61146
65303
69920
62961
66525
60544
64522
62886
66694
62776
64650
63124
63418
67529
67270
68069
63704
66233
65558
68865
65621
68354
64014
62217
60539
67796
64537
67496
70283
64976
70252
68649
61332
64140
65939
70222
61684
70721
66703
65273
69771
66540
66442
65764
68389
70053
70307
64823
69538
61793
75427
60917
65683
62868
63607
62448
67041
64397
62352
69835
69331
72362
69341
63692
61581
66883
64954
62521
64299
70854
68798
69193
64524
61299
64237
75051
70117
61643
64069
61853
62018
65132
65917
73104
65532
63842
65700
68914
61612
62806
67472
62893
69974
73218
61618
64149
66614
62895
61512
67001
69499
69269
60318
63613
67355
61739
71722
61519
66787
73347
65349
61879
61897
60860
71148
66330
60944
64800
61576
64812
68522
63989
64864
66807
63449
64527
64711
62265
62856
62063
62185
63451
63583
63320
66841
66652
66533
62413
64276
61951
67549
63256
63579
63404
64745
74023
65153
62468
65960
67332
69853
67802
74915
61986
67906
65637
65079
60094
69236
65534
64839
68132
68650
71685
62634
61683
63439
62070
67839
70645
61555
71147
65962
68821
64544
64178
65749
66401
61209
65733
63385
64539
62184
65338
63122
65660
73155
67259
67626
65357
64139
63329
67170
67727
70157
62834
64351
62145
68358
68258
65151
62821
67341
63524
62868
67661
65806
65398
67132
65245
69506
63836
66503
65476
65903
65059
62832
69959
72963
68715
68051
62884
63514
71085
69785
66373
69338
70747
69870
65075
72939
67221
66412
68904
66020
68621
71784
63388
67860
67484
60550
66316
68601
61651
60999
68341
66922
70992
63029
65238
69835
63793
66813
63240
65793
66214
73045
65824
64086
65202
66167
67524
61276
65005
62824
74475
66250
66130
66475
65963
66503
67778
61893
66752
63674
67860
64094
65608
66863
62255
62759
64382
69230
66061
61554
63094
62003
68339
65280
64043
63745
71820
67758
61932
65538
61571
64466
63247
65386
61964
60446
65004
68123
63197
67016
72337
57844
65212
68613
65487
63709
65846
67872
61690
65522
59700
69612
66568
63561
64823
69095
72901
64153
59375
64851
66195
61410
66244
64632
64917
69252
72484
62624
65399
63627
65868
63193
64482
63359
66593
70251
63585
64132
69628
68007
65169
67924
64759
59251
65838
63594
64834
70019
60971
62532
63766
63976
62688
67558
62376
71563
63076
59508
66236
63205
57973
69157
60076
76233
70163
61415
61774
63072
65586
63158
67338
64734
64784
60602
60917
70126
71304
62920
61045
64245
72335
68940
72328
70836
69251
66510
64383
68198
61455
66070
60977
62574
66527
62241
68724
72473
60013
62966
64758
61212
64668
72759
65791
67506
66528
67822
68946
61750
64732
60849
59562
63832
63070
68335
66434
69271
62781
67466
70336
70914
66863
68659
65302
71282
59765
67538
65990
66649
62357
59375
65395
66958
67060
67542
68631
63740
65672
59686
66561
68778
68597
68554
66261
59239
59744
64767
66210
70849
62206
68612
65958
64868
62704
63908
69722
61596
67763
67862
64254
66157
62397
67035
67306
69430
67712
65064
66053
62301
66965
67856
67239
65935
66562
67173
64793
66891
71612
62310
71772
63757
64519
68314
63163
63234
68195
63456
68031
67499
70150
60377
64632
65876
60472
64643
62653
60850
73917
64299
70807
60145
65065
61608
69815
67750
62350
59622
72704
68152
67305
70681
61842
62069
65668
67166
61621
61389
67679
63790
72807
73243
61621
67358
64997
70738
60385
70275
63682
65796
62783
58676
62687
67250
64029
61873
67032
64621
64836
69453
63601
62435
68280
63442
63943
61353
62935
63988
63610
61949
65321
71335
63333
72266
63655
60962
63273
68737
67598
68545
63999
65919
65139
70331
72233
60990
63483
63105
66194
68765
58342
68325
63888
65356
65182
69321
62146
65905
70911
62711
67992
64229
63475
61750
66865
62393
64943
65047
69023
64492
66526
66279
62188
68617
67341
72166
70255
65025
67485
63435
60418
67230
66273
61655
64176
71024
71012
63018
72635
65419
59953
64208
64633
66010
69150
72146
61795
62585
66820
70019
65066
61498
67232
64467
70851
74765
62815
60992
61134
67729
65998
61994
66205
64724
64886
60506
73273
65761
69344
61968
67234
67309
64857
68004
62077
65251
66930
65747
68645
71111
67158
61034
67788
65585
71340
67536
62311
69028
69542
64760
58858
64749
64642
66691
61575
65602
60973
65594
66649
62353
64907
56613
63334
67164
65742
71316
62322
67932
68726
69103
71091
67113
62182
65028
61516
66138
65910
64518
63563
63300
66054
61786
69196
63477
61765
66726
66955
69444
61914
68100
67411
68899
65686
64860
69264
62387
66025
68705
66033
74238
63219
61474
60783
66175
61313
69101
64873
66893
66514
66359
66259
58887
68319
66493
62071
61897
69872
69412
64335
63422
68402
75038
68617
65490
66428
61326
70097
66392
63323
64719
65471
65977
61372
65384
67699
70251
70370
64206
66704
63140
64159
65986
63830
64153
66092
64018
69237
66270
63514
60806
60175
64784
59737
65540
66912
64393
58114
65492
64226
67751
64339
67758
67104
68794
63746
66988
73137
71129
66672
70212
61330
63280
65675
67465
64771
63726
64178
62537
69999
65577
65099
66506
66696
62232
65753
60798
61185
65866
62012
73128
67141
67407
64844
67565
70760
67008
65717
64556
67409
62659
71505
64255
74467
61042
63563
72403
62730
67967
62894
63791
62337
60358
68842
63479
68433
64947
64788
66600
66758
71750
65897
62809
66435
61592
64426
63595
67006
65874
66036
65256
69131
62951
65350
61643
63813
64572
62395
63263
67333
62170
73688
65723
64070
63884
64517
70450
68531
63493
63534
61484
64179
64792
70558
66517
62280
64626
61352
66762
67271
67342
65627
67727
63896
66132
64128
65990
65305
65107
65602
68368
67149
66482
62426
67113
64411
68976
67757
63861
65030
63608
64647
72612
59143
65019
64182
64423
65355
62545
64922
63461
72104
60816
57903
63773
62872
68768
71328
71109
65574
62239
67223
67455
64854
63147
61737
67786
61158
66931
68734
63564
66087
65005
65381
63254
67743
71387
62950
67394
73431
65310
65505
68249
63407
70784
66067
66696
66921
64460
66976
59658
63577
65507
67480
61356
63999
67731
73081
63642
66255
60292
73147
62887
62604
67521
70026
62810
67138
65969
64119
62608
66507
65522
63529
70153
66614
64517
64071
64797
64712
63109
65585
65442
63508
63199
66193
68323
61287
67590
65817
67414
64701
64424
66138
63923
63419
65858
61636
69029
64992
62784
63257
71551
61775
62226
57888
70888
67075
66188
66833
63358
60201
57778
71017
65300
59978
68804
69929
69304
62486
67111
64448
73916
68765
66561
66363
68930
65125
65983
68315
70114
66471
63793
62462
68524
61906
66178
61608
66821
67077
63476
62271
72830
61234
60758
68773
70415
62696
63430
66073
69211
69311
65403
74381
64178
65596
69731
62419
65578
70258
61416
62296
62137
61823
67369
65828
65573
67731
68439
65235
61556
60406
66781
67306
66206
63654
70704
61353
61033
73550
67717
64197
63546
64830
65498
59001
72894
67945
66340
72938
62119
68149
66263
69322
64787
66114
68311
63504
67350
67225
75987
69661
62298
68622
65374
64299
65117
66098
72787
64277
63124
67327
65370
70894
73478
64710
70000
67403
66485
71746
63975
68357
62286
68998
66119
59679
63366
72400
67857
68042
69266
71112
69254
64330
63607
61868
60805
66350
64877
66104
67169
71735
65826
66227
63321
67089
67873
60813
63459
62807
69077
62455
63692
68893
69773
63625
63490
64488
63618
69004
68640
71036
63713
67584
64768
64335
59711
66513
67805
65163
67496
68003
63795
66320
63658
62204
73960
73084
63655
70069
67314
65608
62120
62801
61321
66592
64960
63358
59055
66177
67646
67373
70513
65148
62782
64318
66049
66333
67179
73176
63527
63175
62914
67055
64784
62559
70641
64451
64062
64406
68293
67774
63109
64183
66560
65406
66593
64985
66881
66444
70455
68130
64466
68329
65681
67506
71611
63484
64410
70296
69392
63102
68242
62968
60303
67712
62503
66290
74993
70654
65671
69139
64094
68666
65769
74920
63011
67535
63236
64639
60348
69256
63016
64887
68235
64975
67390
68123
77413
58437
66196
65354
61948
65772
61945
70762
63555
65461
66235
61726
61267
63242
65622
64443
63740
62237
59845
61761
68264
68239
66157
59565
68514
64456
63632
68735
63257
66495
66481
69613
66022
64003
65302
65114
60857
69037
65892
66851
71638
64790
62684
64253
65815
62792
58392
62775
64958
70109
65581
65496
64616
62596
65063
67433
64775
67280
68123
66518
70787
69968
66995
67537
69772
63601
66460
66370
68813
66219
68915
70063
63204
70511
64345
63950
67912
75737
65925
61273
62493
65483
68700
68677
66149
62159
65470
66742
61166
70146
68212
62969
66261
63790
72181
62686
70254
64345
68117
69313
62865
65157
63704
64839
66533
70921
64795
69216
65900
65959
71560
65585
66113
65240
65760
67191
60340
62485
65089
67404
62885
67824
65434
68144
67698
61915
60588
68066
64135
62695
69798
67869
65060
66715
63004
62289
65612
61087
67914
62588
70864
67535
64134
69799
64064
67786
69016
71693
63155
58816
58908
64522
67006
64115
66589
66498
65554
69330
69965
66963
63879
67123
63089
64739
63719
64269
63515
60495
60651
61549
61800
