67404
414411
630628
371628
520381
392299
573898
74077
301425
409526
102598
17631
403782
160014
269050
80143
412152
57665
230462
649844
613162
132837
220053
207658
160835
620485
408450
90838
636141
625335
396380
296068
560859
622698
324208
490715
296144
469714
373485
649617
5997
216301
71596
231887
515361
99302
333652
553370
255030
121152
148801
26599
46220
109889
227873
482213
611047
467669
576022
457876
437471
492787
113032
320392
221480
178973
445619
590462
370871
537091
543307
534127
269394
228601
531681
132261
511712
318615
316780
513528
590020
389009
173028
368061
6216
554775
524744
246376
262786
558654
278574
487676
170020
369310
607301
113590
341797
602523
533987
210801
12044
116238
366242
21624
521781
276339
343264
610949
37889
500215
375085
492199
571546
443784
631586
516302
625962
456775
594020
465757
534466
475211
261533
152332
467478
533570
520198
275262
118378
536078
479816
172132
72744
264190
330375
582757
56283
306853
149898
82673
604291
420980
519279
624246
523208
574940
338389
214110
349851
38051
376859
169029
411560
587443
430618
529866
2609
616913
442103
4210
234128
291415
336266
111372
593079
233353
499316
474439
164275
163279
35056
147086
486710
154512
224618
344714
463450
25664
350945
603693
630947
240417
319608
535126
197778
89291
114587
539233
583628
136984
181684
475244
286048
170723
129828
374753
526324
423890
308740
527995
390034
129440
628879
652048
295867
383733
158942
156826
272293
346371
235187
303248
400807
301374
104598
329468
134160
159459
61535
256336
622727
497289
28395
358976
563723
535442
189171
439550
513898
96058
209037
157723
193799
566890
484807
190130
200976
593235
124017
244784
143133
72621
601483
22335
539485
123894
556596
333563
185208
291317
404969
223054
229161
279550
65273
466891
484931
563393
534920
203982
284297
528680
438468
278143
428825
471752
522081
61584
333151
12674
170046
552660
624998
404453
539953
493425
531372
289662
557017
335962
26056
592393
630166
636985
24615
5362
427254
408515
642649
241558
68447
19591
13630
299756
522849
456026
546500
506260
328676
100637
628961
419946
470611
503131
203989
421806
378972
566700
626874
170958
614488
132268
615732
206740
486478
255546
251199
44672
428223
183024
104789
5170
157948
175305
495533
95502
67510
439394
249795
343222
531913
289586
423832
474573
578090
141234
176328
598290
477417
451765
581944
102005
209034
83956
224537
30077
373030
580367
161912
620901
484180
532782
477099
593812
345873
362187
332728
506887
36738
411174
609172
161183
76814
543263
3680
646180
590374
71946
532950
296762
221431
252857
240466
304711
131171
428608
92447
514059
247224
193639
283663
60260
388709
176612
467359
350933
440854
514494
219153
636678
207500
242200
155751
293343
456062
295299
541106
272083
33777
29319
302761
426042
57238
52472
417089
142178
130791
548250
162514
47195
15571
177675
235891
60668
53105
337794
340336
542537
51152
605036
18405
489473
48037
569702
125313
358093
305035
384341
594515
409322
169143
422476
293783
224688
55284
566569
609159
99514
228724
500029
272320
170390
305446
647129
401223
430605
307524
169504
548200
149259
445340
380576
112240
512594
333856
633662
292420
635030
79942
11194
311590
249615
226979
111036
585615
311895
471914
506715
43021
485226
69949
110213
29978
138177
222905
300939
47232
261198
16311
554325
629678
386453
533073
289034
281692
4223
320233
208479
230109
575375
373635
638467
119592
634186
81611
536078
4629
450438
418533
137701
600678
411448
309938
623204
189749
644936
346619
71705
397148
254929
568048
25322
121043
74484
159407
448942
533878
30993
218373
142616
437232
286068
545058
234141
217939
40213
386935
639887
380290
112318
270018
31358
125093
519262
24332
580057
326212
541572
239360
224073
127449
436996
43134
306689
21122
643540
306455
557363
621722
526445
503540
352903
628525
650382
158939
350527
372992
361069
626576
638761
392726
49446
584984
1684
412627
15860
288193
155567
349032
36250
564726
101473
141845
90821
302961
199815
297334
332949
258612
616874
489586
202721
459791
65235
210048
620368
352099
465586
602116
346001
141846
318710
171138
648155
121770
650219
376156
634751
354170
122562
227790
572121
589527
623564
619729
160297
101963
512129
289751
510577
362581
134472
463053
508889
365441
621809
584516
471009
637921
376312
114155
98216
30257
452046
330072
13987
604722
74514
562799
355
480106
113039
412485
158632
142523
547990
422611
314504
346294
445960
35219
324593
90388
590720
386855
30771
219848
373828
638805
226441
306665
79267
89340
24543
597595
225763
79915
60814
105389
641723
49785
481971
373366
480510
61417
99917
205326
121723
533754
45034
649684
38173
376557
271624
259180
333485
334477
392315
68947
364532
297454
298129
135256
620494
262065
494344
172934
453544
564429
82650
626197
304764
413144
542113
283108
638820
207557
339925
362400
391019
37345
1617
553546
498995
637118
479802
573235
115907
374285
530900
433981
282809
476076
63399
387199
609418
190702
218704
71026
279887
59866
208837
461256
291264
37504
558400
30995
387040
314433
468595
550830
551714
198490
168393
251414
416912
309364
296758
443962
587894
502887
253859
463635
191659
518429
231722
216324
260522
469480
611419
61102
651309
237312
505129
296118
65171
542379
583137
247997
67287
555348
590162
285648
8775
632928
635947
164416
245875
397786
247225
528603
183327
652223
441025
257693
566888
146109
120577
497319
291525
445355
139091
480103
181419
51306
64541
108763
567339
516894
67386
547166
313207
552113
62440
122152
615885
403696
653938
282879
414346
246603
6387
304408
324835
170924
480036
536316
229005
608774
587550
244030
505851
238956
649738
396039
464243
317084
393042
212521
467708
631090
624237
159842
143157
626067
117803
606715
491015
603081
353112
6096
550224
570466
474035
300894
368174
574150
54151
233867
475953
419782
499470
497142
146723
146376
1307
102410
130632
533376
464381
620634
512557
348648
132507
502603
306389
96023
482814
517215
255187
76301
597128
171586
453874
291218
121975
388282
1566
59248
34234
296984
466198
549270
342419
549787
377910
307324
84840
237872
365169
595099
389078
127505
233099
610448
435421
21355
165504
432267
66001
397045
487055
137603
51108
525252
71024
243531
508672
650060
148562
571851
189531
426240
20796
522571
180801
499032
113038
527181
371543
485657
772
107676
172278
563739
474181
403000
178416
166698
391846
226104
528925
357077
13165
331178
51114
118668
138399
513687
188738
597023
379417
653443
530092
508602
370350
615625
142132
160473
136604
288818
496434
626550
49765
290577
275592
378259
7762
7082
265370
455240
84638
413335
599654
433792
148581
440968
602255
80795
307074
543340
295106
79904
286458
377145
154932
258169
515288
191857
171198
268487
199910
255093
397783
29677
356851
217500
214591
112981
654045
61001
168021
101376
394169
403637
520755
112783
243002
556566
66903
606320
494936
113774
11469
92716
604198
23996
213069
50280
20647
178168
472961
566978
468123
440309
420500
354417
379464
486103
512941
40031
519950
140451
68657
8708
296140
108611
144220
108525
280495
626609
205526
611521
642931
77449
540627
117210
122868
180251
338854
361326
18463
155242
467783
415377
279805
643462
64609
499495
557934
630958
458706
587969
623467
473857
367990
140092
195249
361712
451056
461178
266098
218188
228126
315077
644956
147849
369
520260
146351
154094
584462
80909
26026
569210
140111
422119
516805
220170
351978
165879
94323
549699
143915
592448
640203
450579
462200
339185
153982
609921
500965
167767
510359
20069
300400
562251
161910
356050
447751
41726
616708
108784
439225
321495
381120
324556
283507
194769
255714
542883
279283
316831
605603
167778
318227
341782
630071
459183
472449
55910
33200
462347
520593
521681
77135
234503
405968
534959
625090
131929
574176
553718
260817
548593
522542
306372
437767
418681
236960
521169
89510
269452
186151
258483
193126
525744
365186
531606
160085
397042
129020
387198
504332
122822
485217
420184
60285
490750
555488
263641
146976
362091
580158
293585
161214
111953
146797
548854
49611
524747
140286
410945
467351
90728
204540
599637
21452
506791
446651
342709
364190
547500
425662
574238
562916
650578
343104
391217
517198
472958
59786
166150
11700
231055
360204
397228
499561
613426
51062
33493
645215
258084
76505
493872
113349
251526
349719
352563
493007
5993
400443
306241
622832
387041
521508
466393
626749
502944
622021
402260
75408
435315
366985
59951
416303
271594
553925
650752
127773
106553
556200
144251
462736
13059
319069
439471
367907
418600
631295
271111
367194
436744
291660
113270
607325
249413
215857
497857
258689
366442
487779
51310
139898
621750
3182
319748
343079
283416
598322
261367
638237
487958
521483
309831
339756
570159
561591
481735
363448
433591
167157
635688
561572
581645
598881
233320
262973
483732
185884
584725
44374
153856
395143
645143
647879
109842
85653
55942
516505
645340
331405
336353
146708
249814
371316
65164
524073
143413
119323
611450
651751
128601
267327
333431
126514
151149
169509
150788
529017
289714
143840
389322
156908
351414
433774
192810
519894
267229
91941
516461
426784
446884
498049
411141
414298
548708
457794
34612
652692
28140
243376
649774
566873
321584
130295
536732
347644
509708
578736
643038
487027
576624
574316
229726
207698
363285
12463
223564
533280
403735
494325
4884
70354
258076
71972
112479
582763
438241
654527
56057
106614
72146
580267
57188
612726
83235
79067
192633
417414
258171
505034
34704
538018
433500
510444
124701
82072
266755
45727
39119
330090
554756
580894
48954
60564
560899
578584
527684
237297
144300
76303
390074
545690
166561
136591
606056
284207
458417
304080
572935
212764
346000
299603
255332
370956
323316
646574
328218
648242
372043
64291
599911
648307
22518
39173
344299
417284
648456
178085
584611
600343
176339
491011
509078
647604
398480
383972
643372
456834
204857
515977
286313
541678
224438
511974
152558
403999
316155
579033
171028
287822
63364
91631
266320
412783
483765
444839
596481
227049
569890
234229
485301
141401
72927
234915
22809
636204
257281
192708
556850
339015
333965
181646
361868
129077
596722
363709
62233
309888
440913
430980
27629
187890
530993
348919
259779
39268
441368
466494
283966
495032
527980
295091
504402
562773
450045
587394
247049
393435
40387
376944
431543
261870
187001
307350
32651
102330
462631
144848
530531
445544
220626
645981
606296
206863
316067
443133
334300
559387
146356
543644
6409
184082
586868
199995
262003
582616
313896
27714
421017
532541
318680
506071
422393
324442
1033
638677
478260
469980
254248
381557
51144
379163
653263
402801
570351
590130
198365
482455
569823
114306
363699
267858
195138
245667
586359
501473
103215
324392
276434
536803
319412
240431
107629
383654
215418
230039
132600
433722
513787
538944
538333
546131
235686
39906
172387
27329
8464
478275
9705
140344
421952
80285
455355
358335
550961
345572
9014
311591
380920
38927
182074
465660
272322
190526
242125
218862
232242
141440
449658
434248
537534
631436
552145
235703
366826
411508
396251
525057
333541
491676
91032
477734
317994
263231
175912
44090
220644
537096
241883
361443
335202
334476
33440
604095
402797
639993
113623
203250
572342
316517
443210
477179
165958
228450
55832
343733
158397
548246
30644
278807
653610
205983
517504
506455
357473
198932
569030
122894
427637
506989
302066
544606
504404
93234
319491
271157
134433
144706
481571
311632
437866
31225
405187
556314
474769
224781
620967
256540
475419
255047
250128
64949
198473
366762
653492
73309
51787
640207
319248
541955
549692
575541
90943
126876
400971
187855
7786
268232
155595
150622
263434
411324
149354
46238
586085
32228
151045
380914
480142
368485
403974
201603
69125
227349
383965
386899
232967
473234
86048
158236
599392
508779
15595
72067
214409
423750
340224
188195
331762
59330
478236
65229
334027
485604
489021
347717
385969
640635
423906
290789
373852
326513
368491
115085
465505
58761
336579
413420
412962
527548
192980
463169
19510
493532
412888
160415
5249
165279
46624
9666
130138
643909
214345
489084
114557
225130
304732
193458
311859
7580
135603
589299
48878
575118
625951
357182
432162
214749
612098
422720
413242
209574
227269
403906
437353
337265
392795
27460
65925
176676
215024
568617
521355
81984
31866
297269
641171
314230
21237
52817
267334
272799
100683
191585
209718
149871
558542
150476
610848
457625
210606
42765
54555
501991
145949
125949
75921
121178
123558
635678
245218
598088
172033
467210
283593
583936
580952
25466
501177
401635
429327
201119
640657
259531
522459
651590
63149
352760
216990
611649
212827
199109
15178
555041
172557
589147
228639
113928
262464
569840
32722
20328
226342
154818
473412
69627
557079
4826
429112
259530
509102
366666
105523
427938
256824
180262
374154
613607
440333
496786
509059
510978
528564
235620
338500
208643
8778
574255
348161
480914
149416
599271
336374
323744
312071
164384
274606
201251
91059
651700
17852
582893
589557
147372
370921
162990
386566
215488
570875
180633
4555
240372
355262
252536
548473
351464
241578
461712
359968
480231
165924
179986
200702
284431
218899
152791
120189
390725
2612
628342
98934
539542
236235
287555
427416
523374
237562
325797
82133
285657
281777
318629
640561
614617
323901
271230
369074
114271
296215
163938
441475
548600
133040
623712
106997
324554
153786
606989
223579
517080
102403
378540
209889
504647
648560
432395
591587
500452
634003
368752
312711
282998
274800
428669
11600
110030
403817
79354
209040
269957
104408
383948
631643
440854
417442
332908
90861
24756
422529
569048
304561
434374
464783
386738
126597
209140
152162
266627
44085
2843
100008
585022
197919
260174
141767
605581
358791
321498
291572
333578
212654
152504
215198
452859
426811
634378
386496
555968
566497
633268
146833
486783
531886
451497
10892
570489
566648
45166
530564
589513
142175
377607
446865
77119
645821
604274
601223
538834
636651
247860
368557
153423
575026
53660
43721
546910
81337
411366
575373
631277
298075
288286
444175
126252
134246
501724
66077
139585
217646
123789
391395
526442
176268
21781
572562
496006
649033
383338
286359
373151
129682
245250
374125
93636
26797
46438
322852
586271
389778
510982
184760
315695
334732
580182
455972
73191
32199
24903
76263
92826
290761
326209
405484
477424
278751
59259
252791
441854
629958
259475
642807
358158
575402
321430
83109
165048
423810
527687
204749
491253
466165
332140
404137
338939
354299
136490
107996
97225
83942
127145
535202
191586
267519
63465
395378
371713
493917
53216
594677
158535
398728
504308
7930
114817
318538
218709
44255
350127
361780
221815
389753
501336
613779
560129
510790
548528
270554
592542
45087
577054
115355
192567
359547
284986
252542
300387
117242
449616
229539
606739
36899
69086
309375
404234
337843
259676
122942
551990
504931
22463
521606
284708
338279
581336
255965
644749
639504
108324
307840
60548
303522
35465
314385
645648
608494
323051
129718
546160
524032
417257
373018
349302
51006
501390
40313
116460
401450
81581
46262
613495
269348
379159
57310
457566
79619
94314
110339
267551
62453
285607
442064
174395
427605
489315
427139
316461
320745
222704
227876
148134
244013
400092
528306
271494
551642
57634
412446
221390
428636
5053
433076
632644
164477
298148
567817
106613
167167
556211
527853
51883
145691
336963
614579
569991
213445
494041
559175
182856
379539
462975
421991
182192
592465
475982
633275
456692
27555
59907
329030
522910
419936
390818
180693
461188
383895
388498
280634
271296
469538
581505
305595
509037
90205
469548
201862
194123
127229
288700
644183
411849
342994
35222
240801
434516
468249
583081
241680
439185
361417
101730
78892
453192
531738
428939
33978
306067
383673
94588
398258
165631
573323
69231
478780
457132
46496
481676
417452
569596
428541
69905
21249
613669
571935
603889
648850
574996
274167
13779
81097
460397
373335
362104
535739
478202
564164
339910
224373
501129
291802
5177
317675
123225
239305
219192
371350
153346
617572
254197
255532
102741
491891
582742
186387
523640
182030
311658
470422
368860
462739
299018
638256
652629
525957
570569
630091
435340
625473
147342
565642
654181
219859
160067
488232
241679
483214
156723
374044
65423
13395
124429
304784
622611
390817
202609
607605
281696
322882
242482
184019
188772
520991
41894
90790
94986
622810
40379
655088
431582
492756
433797
217251
254971
541226
488788
215377
616607
152275
93499
28715
335566
608067
435046
632349
384397
73295
387378
531010
579910
195405
380196
176108
313612
580760
275264
454707
164540
125014
234764
529576
346607
11049
73447
150296
502731
190038
374350
605298
275381
455147
18455
361594
654946
403943
640363
145178
192865
315834
71497
23642
454427
400837
38901
500793
286464
592864
85408
126158
178471
651419
322862
597061
300912
104725
180396
214168
491956
92186
522173
156839
627546
127229
633567
488377
360014
538238
154248
357497
500640
405143
545207
512982
4483
604031
431424
32188
323436
393715
454963
376954
489799
190005
451896
339224
383909
356370
376025
191291
305278
638197
334638
267783
205859
159156
526981
562503
481682
141113
621822
12772
204543
239382
282024
100634
161112
572643
503934
430296
157473
600103
493516
141077
629518
511272
91019
168389
190470
486941
237919
500874
411062
420589
632765
64092
528706
334518
327093
415735
63204
522778
158555
534337
538274
621341
626768
65909
174823
568210
220684
636733
584246
49067
602489
32817
548231
448209
561971
231977
80025
250217
593933
223527
166035
111096
488040
639932
554693
44752
53359
181870
525972
196977
285812
119255
550408
107544
583124
17034
132715
563641
511970
591373
534773
90289
101617
185009
471383
630041
201308
356734
396530
526651
67687
540113
420846
390157
471317
487725
124788
290052
617911
250226
97618
216653
588177
164502
214840
452923
284421
391201
555345
120134
52906
261203
20770
547241
527818
162927
216970
651561
119255
137903
32435
428761
169621
485531
245368
99352
440169
85752
64737
348751
297068
489355
373057
92336
462787
23605
292491
553367
118958
357522
306993
271100
41192
186327
195194
137802
443289
23340
52655
365547
228570
543861
178919
146999
2021
315863
65929
318055
195401
53276
341498
491398
200715
303797
575981
335340
285492
525807
486673
329133
47913
201336
298655
635148
461338
494172
519618
586581
477462
308698
83933
70007
597199
288448
518853
206617
560670
304012
42187
453245
419011
565235
446009
561266
466789
544647
513357
420687
481185
105422
559874
228823
312807
40121
582282
622411
589655
51229
322076
224967
464763
441193
301964
627659
205428
554308
454321
471960
407850
129277
504658
531241
292668
50621
281084
641475
46320
98893
460818
462365
247283
22394
536703
396138
254537
361574
548878
620714
231478
362645
162142
118013
318774
458161
258223
341458
457839
600658
594182
31123
120797
22067
199643
554076
590710
119364
154786
392578
547144
315654
521987
339230
549879
250890
498050
356457
295452
327229
180342
457474
263717
72591
566692
280445
389010
167854
137623
405678
583971
127007
173454
92936
623224
627802
320397
338982
136464
278709
324738
267072
552405
405671
341415
105303
116596
421249
310280
457109
464556
116680
511616
107753
101858
491370
452472
471572
18080
436497
7567
295400
287119
446406
226136
524592
465910
387846
362255
402325
258603
524726
170192
581923
604241
183956
131898
37867
16524
3156
553847
365699
443194
652957
248217
421133
235127
117992
547734
422015
212413
122013
309335
647544
489124
275447
102191
243569
615128
540915
623063
223183
14888
438108
201170
553444
225228
136391
228090
337053
495711
437523
539944
167076
489627
98507
334326
182653
565494
72336
465785
394346
157453
623735
169419
461402
248889
585524
507155
536841
211438
502761
154646
492992
560576
302061
268227
427476
491810
211407
98372
283842
593322
228273
200863
444190
229145
632235
1137
631980
15063
506778
493111
434819
138817
606685
156181
277395
647899
601174
23366
141245
18433
181598
93360
270506
130070
125775
404635
387781
138104
272706
520944
433454
425115
220904
41545
510019
602037
468113
98117
611305
471014
339806
341559
348625
135302
367675
248469
513084
630885
44380
39785
29137
317874
416158
59676
139695
409541
439509
572755
449110
414419
495181
172243
134920
157941
78804
88869
94715
572975
349959
365530
149348
480395
285490
349548
336195
624283
592550
296818
410344
318920
428826
75137
142720
583888
137920
260360
139932
642567
243172
329655
481567
380492
369822
556694
362305
82946
91593
498232
361731
637968
141341
160273
591206
56941
292133
17105
23366
649907
47373
616185
80586
372835
357571
315365
287658
542864
241688
348057
488654
558829
566827
521164
596098
259124
132655
155030
234762
295244
18951
435313
216155
414519
56495
398660
315736
306389
184811
213673
236241
337996
127565
88586
60517
28413
626136
582870
80595
378153
68813
609063
526784
482853
477073
111616
515616
306547
353715
149051
291145
566401
416333
321966
202718
311894
196685
291534
154188
444662
514211
55892
32589
335409
374820
194054
284353
149961
426610
220735
258716
388578
287005
517496
263811
33811
211164
185636
611392
513555
251547
107927
520629
521419
478489
501701
337748
547078
504693
394884
342966
6209
620802
242185
456425
445370
87214
198525
1695
561442
402183
265895
275275
432706
640393
210955
466264
253821
53277
146381
118153
543873
232865
406778
7093
112962
145162
142623
284105
384519
316176
46527
166036
151017
364915
325088
480316
631271
87462
192045
392274
621506
398107
1017
27931
244493
619579
292608
569044
66014
59585
365963
546017
610077
165261
335647
566392
301733
115123
23395
334726
450597
545721
258932
453565
327082
213354
26688
568587
125509
560534
202075
26140
272631
535700
157680
494173
566113
553113
265136
557472
488998
545800
227849
292341
274714
242147
519874
653942
384745
318982
263826
533741
614124
553622
246879
485250
301380
118846
237731
504589
397874
192447
479799
504353
19275
603923
555008
233011
496017
210860
376969
263885
138225
194993
79369
94098
572450
56184
376959
248991
560084
111605
349225
357024
639035
114802
410112
303921
36115
142697
265028
559543
353240
369468
371110
330407
146196
286944
74627
318734
89498
108347
468530
545323
365111
95962
61535
365265
403421
125835
79461
373867
557410
554635
244631
609707
247006
546781
507744
244524
60255
515732
137693
53355
5367
231725
518022
485447
517818
386985
112287
624529
61816
237559
219750
205946
331806
322601
104225
179727
476722
459316
487418
653206
113402
289927
397033
85038
425788
564593
364098
404413
136757
362723
322997
233504
150755
383395
256384
293735
219303
217359
36389
241452
584476
298896
16197
521612
546168
166924
431442
385483
201851
191011
310881
430407
271361
134588
358590
494968
301125
83757
250768
187422
291550
609215
510689
126891
212543
331033
111815
468729
145176
506481
131990
126386
14091
406989
402119
175129
388461
374280
541845
302349
531981
76053
32251
446091
374780
243484
216225
474969
350484
472969
75466
394503
469738
543294
187808
176794
652363
443255
402900
208419
443187
20048
210653
95547
440439
130292
133782
398188
105809
411184
349097
117986
221410
232719
144203
539862
443259
613676
504739
609122
601782
380391
336757
534390
642913
540142
291865
231739
323751
394927
78268
424056
47845
69233
509587
180086
97516
159947
472687
588801
652581
74348
63950
202599
397178
166481
56551
278259
260678
418051
415950
509610
548690
462593
330725
588861
236662
453374
603477
312741
534357
73569
388164
413158
639254
537756
464882
543916
219954
633886
58972
535205
411944
107025
573458
267653
84567
309243
81685
31462
219675
377173
122764
355814
44939
193615
386323
382588
160551
419378
372635
538222
87035
600048
358011
116429
539761
623217
27352
68872
527619
625072
106504
299446
385870
614815
262336
602117
288377
58942
45214
421426
635648
351978
399660
576265
219736
23888
313329
361669
233176
289773
124061
311581
61900
83354
472787
435865
438072
136100
630941
205138
546444
356650
370536
233015
37788
24617
442314
399988
315425
619970
209972
507191
525599
37448
530249
517589
114795
275328
133948
582651
574754
303612
184985
616005
311923
531725
372643
124603
472832
162431
335134
402845
62183
360277
652268
563709
217095
425851
614018
524058
322795
86222
166409
127911
101313
236770
268647
194949
115635
26246
433142
336626
398369
484266
281138
75655
648097
534589
495399
522335
18004
649983
219111
141350
511782
299704
643747
386768
453560
167058
375391
613034
415891
11735
492430
189613
648858
235093
377765
288598
132748
569355
472297
601976
20982
625651
301006
461204
78483
499594
614705
495020
421731
87780
29453
525040
551992
386600
458030
324024
325506
153143
348163
352113
615118
367755
229481
450442
89000
166147
234038
173824
2777
263208
83786
296958
409431
598064
116105
452418
353966
541784
1215
254672
641865
650773
574121
504718
89097
56859
594524
537865
559409
500038
277026
314749
485568
188314
132143
314070
412240
19537
115015
354676
594802
37772
187444
400154
515655
570262
193294
521053
47699
129902
651212
589163
640598
138167
129408
164741
341551
160728
211898
539693
136586
236078
5961
234743
520217
135328
209762
572328
286653
461487
166266
466613
487387
449110
240937
326532
402134
584317
589732
653587
228865
9531
169034
264883
487023
530028
633014
421219
23159
328777
572786
490242
647228
200484
582013
652919
532376
271700
199143
223915
273749
320942
488268
226997
138122
993
516370
563605
457759
298860
205886
295490
550103
595139
624477
344918
105673
97880
164473
59999
637956
508653
551128
224263
99166
124962
460553
645403
231697
492057
165548
521524
201127
159709
596648
134157
210322
509333
636039
235898
96282
384469
331266
500883
78164
172409
455433
405543
310809
648925
39798
423739
634861
431873
66433
381915
427201
235688
345152
9795
209315
617674
201209
87319
118693
532449
435943
427704
202372
210455
367505
391829
544960
245291
210833
623943
452446
255481
632173
363154
450551
40999
268191
460646
351785
571500
207189
644884
285192
480198
561674
284908
289642
232552
451636
212204
60153
477707
186848
342735
163998
172210
632843
134082
128601
135478
118373
504560
541822
84130
207877
517460
48165
291958
175891
126754
459942
308789
320679
342873
644524
49028
516479
148856
437691
621453
376900
238984
205223
108892
251603
531812
632968
365580
76549
5481
56855
272771
59566
42192
508296
346331
629779
6896
584180
259139
318470
214685
392997
319437
110146
623460
401566
264312
60673
400699
389483
299522
252571
220537
620880
375592
155390
414056
516907
543812
214331
115082
374521
485014
273958
619093
448522
437891
36605
117312
545581
476902
186980
57577
182298
224132
211772
546591
481111
68520
321002
62400
103328
136234
168911
128390
510718
233215
340026
587978
636063
343036
60819
148883
120189
210834
481949
490269
484747
433580
26549
374859
253183
387300
296674
314300
298144
131956
356069
599606
384718
575982
616929
387376
561527
186113
375806
29084
156289
89861
463977
109403
67666
567984
580786
639443
314140
101949
62089
569189
308167
62443
297587
36836
339183
456386
381437
93913
393161
209719
607928
344806
512815
150282
530210
139724
98849
652919
649080
581537
189241
108310
35204
68054
189840
139928
651184
630497
229496
48398
569838
200364
386308
526242
101707
403625
381680
172521
65843
94271
580726
50513
558602
61721
378618
483767
59337
309487
329485
182634
473640
184696
114476
506985
390019
59699
401086
475480
77596
215470
500594
5950
185809
437822
10698
532603
175987
71227
338409
34291
52408
323891
433827
511305
426558
454107
603185
611531
297519
297636
567679
536853
508228
507021
417328
211603
399549
211929
55661
576547
368953
62732
481260
189521
6533
252400
294098
158577
499356
328186
575503
330334
232984
137583
264260
525202
273391
595163
241738
259533
391730
168941
349641
525946
33160
584594
345937
61988
576322
201501
90627
235067
460927
653566
198348
599679
65312
160624
277053
654321
154000
338702
137054
509954
349493
59461
233070
485279
543941
93170
149314
18480
221846
455548
202120
370423
540545
360159
307877
613749
345319
14526
262764
397869
542450
255545
199104
653653
2158
609315
488317
88634
178310
524185
69218
263972
643267
67524
158493
63601
191183
115637
650604
171606
318542
487519
302088
438376
150379
152674
493205
593331
265709
62444
270676
453022
486393
624013
52393
268607
306543
179688
276031
1177
610369
557373
592081
397433
281586
643550
521079
628021
248650
622443
513328
419022
270524
10864
267028
592203
568262
624847
398474
131526
330276
409000
389108
150572
641872
523916
223600
