70409
64880
73733
62718
63007
61552
65870
61856
69063
67697
66626
62886
62945
66961
65873
64471
63815
60348
67414
70701
68317
67802
63720
65314
62667
66583
63943
64052
62543
67454
63755
66888
64792
67070
65845
63363
63762
66688
61098
66609
61572
63065
64923
72415
68928
65131
68141
67783
67923
70989
64344
68478
65218
63808
61133
59481
72004
67302
68979
66609
70146
63764
68580
61486
67966
62969
70088
64409
65144
64134
65173
60192
63478
63340
65909
66901
69470
65725
69231
60674
67809
69196
60765
66953
58144
62654
64631
69248
63836
64947
59177
68158
62774
63111
69240
76646
68349
66262
63524
67544
59488
75203
67721
71181
69286
67130
62989
68842
64320
65486
65535
62814
64625
69485
61221
67289
64919
63002
63220
71755
69916
69626
68620
59917
64506
60324
68072
65480
64825
66724
67494
64916
70558
70523
66578
65352
64511
62177
73317
62481
66379
67467
68312
66861
63407
71420
69739
64326
66716
68150
66433
63504
67696
62400
66966
65346
61158
67728
67725
65004
63211
61599
67563
69263
72615
62549
68355
62895
62949
70780
69261
61158
69391
62707
66254
62494
65207
73066
67864
67514
66103
64452
60777
63227
69470
61739
65163
62169
62471
63923
69436
67336
62527
60118
67145
64876
68464
66146
63437
71754
65497
67084
63022
64047
69296
68285
67546
64093
71813
62860
64627
60419
69425
64322
70574
63892
63402
61716
64442
66897
68423
65990
64070
68753
67555
67684
60664
64679
62858
61793
67757
62023
63967
67875
61157
64874
65394
62566
63775
61367
67032
62247
63595
64713
70278
67551
64325
60943
65152
66885
65381
61121
64055
63797
66022
66036
65155
61554
59195
71439
65636
62643
65939
62851
63388
63786
64226
68017
69425
60600
72991
61563
68400
65068
64657
66023
66246
63702
69626
65317
63845
64166
61552
61450
65257
68582
59716
61497
64750
63202
66376
65160
71361
68642
64071
61841
72464
65193
67092
66136
65720
62111
60614
60961
63989
64247
64954
62756
67708
64494
68018
67352
65803
68677
60946
64155
63655
63821
66352
65288
64682
67284
69515
65123
63667
65698
66582
64788
68473
63016
66097
61322
62463
66264
61780
64621
65377
65718
68105
60300
63915
64152
67877
68690
68152
64582
72535
65831
68063
66743
65144
71991
65145
65774
60375
63819
67599
65866
69446
60961
62914
67547
66199
67030
69359
62720
68358
68728
60268
67181
68581
67886
63172
63745
65152
66819
63811
63384
62117
68936
70437
66560
66148
68222
61454
66628
63994
64554
64903
72519
67297
67019
59058
71321
66884
60732
63851
69065
61705
68261
59157
65193
68914
65698
68097
57874
70391
64665
64527
63299
64845
63000
64779
69521
63473
75353
60981
67093
62025
63852
63267
64025
64616
65672
64919
70017
64388
70621
68375
76001
72605
69257
58022
63320
61306
64381
61075
61543
65809
62848
62623
67617
68934
68269
69548
62735
64116
70252
65144
69556
63342
63972
63420
73700
63485
65770
62044
70592
67746
63973
66199
65973
63882
58244
66539
65315
59436
67527
65469
62235
66839
63702
73101
65207
67739
61326
62790
64005
64558
69663
64527
66712
70618
66099
62265
67242
66310
60574
70735
66437
70234
69740
63481
66969
67435
65711
62826
68804
70890
73569
64953
70091
72974
69159
65866
66961
67171
60625
64507
58330
69486
67310
62257
62568
60154
68868
62214
67327
59581
71699
58569
68040
66102
59844
64290
68378
62790
64811
68364
69250
63308
66674
60070
72433
68922
71393
60727
65298
67499
63173
64963
60221
65159
63953
61952
69259
67312
65519
66393
64964
66631
61727
64277
69414
66289
60370
68468
62559
70355
63603
64746
63687
66116
61722
60891
65966
63495
71589
64213
65501
65048
60119
67758
68486
63189
64355
62433
68324
66921
61271
64605
64212
64092
65100
68628
70017
64868
70858
64610
62774
67390
67138
60875
65491
60376
68164
60737
63589
68879
67262
66638
67335
69588
65232
61537
60818
67590
65852
65436
62868
64422
68801
63875
61293
66135
68590
64413
61200
62004
66319
69225
65368
66352
70004
64625
68200
65279
68070
69822
66877
58730
64901
65978
64843
65567
66979
67702
67012
62707
64943
62389
60098
63530
64760
69721
70075
67527
65688
64452
69573
64352
64393
67178
67337
66931
63619
64898
67210
62765
62014
65783
62730
65187
65361
65073
67236
61845
55885
66466
68984
65199
68155
70237
61888
67911
60780
67846
67657
61267
60182
68188
68486
67892
64687
61433
65211
64687
71943
64370
62214
67110
61161
70763
63480
59976
69407
62963
70382
66595
67097
65639
67627
63335
62209
63473
61303
64547
61589
71156
64208
63097
64286
61944
64994
67802
68606
64997
68279
65447
64216
66082
64883
64627
64274
67839
64951
62757
66642
72533
63642
62901
69659
64030
57924
66113
72163
66096
73106
59605
67321
65574
69871
66399
71398
66705
73791
63213
68214
67163
63419
64350
67754
69989
71613
62447
62147
69506
62480
70549
64768
66690
66638
67395
69784
63443
58984
67003
66012
62293
65797
71788
68994
71786
60173
68950
65895
61518
66235
67068
70097
66545
64231
71338
64657
66439
71741
63119
66853
66286
65461
63931
59932
63374
64991
62150
62439
62337
63588
62671
64132
65138
66589
70100
64752
65133
65487
73325
62868
68576
64674
63469
65493
59535
64389
68347
61559
65653
66001
63875
70740
61193
70249
64125
63502
68557
64559
73543
64049
64582
61391
62718
63976
65146
63491
72690
63860
60427
59118
69034
63627
64329
59760
64129
68471
60969
65548
68690
63408
66490
72549
69433
66868
65432
60834
57130
75042
62050
67484
68141
64236
67331
65576
61655
64735
67678
66640
63313
61193
66713
62757
68855
64415
61038
68394
67484
63262
63814
65998
62680
68248
62768
68883
63858
66688
66560
64921
76100
74805
63423
60490
68202
63233
66978
65227
66994
69150
60921
63381
65050
71474
70214
63745
69301
64223
65368
66086
61972
68217
66805
75722
62998
67835
65716
67843
61016
65100
66815
65603
63248
73085
64218
65391
65010
66009
60423
59213
63742
61174
62837
65858
67287
60258
66576
72898
65358
64436
66369
68598
65540
60425
65129
62723
63062
66741
66270
62240
68080
68035
70308
61616
68768
69321
66232
64122
68180
67717
65352
61218
63834
67449
64987
61385
66945
66907
70349
66602
70875
64049
65723
61859
65865
62739
63802
65578
65974
67636
61699
64330
61942
63369
69425
66793
65595
66401
66794
62010
67985
67886
63076
67274
65034
62132
67945
67934
61259
60909
73743
68312
63528
64444
67837
66467
73583
62659
60917
66609
72946
61723
65979
68273
68771
64016
67102
60231
69568
68556
65507
67002
63526
70733
65528
64737
61272
64259
66887
67099
69615
63138
68604
61956
67947
62692
66612
62174
60434
64712
64936
66110
68059
63398
63612
66537
69835
61639
58245
65499
61893
63848
64079
63757
64913
58318
62345
69565
72940
62769
70140
65714
64902
62581
65840
65751
69021
63603
68405
65730
63618
61782
68857
66583
64275
66551
67963
65466
65507
66295
62356
67035
73937
66667
63098
64999
61140
63065
68335
69097
65467
67144
66913
68312
65246
71165
67461
75739
65364
63138
66081
67994
65251
60043
65573
65696
66872
73736
64254
63474
63121
65444
60118
67696
69688
67595
61117
67582
66420
76553
61892
63077
69147
68075
68476
66691
68343
67034
66224
68327
67172
69230
67408
58122
62363
67447
70552
60960
65216
67515
58211
65938
61971
67168
66739
60441
62138
61818
62427
68266
70090
76824
68681
67865
63476
63598
71067
68190
63625
69783
63202
65460
67850
62957
70285
68965
62602
60761
69935
69679
66034
65943
66808
65434
65720
66295
60544
69419
62359
66409
60833
59551
71744
65493
64730
66121
57736
67758
62462
68050
62793
65526
69227
66599
65610
63890
64707
65904
65946
67373
64665
62406
65009
62985
66302
67517
64908
68771
63888
65539
61946
66639
67076
68719
61130
67476
66981
69222
63060
62461
59096
67356
63645
69101
63042
65891
61392
61917
66070
64941
65726
64197
63187
65624
68752
61573
62622
71843
64773
66093
64581
69562
63414
65315
67233
67472
58367
69482
60935
69087
65222
67562
61947
71518
58320
66547
66193
64939
59623
61422
73040
61651
64570
66233
66534
62971
60208
62822
68310
67193
61817
67089
65414
62753
59932
65582
61942
66355
65135
66821
66545
65504
64388
65161
61073
65916
67457
61671
63380
70913
66310
66597
62596
75619
59258
64510
65722
63958
65129
61717
64706
62379
61667
64112
59838
71585
68340
66165
66691
66202
67905
70410
68443
67521
61548
63666
63560
68131
60736
67082
61630
62439
64844
66960
61019
61666
59084
67122
68876
62506
69106
72199
63077
66855
67602
60934
64850
66297
61191
66741
59802
72950
67650
61711
69785
59885
65784
65323
72440
61589
72735
60928
62514
67397
66559
61749
66049
62827
62861
68148
64206
66790
68727
68191
67751
68155
68877
64521
68002
69671
71343
62951
66495
65900
64472
71411
71722
64816
62339
66026
67019
67157
63389
61102
69406
60949
64708
65138
66775
63536
69238
66798
67297
76817
59498
66811
65641
64433
67539
69339
68191
66855
62544
67646
62132
59936
73416
64669
66350
64434
63205
61193
70384
64408
65985
63293
69704
65598
63205
70038
66481
71103
60716
71444
62304
65742
67805
68072
65038
59604
61517
62379
67427
67156
66226
65968
63453
65357
63240
62641
67577
74992
65973
66338
63226
68073
69459
61668
63735
65061
64038
63133
64993
70273
63393
71195
61676
68913
63333
65054
65096
60934
64611
63493
65659
61797
64833
66554
68129
66633
65063
69153
65133
64661
67251
65932
70950
64131
66880
64851
66142
69245
64505
62784
64242
66975
62760
63841
64736
64673
68794
67950
66367
68011
66499
63354
64937
65047
66519
67238
68682
64385
62327
56390
64068
64917
65095
64060
63291
71424
61690
68600
66509
65541
67767
67823
67975
66265
61745
69496
59806
70072
66696
72984
64617
62154
73298
73256
64061
66441
66178
62033
68079
65332
66853
68210
64999
65729
62823
61699
66838
66098
62903
65762
67564
62877
60504
66820
63204
68128
65665
69207
71732
63731
66133
64205
70609
60131
61910
59893
63148
71157
63224
59804
61399
67646
64759
68419
61559
64520
63129
61342
63168
60802
64377
67807
63445
66187
70237
60878
78486
63895
66423
73959
67878
64050
62938
66276
68215
67582
65611
60389
67188
65693
66453
63094
63045
62239
65558
65958
65133
70006
71502
62364
65713
67038
62328
62209
73706
64418
70400
64451
59957
67268
61015
67429
66395
62892
63209
62210
67820
69988
62707
75004
66273
66118
68255
60844
62770
60141
66917
69404
69336
65848
66279
65189
70673
69128
63092
63363
65085
65002
60435
69464
62926
65735
66534
63411
59775
61791
70161
67373
61751
62969
62001
64214
62643
64244
63002
60029
65831
65764
61074
64133
64047
64627
63637
64005
63545
69472
62088
63414
62676
66807
69599
67820
65520
63128
64599
64897
64388
67584
66770
63608
66218
67962
63379
63747
67923
58768
68244
65548
71700
71285
67716
63439
62816
65268
66056
70270
68274
66464
62543
70837
68586
65536
65160
57700
65331
66829
66875
60089
65077
66683
66428
68247
63907
65178
63648
71100
57068
63912
60597
64618
64468
72589
65149
58996
65685
63937
62542
69630
65061
64556
67861
67418
59748
66302
60040
68090
65581
64384
60643
64767
69675
66334
62423
64586
65745
75384
66468
64124
64784
60916
64524
66282
69305
62987
68455
70758
69398
66564
73183
66932
69924
64339
66609
64024
69002
65713
65328
60054
62533
65822
65174
64434
64999
67103
64885
66373
66699
71607
65396
66719
69197
62968
65051
67426
60287
62185
65403
69594
61870
66394
67762
69299
64546
69286
70494
60537
65199
67041
63219
66232
65823
63493
69201
63468
63506
66931
73113
65384
67513
65630
64561
70316
61423
64822
65724
64349
71586
68441
63875
64840
62661
66702
63825
65922
63149
69204
62680
64936
68237
62397
63548
65336
71086
65790
61728
68459
70721
71032
64205
60736
69958
65896
67094
64075
69115
62768
65768
65430
64510
63490
72425
67784
67763
60413
65514
62219
67076
64772
61201
66323
63073
66122
63325
58828
63984
66903
67629
66334
65315
70789
62262
62066
64470
64813
63770
62258
62781
68042
68162
64947
66800
62091
65857
66701
62957
69989
76708
64420
64014
64492
65380
66045
68946
62048
67073
66323
63151
64521
65408
63647
60843
63129
67946
66166
67168
66759
55619
60568
67156
63331
66205
66436
64890
66748
72084
72213
61829
66023
62412
64819
67131
70511
63724
67513
63034
63737
66263
67746
68921
69180
68229
63374
62978
67008
66866
65698
59808
63805
66177
65055
69508
71957
58668
67806
62586
66937
72000
71048
67450
66637
75161
65376
60754
68972
66337
66683
64393
67555
68220
68535
69555
64332
68456
68683
69160
66622
65635
70688
62264
64382
67202
62097
60546
68391
61966
67477
68361
68072
58765
65937
65959
67849
66798
68311
72308
64370
73840
63896
66194
71573
65820
66750
71387
66252
61344
70378
62523
58340
64605
66194
68692
67341
60388
65327
70096
64880
66470
67293
62568
71404
64117
68013
62480
63537
61615
59740
67709
67703
69256
66576
66239
66886
69443
72904
61532
71154
66481
58743
62416
62226
68999
68818
65496
60999
69498
66874
72456
65433
63656
63139
65835
67090
67086
61318
65092
63726
64958
63922
66938
61324
58086
63015
61525
69544
67633
70505
73328
64881
69486
68635
66528
71061
65769
62254
65436
66914
71498
67722
65062
64434
66784
68595
61543
64914
61107
67266
63376
70366
65948
64268
58371
59327
62200
64956
69259
65734
66041
63433
59841
60905
65542
62721
63471
66441
64051
62577
66436
74362
63368
67227
67299
67324
65595
65941
61020
64909
62378
61931
63757
63298
66145
68557
68326
61857
66137
69325
61697
62903
70040
64107
66836
64629
70170
67790
60068
66421
64372
67720
61892
63843
65674
67632
66065
65459
64232
60436
70584
65669
66274
68396
65295
68811
69196
69398
63568
60703
68029
67040
65651
67885
61702
64506
67443
60291
62245
62832
68239
71393
69416
63310
70428
63283
65908
67785
68747
66671
65935
63139
63934
66060
64876
66613
70686
66518
66371
70839
67441
66932
62423
71124
65124
64139
61090
69416
66825
62074
69325
61713
64334
64539
65843
72621
62809
64661
70451
60505
67755
62502
68742
64434
61223
71638
62746
64031
73477
64146
64373
66211
65709
62586
69049
70034
61360
64994
63660
58111
61612
63452
63864
69101
63635
64132
67166
60802
59484
64754
63913
61612
62503
66771
62276
62583
65921
70270
69258
69734
65401
68794
68952
67592
61898
60942
63513
69075
66216
64504
68544
68109
61901
62645
64501
64771
66907
67276
64222
59518
61596
66368
61041
67667
61849
60926
62420
63935
65022
72384
63489
62989
68327
62837
71941
61656
69689
67477
64567
66520
69679
62758
67511
64476
64358
72554
67171
66035
68075
67542
64787
62994
65382
65448
67065
68685
58444
64067
58699
60984
63255
69870
62138
65784
68852
65148
70821
63754
66101
73389
63296
65544
70929
59401
68234
66418
64374
63303
66038
67871
64694
70239
62202
65424
66827
70404
68373
67857
67817
68812
66195
68627
66057
62493
66374
63325
64988
63601
63299
61149
59856
68075
62830
69282
66301
64974
66561
63792
63749
72778
65479
67362
64296
64973
64715
64686
68063
65988
66702
63167
67263
67503
61052
65062
60200
65127
70829
69115
67093
65578
62263
63670
67223
70595
67293
62976
60936
70733
62143
65917
66143
67884
72393
61555
70616
68003
66367
65806
71780
69261
68182
68454
72437
67818
70048
65735
61919
62654
64811
62595
62570
63514
72753
60170
65994
64179
67958
67530
68753
71457
64111
62625
64499
66333
65856
66293
69516
66476
61743
58698
68474
66379
66289
64875
60835
63219
60205
66432
62901
70847
63051
66878
66643
66263
62069
66372
72846
65572
69804
62722
69753
69368
65694
67557
64284
69986
63616
64170
65040
61435
66487
60540
69099
65799
65031
65030
63744
70123
72506
63764
63467
69250
68649
67515
67230
66153
65255
69083
62468
61757
72432
72351
62758
68901
63288
71151
69579
66058
61375
62402
70149
62169
66544
63002
68918
67913
62632
62617
68852
66577
63038
64397
66931
62966
65450
66477
62653
67946
68558
62825
62610
71912
63107
60942
65878
66001
66944
64399
66398
58900
63830
64356
69131
69276
65749
69103
68034
63991
65683
67256
66513
66494
65085
64216
70613
64109
65905
64486
63279
64030
62200
68261
61494
69378
66433
62825
72108
63838
63003
65304
62701
61600
67598
64783
67727
72307
67555
61082
59877
64214
65307
63648
68255
66305
63940
60208
68551
66849
61732
71835
66311
69395
76801
69363
66952
61824
63247
61312
62975
69289
63105
64791
66399
65011
67288
63485
69386
63652
65679
66021
65332
61350
66957
65626
63588
67514
68090
61408
72936
70861
63863
62371
65593
69532
60678
67420
66973
65892
67163
63039
64939
66498
65163
66612
60541
70739
68392
66227
67307
68482
71967
65566
64555
71813
64021
62776
63796
73606
68101
67227
63894
73908
63008
65670
68075
64432
66540
64861
65500
64551
68271
62209
64023
62904
67929
66680
64892
59294
62120
69370
59094
67307
67136
57611
75542
71726
71507
67655
62923
64307
66287
64386
69148
61903
66052
72429
66491
69204
69754
64016
67715
62771
65965
64292
69102
69220
63832
65934
64937
69204
69209
65569
66260
62464
66108
62417
66811
67167
65378
69641
67729
67620
63528
68071
61886
69901
66903
64989
62288
61323
68908
65122
71980
60724
65980
61078
60985
65188
61434
66728
66473
64954
62322
70877
71095
68260
64010
68737
62407
73017
62870
69022
71172
65868
64587
71997
64545
66665
68148
67237
62949
59950
64050
69733
67001
66883
66957
61734
62551
65542
58825
64721
64620
70359
62105
65428
58254
68470
67040
60185
66577
62089
68018
62449
63043
74358
68487
62985
65422
66218
68066
67180
67574
65037
66628
63137
70895
63198
65941
64731
71128
65205
63439
65649
63626
58254
66494
72331
63304
69965
66899
64011
67985
71377
68907
66092
68562
64488
66802
61250
63368
61667
63112
63562
67678
60130
64594
62973
62304
68933
64110
64012
72027
64905
63578
65969
58899
69795
65625
65012
67365
70037
66497
63544
60937
63436
62694
73875
66569
64628
62242
64289
63807
63403
70184
68875
60401
64321
67997
66251
68659
65733
64719
58851
69498
66768
64446
59256
72258
60975
64507
67164
65405
64644
63139
73368
65499
64844
58610
64003
65127
68165
67159
70036
66426
60192
71113
62199
68739
64499
65748
68545
60529
63175
67893
64866
70991
63551
61668
59200
68998
62797
70949
67807
62781
58823
64160
70100
65723
60984
69569
66601
66544
65612
66554
67682
64076
64282
64335
62360
65747
62855
64303
68580
68324
63780
64760
68556
64768
68085
62235
65130
67769
62516
62584
69109
67812
69767
66510
69401
67418
62478
66873
64234
72994
59639
69148
63366
67558
64978
65081
75573
67788
63441
63813
60913
67648
73711
68298
65579
67297
66006
62375
65418
70986
62259
65410
66193
70446
65664
65168
60960
65504
66787
63177
60083
66693
62165
66174
73098
61526
63976
69267
61164
67464
61676
66010
62347
65343
66432
64460
63630
67805
64092
64491
59897
69846
65094
62974
61657
66279
61853
63774
63657
63601
63995
73474
66504
63723
64523
69551
62779
65498
63150
66632
65953
62881
63642
65830
62481
66007
65165
62454
62667
64502
72190
61468
70536
63816
64200
67177
63259
68403
63671
65190
62920
71431
62185
63446
69819
64018
72052
68511
63440
67517
66346
63195
62711
61988
65958
63241
59924
61013
63869
64191
63216
64817
61182
66974
66402
64516
75185
58538
63587
66203
67532
60432
62594
71329
66747
63755
63109
64277
66853
63320
61380
62383
62193
69279
67372
62376
66142
68035
68843
61149
65446
63653
65477
68358
66176
66800
65735
64827
63356
65934
62437
66087
67771
66738
64327
67177
76969
64131
66328
68431
69143
64805
62458
62970
59726
67918
72834
62821
66356
60689
66224
66888
65118
62857
70106
63658
60511
66208
63007
64797
58418
60290
68205
67811
64260
66493
62778
70374
65038
65728
68135
61356
64611
66962
70742
70889
65083
60333
63117
65943
65728
67888
66507
70793
66694
66870
71219
69616
67411
68627
68064
60338
66253
67692
67701
64474
70578
62823
67537
64589
68087
66671
66895
63844
65731
69263
64470
63162
64508
71201
68963
63133
71468
69217
74737
67306
66779
63702
70572
66195
71601
67544
65007
64717
61903
61980
71005
66475
67860
67921
66502
64456
66951
60322
67032
64977
74345
63492
65969
63248
65870
63974
70679
64101
70043
63798
70332
70840
65299
59896
67690
73290
63294
70050
66380
65493
64394
64885
69094
67880
65659
61310
68632
64374
67946
66232
68803
66182
69014
64823
68654
66350
71613
68849
71893
68482
62900
67817
69305
62525
62786
69493
62320
65160
73559
65033
65412
61973
67834
61466
68965
61481
65522
74054
61912
70194
60608
65600
67696
64312
58105
66422
62068
71524
63353
60562
67716
64106
70679
63878
68808
75339
61849
62489
68589
62405
68872
61421
59124
64424
64058
66602
65982
62397
64817
61321
62308
66211
63181
75102
62021
65913
60869
55657
69728
62792
64571
62171
65115
68396
65268
65982
67942
64563
61016
61303
60328
60358
60330
61812
65500
64323
62399
63514
73303
61701
66125
65781
70044
74727
62777
67783
69344
66728
60132
62648
67109
68829
63332
65963
63505
65198
70728
61072
69115
58478
69408
68853
63416
68758
64676
63710
65251
65861
66886
63693
68753
61301
64504
66901
71107
60441
66006
66898
64631
66357
66082
64850
71860
60399
70776
67753
71792
69345
69190
64135
65175
64660
59685
64866
63559
65699
63948
63416
64545
63408
65841
68435
69640
68740
65066
68921
61055
69924
67313
64316
61602
67296
63535
71314
60006
69959
63258
67844
73711
69055
69563
63597
60369
66861
64445
63653
69108
72020
74084
63652
69568
73772
66994
64651
66463
60673
62456
59982
63032
62023
61600
74059
59242
63831
62789
64387
64965
66776
68979
69346
66898
56865
58104
65052
66770
66245
73306
68138
61522
63760
70291
64092
60294
62227
57482
67864
61251
64333
61129
74843
66735
63856
65696
73743
61126
64440
67885
61806
69975
67215
62928
62006
67274
61817
65831
67094
61898
59606
65490
69996
61134
58627
67136
62407
68524
68512
62370
63911
64778
65738
67782
66392
63443
65905
69682
65468
61649
64341
68420
66936
73506
63608
63133
64840
64130
60777
67836
64843
70411
64880
65561
69675
65000
61766
63562
65470
58920
68697
71130
68242
63771
65019
65233
60679
66868
67192
66844
65055
62987
68756
70982
63326
67436
72906
65715
68045
60305
65313
66940
59280
65236
69588
66638
65874
68785
63046
72146
66816
62436
64274
63459
66874
68160
63575
66450
65887
63239
62948
63166
64534
68476
58571
69065
63581
69213
74091
70473
64354
68488
65502
63352
70044
64756
67848
68734
62060
62274
65830
63719
68099
60225
66302
62382
62928
64417
68812
62040
65712
62950
71373
73219
58547
66029
67762
67570
65324
66011
67229
63893
64991
65571
62373
59826
66422
61194
65357
62890
68218
65325
76237
64075
66110
59913
68629
65423
68316
66480
62149
70673
64554
61072
63903
64181
62937
61127
69375
68991
58138
63799
68335
64970
62921
65011
64597
70205
64488
62941
62772
65827
60209
68615
64931
64573
71948
69561
63412
64658
69612
66548
63625
66758
67427
65014
64284
66884
67685
62684
62487
69357
62377
62142
60418
61757
67385
72007
61182
68093
65492
65355
60592
69569
63581
62208
69615
67850
61342
61737
68876
63068
64341
65861
68215
66648
56237
67972
67256
63541
72883
71302
64506
60391
68743
59475
61319
58831
68361
70401
65447
63968
68758
63416
64103
65456
69389
64188
59880
62775
65499
65548
65948
67100
66612
62363
68723
65722
65512
67202
65601
64515
67784
66258
63229
64053
63684
70615
60754
68525
69772
63416
61359
60991
64555
63821
60607
66117
62466
62876
66322
61902
66558
63615
64998
68159
61875
58540
66295
66947
64441
64267
65836
66396
62310
70203
66978
67407
68201
66643
67351
63251
64085
66670
71761
69288
68928
64251
61662
67425
62271
65134
68732
70381
64958
68574
66789
61730
66179
61127
66432
61523
61205
60714
66792
68551
68979
66303
60850
65804
66090
72487
66823
66131
66727
64943
66567
67991
68332
68349
64214
63551
65783
63219
63389
69283
61552
67092
73325
59752
67589
71815
62471
67333
63857
61359
60391
66519
61371
62383
60864
67314
66436
63728
69617
65885
61173
61445
66795
65613
57943
62269
71373
70457
63729
68259
61617
61623
66477
66603
71312
60153
69581
66029
61464
64389
60975
65303
62287
65191
61584
68975
68339
65209
64331
67115
64837
68515
64692
63274
64002
63036
64389
65923
60075
67486
62878
60938
63349
64519
70776
65284
63390
66077
66113
65013
60392
63204
68958
62732
61330
62811
66887
61276
61941
65729
61810
64067
62249
64710
65114
64705
65363
69807
71550
68055
65000
68489
65723
70046
61849
63520
64559
66048
64845
69784
61176
62927
67162
65859
64009
63467
66824
63902
73061
61399
67899
65345
67608
68855
60204
67793
64678
62818
66962
70547
65038
68247
66620
66609
67248
62936
60779
67067
68042
66020
61885
63506
61910
64837
67575
63715
61362
69337
64763
63835
67661
64120
65507
66248
70051
68362
67314
64664
74318
64240
67296
63648
64010
62447
63594
70622
64384
62997
66914
65494
63287
64246
69388
60369
74610
62826
67668
66011
64125
65459
59581
68128
63821
63511
65188
65630
64638
69146
62049
63869
65804
65493
65708
63360
67351
67862
66418
60753
59615
66718
63042
68476
62614
68476
65936
66070
65171
64147
65307
59265
61075
65563
66087
62150
62558
60191
68461
64056
61875
65931
63788
56818
68898
64047
74619
67875
67464
69660
70110
68481
65386
70244
65044
65515
61564
67085
63291
67783
63129
60702
64349
70191
63062
66980
71705
66594
67019
64450
69143
67482
68827
71615
67384
67254
63499
65927
66936
64754
65430
69328
66600
70735
67743
68963
63515
61683
71311
60501
69850
59474
66670
66440
63667
67405
66327
66327
63610
62282
65716
62744
66621
65183
63010
62500
62988
73728
63812
73161
64519
61729
69884
69028
60501
71087
68615
61664
65443
70694
62992
65980
66746
64069
64647
67029
56808
65051
60952
71178
61560
65679
73437
69019
64969
63118
69756
68531
69093
71369
66400
67695
61103
67484
61197
68428
66511
66297
67743
65986
62779
63382
59860
68399
66681
69783
69035
65771
62365
63923
65490
64722
72281
63200
73456
64108
62218
63128
56567
70431
65016
66169
64987
71520
68427
67090
63191
69285
63076
63621
64032
66625
