59802
66658
69314
64708
68751
67220
66260
62029
64915
66371
64035
66961
63623
68212
67740
65193
63795
68910
64100
61871
70841
70587
64710
62775
66140
68606
67931
69997
64466
65718
66264
60806
63057
68211
67995
64041
69434
59996
61091
61497
63751
63346
65559
63527
69795
59856
62313
66707
60248
70355
61643
63734
62455
62823
65892
67199
62710
69630
65275
62620
62646
65597
66315
65580
60176
62114
67544
67948
68901
60842
59502
66735
64448
63277
72203
63731
67995
61253
67438
61916
67797
67786
60402
68501
68088
66939
65892
65628
63639
61605
59945
66745
71685
64300
71538
65545
65286
65548
64929
57386
59950
61812
55793
65645
64720
64060
65969
65608
66575
63070
61287
65847
64147
61649
64338
61371
70733
67808
59119
65094
60487
72242
60958
61940
64753
60853
68645
65472
68467
68025
60628
61623
69783
68656
61547
65020
60595
65889
67983
66943
60899
63436
68090
64100
72334
64411
63515
68036
66168
64394
73068
64994
67063
66420
64487
61775
71118
63169
69119
64783
65506
63756
68003
60262
71903
60793
65962
68646
58932
65275
66522
60014
66264
63291
65122
72057
67249
65482
64173
61084
63850
64828
66920
61951
69589
64781
63227
63598
67950
66964
71355
67217
69371
72344
64042
67663
64963
68869
63569
70700
67516
62563
67475
64103
65869
69823
70082
59849
66480
64424
67264
64309
67099
60850
66871
62821
66923
65013
69602
70987
63366
76890
66818
66608
64515
60867
63488
65175
68658
62313
61949
64745
63585
62315
65825
63560
69224
68573
58100
64395
64998
69522
63481
64635
69295
69336
67836
61328
70524
64946
64303
67044
70305
66327
65412
68260
73070
62457
65902
73857
66858
59359
69721
64075
61373
67618
64558
64217
63777
68233
65618
70508
66747
63961
68951
69136
58546
68023
64601
67110
67069
74412
72152
67985
63603
62870
64956
67197
64661
62730
70645
61955
68019
61605
66113
62666
65921
62396
59371
66133
63738
65363
75934
76461
70789
68855
71580
64434
67170
62004
67426
65819
66793
69909
71014
64510
65940
70607
65182
68823
68444
65826
61195
66317
69457
64012
61811
66350
66685
65103
63813
63619
62491
66841
61092
59927
66055
72523
74453
59071
67304
67315
68694
69644
64814
64709
65568
67109
59123
63686
61724
65466
66620
64335
68355
64727
70420
64227
66601
63392
65473
68789
65111
64976
68126
69113
64208
67293
58552
66398
61370
68580
59207
65615
61558
66152
63660
74531
65945
62045
67512
62057
60566
66614
59036
66083
64949
69396
64083
67957
65028
65254
64435
65088
65840
66157
58822
68104
64772
61654
64887
62735
65613
64977
62030
66276
62692
66907
57982
66067
63639
64227
70411
64363
66703
68915
70525
62205
69233
62497
61627
70041
63231
66336
68918
70834
65356
64723
64236
65426
68920
59015
64624
68045
67974
59889
68912
65731
62474
62054
63473
64545
68942
62485
61349
62441
64491
58706
69698
65637
67676
67365
65982
64430
61154
64187
65182
67249
68669
69479
62337
65289
66692
65696
69750
64660
69875
64659
63997
60864
68175
69975
68241
64688
68018
63227
69505
59499
64329
60463
64055
61808
65090
67614
65491
66767
64760
68744
69119
61002
68846
68395
68936
66527
61282
68314
64654
66525
58091
68018
68406
72601
69758
65068
70994
61013
78177
75614
68258
62658
65994
67870
66714
67871
69038
63913
65971
65264
66237
67805
59283
65917
71287
64239
62480
63328
67877
59670
66270
55017
70528
65307
70010
63705
66438
73403
62223
68624
58256
57062
67793
65671
63905
65503
63839
66526
68070
68774
65593
68222
67789
66824
63862
56518
64906
64769
60288
68128
65578
61117
68373
68128
69392
61717
67299
62774
56115
63804
64483
72686
66613
70280
64103
68522
61843
69188
61516
69976
65244
63258
62211
68390
62523
66478
63790
66078
65590
63466
62246
61236
67000
66022
71553
65993
59751
70279
61794
67981
63999
68114
64939
62248
62465
62441
63152
72304
65981
66197
69700
62247
63136
63412
62962
71220
64074
61473
64579
63372
61958
67386
59164
66400
70578
73390
70635
64871
65179
69255
68844
62542
58231
64019
70871
65287
60966
62980
67825
67085
64643
66141
64425
65069
60787
61201
63206
63549
62022
67323
67302
69464
65284
63263
62432
58102
66235
61390
68693
67234
67469
69242
65178
65345
62775
63068
63954
67254
64669
66692
66269
64316
74211
65972
68190
58764
64459
66471
68526
62634
67708
60463
63714
64849
71564
65496
70596
58375
62569
66234
62371
68843
62219
68501
62544
64060
68946
63060
66926
65753
65247
71940
67397
65202
65762
61729
66607
67395
68490
71687
66947
61634
66277
63670
63136
63203
65722
62837
66540
59526
56058
65016
60517
63642
59290
58953
66318
63869
65377
65421
63152
70511
66719
73980
70737
67789
65476
63604
63143
65976
68719
62067
65442
61432
65885
67312
68784
66477
63452
64295
65589
64849
66589
66301
68861
61062
66442
62405
64682
61186
65658
60775
62824
73047
67593
68657
62817
69338
64515
63768
67306
65997
69593
61323
62978
64008
65853
64034
65275
64493
68549
63697
64192
65759
65211
66320
61382
65836
64981
62633
60143
66092
65084
65301
64270
69943
61992
65329
63885
58815
65821
61179
68014
68237
66780
67253
64052
67789
68540
69205
69676
60764
66588
57550
68725
63430
66495
64015
66803
67739
61961
63809
64538
68061
64763
64953
73035
57249
67396
65777
67988
68533
69639
62636
69388
67107
63602
68361
60710
67673
65038
69937
63375
64195
64426
64236
60757
65500
63024
68295
68130
61218
65579
66038
62959
70019
65549
67021
64204
67777
74986
63608
66732
66594
67444
65508
59887
62175
67288
60129
67728
66454
66855
67486
65388
67650
61841
66271
65882
62254
64925
72082
67412
61050
61742
69028
60112
70376
62479
65963
65434
65248
67560
74992
71302
69112
58282
65457
69590
64041
72498
66324
65343
62672
65133
68523
65183
63152
70764
68772
63936
67599
64050
67531
62743
65357
69110
59485
64184
64174
61270
61813
59645
63368
73889
60169
65556
67311
65103
64294
71895
62121
64600
63573
64283
62305
61064
62837
60026
62533
67317
70532
69459
61530
58904
65712
63778
65887
67551
68501
70951
62774
65328
67138
67844
62024
66891
64405
69599
65874
58517
63295
61666
69405
62042
63101
62633
63911
67264
64547
66701
69888
66316
66099
69195
65491
69739
61833
68022
61936
64543
70449
66014
71773
64532
64038
57708
62712
63784
61398
62183
67300
71160
66122
64041
66606
67770
63117
69882
68573
66234
69888
64845
63317
65978
64997
69139
63616
68919
62957
70837
71325
65623
63262
72008
61537
61828
73816
63121
66354
64201
63804
67829
65780
65235
62879
72089
62945
69704
65940
65061
65743
65637
59837
65819
63926
56772
67647
65060
68195
64733
63254
67007
62838
64217
70076
67451
64722
66612
69281
67881
69962
64967
65640
62716
70182
64827
62208
63157
69558
61844
63564
66410
62167
70845
65794
63669
65050
65042
62626
66475
66473
66543
63381
65125
62573
65797
67139
58104
60829
67476
65125
63775
62685
66223
63401
68040
62064
64782
71711
63734
66357
66397
66862
60284
65337
63250
66028
65281
65946
62264
64697
70382
67095
64927
68989
62960
69858
64971
59486
63161
65490
67451
61998
67877
66268
62566
66238
60845
58096
71001
67789
70350
64071
68711
68310
67537
63355
63769
63668
60655
65375
67338
69811
67247
68301
65718
70660
63445
63226
62106
72252
66813
64789
69682
71057
64124
73709
67522
71753
64339
64388
68474
61288
63025
58208
65687
65354
66928
67576
64865
62575
63216
64591
66765
65673
65241
69843
64862
62386
62661
64391
67697
67761
64194
64378
66942
69955
64641
66138
67367
61042
64452
67017
63797
64613
63425
61833
61729
66090
65340
69159
63367
64361
65302
65856
71338
67882
64710
71002
62804
69354
66087
65218
61904
69347
58313
65131
64097
67600
62686
63543
69465
74465
67013
62785
65404
68436
70733
72174
70550
71541
68710
66095
67855
69801
66772
62954
68577
72198
67440
70650
65777
65462
67782
64814
58756
67612
57865
64160
68869
64260
63120
65514
66442
63618
73011
69315
69786
64805
66663
58988
67343
62800
62879
65876
64590
62490
67006
63713
69828
63286
61822
64997
69011
63800
64157
57039
66478
68190
65870
64616
63642
64739
60645
66329
60905
62438
70523
72091
63385
63986
71258
70264
62523
69108
69116
64473
68235
71942
63402
68710
66913
59940
65516
63109
69966
63422
65027
65311
64119
58334
68459
66007
69715
63999
67089
67726
61588
62747
68482
68606
68660
58310
58060
63531
74742
66112
63469
71616
66061
60873
64331
59355
68009
71372
67674
66314
67483
61823
67165
64735
68946
64660
63316
63335
74139
61876
68603
63680
63880
62696
70113
62711
65158
65570
63833
64718
72888
63953
57773
62516
70513
67346
63266
62062
70343
64985
68025
64852
65377
64935
69740
67779
67200
66899
66004
65334
64504
67702
61948
64397
69987
64559
65273
67156
70036
62492
62074
66198
63313
65463
59308
62180
66240
63810
63817
67328
65925
57981
67895
61326
69982
67124
64696
69974
72338
67721
62214
66180
66226
60449
61896
67012
73008
71082
68433
63771
64301
64119
70715
60015
72534
65496
64582
67379
67933
66217
66017
67205
70584
71061
61679
64914
65648
64441
64283
68723
66547
67032
64357
62758
69506
60472
67774
66703
65147
65121
64374
70853
67134
61859
61368
64739
63679
67602
65112
68258
62410
67044
70978
63032
65954
62818
63896
67789
70564
62137
61797
67456
63175
66563
67406
68522
64545
58681
64296
62331
63889
69185
63339
64374
70896
75135
68894
68243
61588
69153
66882
61724
63205
62987
63237
67229
64178
63695
66662
71262
67305
63913
67053
66313
63596
67682
65845
69413
64809
62990
65720
66723
66946
65737
56299
68246
68360
63818
67357
64553
62727
67723
68621
63416
73065
69718
63995
63179
65018
63739
63258
63871
68305
64342
65877
61824
68797
70463
64363
66975
68734
67333
66453
67045
59586
67957
66630
61811
66639
59211
68617
65278
63279
63166
68204
69514
60253
66789
68307
66596
66117
65610
69170
67981
68319
63185
67591
62768
65947
65600
66621
70100
64337
72991
64189
62705
67531
69671
69617
63555
66221
65761
68552
68382
65904
67283
66406
67209
63486
69437
67731
63776
62668
61007
56953
67456
63037
67632
72600
69092
60359
65259
65186
62680
67857
64955
59940
67153
58107
68679
68804
65941
63246
66487
62682
70273
67157
62766
64674
76013
65532
64296
68848
63460
63617
68082
63017
61285
67952
68003
57979
62884
64759
66597
69048
65819
65941
62055
62800
68479
61929
67613
62536
61284
64119
69007
58459
66432
66249
69061
65763
67065
60526
62502
63363
58084
69359
63160
67964
62252
63138
67490
67293
61016
65991
65324
65223
66643
70715
63257
70736
66848
63432
63266
63691
63997
62446
64360
67441
65903
70774
66533
68579
59342
68783
67330
70082
68385
67311
67405
64658
66821
63200
61436
71399
64273
64423
64011
62736
66120
66313
67969
66352
59206
68134
60497
70089
69414
61479
72533
64989
63186
64081
67608
64321
59224
62293
61951
65485
58089
73959
65353
63212
63095
61733
66500
62226
65260
67621
65141
64563
66369
70892
63171
68884
66168
63972
64645
64724
61825
62878
65192
65418
63394
62863
76195
64479
60306
62432
64008
61615
63311
64788
60706
62876
65230
65904
65837
60992
68250
65566
66794
68102
65442
67419
64812
70396
67300
59187
62998
68768
69263
61182
68588
66896
73944
69832
64866
63806
65351
64922
66897
64945
61480
66877
68717
65719
65095
62935
69627
61785
62512
60432
61754
67167
57873
63001
67766
63173
67578
61183
71551
67490
69196
68658
63747
67322
62496
67360
56837
64719
57233
66211
67310
67246
67383
65345
69067
67761
67150
65195
65782
64275
60081
66815
70099
66087
64249
64545
63772
64207
73100
61730
66732
64265
64483
66019
66585
73577
70391
70094
67523
61187
64529
62443
62954
62123
62318
68324
65412
65178
66421
66295
60526
70406
60200
68326
70698
59795
63348
67576
61024
72932
66731
61352
60688
64983
62084
66984
71826
68724
65112
67607
67665
62123
59311
58158
63867
63971
68428
66263
68492
67189
69722
59248
69597
65971
62474
63322
61874
62523
60145
67173
65051
68160
63385
63142
68985
66210
63212
64626
67257
65199
60713
64972
65421
61846
65908
59630
65791
60143
61986
66433
64806
63336
64143
64777
64710
65404
65825
67938
59653
62715
64358
71635
65783
66573
65074
62927
64894
66572
62781
67813
73971
65409
62641
65101
69618
65440
61457
67859
69118
58595
67353
66760
62440
67691
71076
66184
67053
66086
66005
58646
60507
67312
65605
64253
69387
65003
64455
63340
68143
58767
70936
68130
65621
65928
66847
63789
67343
65394
68275
61925
71562
62785
62576
62141
66710
70816
61856
65517
67759
67946
61878
64154
62877
67218
67369
69590
65438
67638
68686
65606
64676
62614
62104
67913
68425
64730
63321
69708
60154
65907
63014
62322
69373
62185
67608
65343
62383
68441
69681
71996
58345
65347
63817
66813
59337
60874
61535
68987
66939
63920
62650
67476
66508
64996
66456
70634
67980
65097
64808
66946
66880
70313
61432
69821
67487
59482
65724
64163
63077
64377
63750
63272
77644
66368
63407
67454
64664
65277
67921
70015
60073
66642
66217
60624
68564
69170
62824
62808
67781
72268
70094
64615
63961
64736
66040
71830
57437
66125
63637
62673
66079
65957
65551
65062
62405
70365
60021
67896
66382
67926
63929
66046
66010
63714
72204
67717
61732
64791
61782
65228
64267
62941
68163
65999
65927
63587
62550
64834
68917
69083
63275
65869
63087
71397
63242
68899
69409
63439
67806
63126
70229
65542
65364
60648
66684
60848
67382
65971
67633
65455
65411
70956
68838
59706
65488
67751
66226
59435
66444
65927
65838
68881
63857
65401
64421
67417
74261
61052
63593
63902
60787
68969
63210
69173
71176
70918
66932
71736
72828
62640
68906
67460
64055
67089
65222
66740
64631
67914
69968
59914
67795
63185
63485
65376
64606
65604
63567
61658
68751
68997
61108
61627
68504
65174
62367
70679
69122
68689
68507
71304
68870
70916
68743
67016
67999
67042
69525
66908
62147
70930
61622
64735
68454
63613
65636
70497
68581
67474
65997
60550
68884
60351
67205
64366
58269
63597
61418
67733
65861
70761
62451
63115
66183
69978
67299
65652
62695
72673
65015
61502
66438
63016
62327
69262
67832
67476
69664
65969
61386
66253
65497
62503
61432
70428
68109
62577
62477
67189
65416
68341
65367
64456
67026
65013
63326
67371
68776
64074
64133
63402
62460
66785
68604
60316
58610
59694
70270
66734
68303
63599
68758
67423
64155
58408
68416
63496
66436
66168
68262
67548
68436
67136
63971
66769
66370
64654
65953
67785
64543
69075
70556
67801
66862
63490
64134
63579
69548
64904
64066
62241
66211
70242
68724
70039
61414
66986
61914
67998
69001
63895
67043
67685
65553
63119
69202
61969
69414
66764
62187
64875
67177
65258
65751
65569
71368
65854
66435
67539
66665
72880
58705
66495
64463
69590
69042
71039
74093
64277
66861
61450
61320
66086
61072
67203
66734
62225
69896
63042
69698
59499
67159
67592
64593
62067
58319
63799
67711
67798
64994
60870
71273
67535
65608
65701
69038
63797
60366
61537
72432
64312
61417
67754
65328
62962
63374
62285
61118
63825
73555
65948
63001
60209
62752
68765
66689
71770
64284
63940
65624
66734
64991
67306
64803
66393
62656
66267
66440
65747
66359
64753
61410
57325
64424
67120
64446
68138
65743
67352
63039
62015
61440
68494
64198
64442
61977
69072
62803
62564
67106
66926
68801
64033
65813
63072
62061
67536
66867
65763
71842
70300
72372
64425
62432
65202
63684
64616
64432
61950
63782
65704
64028
55641
62903
68863
62775
67511
65466
69008
67481
68361
66523
63958
65936
67065
66493
69437
61720
59271
67425
66561
61058
64484
65430
68564
65190
65053
68039
59719
67318
66090
62501
65457
69747
66732
71949
60540
63823
62905
63847
63693
63420
67483
61770
62851
66136
71870
65743
65102
63526
60406
62350
64970
66623
67887
68563
67858
67609
60092
65639
70808
67081
72243
69543
67598
62291
68109
67976
67517
68642
65631
65033
62887
67878
65661
69103
60882
66183
65187
65594
66703
65061
61431
66096
74633
61538
64416
67026
66317
65153
63961
65072
67980
64774
68337
65266
69559
62210
67445
63699
70513
67107
63947
66143
63413
71317
63037
66054
68612
67597
64474
68654
66197
61672
61897
69289
60204
62206
70961
67004
67608
64456
71306
64641
68571
62000
63632
56593
69147
63948
69284
67499
69196
70878
71294
66165
67707
58776
66989
62369
66148
66976
64930
69807
68858
69453
68501
67372
62662
70576
71216
66642
64747
61002
66441
66085
67242
71014
61811
63308
68471
68610
68134
65397
65349
65638
61207
64818
64158
66551
72681
67730
69792
68085
63776
64943
67585
60913
59920
64854
64083
66225
69917
68321
67683
67233
66277
63818
74497
64408
67414
66164
67285
66003
62817
66333
61557
72550
69982
67222
66600
67992
63757
62561
59524
58360
68255
72466
64329
71895
62777
71071
64381
65137
65028
73637
66741
64220
61323
70859
65317
66614
64601
68862
63568
64799
60417
67234
66122
64043
66504
67317
66325
60812
66355
67247
63558
60324
64442
65135
61662
67333
66215
64199
62309
65361
63758
65847
71565
66502
58843
66118
62320
67434
68968
66695
71297
69874
71179
60255
68095
59167
71426
64594
65481
60252
67234
68252
67965
60496
64349
61920
64112
62035
59495
64642
66678
62717
64402
66001
65858
65979
64820
66783
66318
65976
70909
63522
61082
63611
59167
64822
62340
66140
65910
68302
64976
64521
67024
66538
67751
68342
64850
67717
66590
67155
63586
61870
61939
64636
60751
65284
67304
66816
62649
63854
61455
60965
70715
65533
65261
70017
60351
64937
75200
68694
66051
63015
61665
66694
68669
60577
68118
68970
70695
68868
71924
66749
68816
65067
65388
69065
61003
65544
67424
70234
68167
65185
66357
63095
70386
63827
71878
65940
64890
63379
69805
63047
68570
62293
64761
64439
69546
60401
61510
68538
69703
68918
72353
63520
57496
63214
64090
65575
65207
60576
61598
69311
71946
66357
61316
67318
62336
68344
69771
70368
64601
61620
59306
70998
66220
65412
60971
66639
66020
64444
71344
66027
69214
68292
59497
58952
63217
67508
71483
62259
66338
64366
62363
68242
66646
70721
65568
68660
63716
67249
62125
65537
68824
61443
65776
61033
63572
67740
67372
65551
66131
70192
67975
67782
63261
63980
69658
66853
66722
71193
62579
64181
60798
63817
61129
57408
65001
63849
63797
61739
74457
64592
74592
65877
68461
67976
67461
66009
64184
57954
66625
66090
62934
67707
64353
65603
62933
68420
67639
60878
67495
61246
66665
63044
65075
63568
67527
67375
67422
73084
61105
66853
68481
64190
62461
70287
62762
73410
68565
69247
63592
70496
66981
71203
65107
65767
62721
65250
68884
71401
64088
65263
68224
63776
66496
65361
62408
61288
66483
66827
68673
62800
63169
63832
67700
64380
63856
71380
65430
68801
66376
71026
62125
62562
69604
66420
67929
66613
66804
69634
66386
68274
57164
62667
61408
67400
66725
64733
62617
66281
61083
69208
62874
61061
64877
64899
68031
67247
66966
64016
64125
64095
68303
64400
59457
69919
63187
66499
70721
69723
64490
64832
70670
70934
66878
65531
66858
63830
61850
64172
67170
65772
59239
70019
70242
69244
67691
66265
66623
69827
65687
62673
65353
60643
65564
63571
65356
73435
66552
67155
60938
64235
68579
68474
66593
72146
61666
67578
62058
68284
56771
62539
67552
65919
68867
64269
66561
70602
66409
59723
64503
63912
63129
65887
62522
70681
65864
67844
66957
63471
66207
59990
66796
66248
71593
69616
62638
63083
70533
62093
65075
66212
71123
62043
62812
64988
64798
61386
66133
67094
65515
64131
65840
65034
69080
63472
64265
70609
68589
64333
60513
63463
62716
67805
60950
65408
67786
65616
67567
65475
64164
63876
65923
66454
66113
68331
64855
64213
63446
68752
61572
73575
70730
64859
68162
62589
64940
67031
58005
63054
63857
60525
70709
64579
56061
70717
71037
71575
64746
63989
65389
69627
66226
63164
65915
70675
72073
58827
68951
65375
62297
65741
69378
58504
62857
66643
65503
63029
65901
61986
62995
65985
66840
67081
66411
65251
64761
64905
67618
69922
71217
64610
65314
65954
65973
62203
67840
72149
58594
68596
61582
69131
67031
71045
68140
65274
61141
65988
68092
67130
63357
61590
66101
68177
69727
64015
63778
68891
64953
67944
66249
61127
64774
69698
69815
61176
64643
66844
67902
68324
64995
56268
62742
68643
62839
64904
63626
61876
61777
68853
63558
66089
68802
66543
69622
64472
63791
62683
60429
59882
67565
69187
58416
65489
62321
68073
60550
67448
66952
63624
63725
66472
67079
65712
73494
63773
66989
62779
67525
61871
68523
67160
66244
67729
62501
65985
68230
66831
64555
65824
64752
68221
66604
70400
67655
64342
63185
64844
67726
74304
68748
63035
67886
66372
63044
59101
62215
67720
65874
72162
60080
66296
71841
68183
65660
62658
64779
65848
64466
70526
58851
64334
62389
63167
61660
64240
64343
63539
65105
68250
66272
69600
58250
66779
65713
64987
62576
62487
71518
71570
61729
67319
64065
56659
62569
66762
64658
66175
62442
62158
67864
60507
67106
58594
61644
60805
60110
65080
65959
65035
63445
69364
64374
65508
58704
74462
69173
62683
65391
65251
67875
66155
70351
63300
65264
60345
63193
71639
63956
59882
74229
67439
61246
60977
59671
58326
68698
63027
61638
60438
63968
64422
64288
67697
66305
63665
66429
64656
65984
65318
67564
64767
65766
66353
62755
69416
65670
65979
59980
66119
65387
72259
63593
64994
64879
63186
65590
63984
69201
67128
62168
59760
65877
62800
68964
62600
61083
69895
68581
65389
68651
63463
62058
66753
65850
70116
58779
68239
65922
67102
63843
63853
68646
67891
71635
65620
69848
63420
70173
66837
64352
63799
68670
60689
61203
56859
63784
65498
63057
63055
69336
67850
63327
65883
67963
63705
61591
61739
61946
64186
66407
62596
58908
64366
58349
63937
67918
73039
67780
65620
58211
65458
64739
62981
69891
62328
59489
67674
68719
70291
71801
67551
64006
59683
61262
70883
66312
63387
64740
62624
63654
65578
66772
59898
63179
67605
67478
68669
66000
65872
64300
67421
66186
69325
63751
59218
68247
66073
66571
66436
64785
62056
66879
63408
67947
66681
59696
69934
62793
67123
72158
59674
63536
64836
69811
68366
66571
63289
67708
61286
69721
64691
67548
69879
72515
66375
68896
63933
65600
63379
67325
69398
67646
67046
66428
63642
60442
63494
66777
65464
68433
61823
55719
66791
60881
65798
63961
60063
70582
67838
62843
64882
71494
67589
68363
66360
68676
73653
57267
62167
62325
68436
69942
65047
63073
62933
64471
62855
63503
66439
63557
69248
63259
68131
71255
69483
58535
58739
64397
62056
65220
63765
68173
63628
69978
66633
61198
65724
69378
61596
69511
69595
68283
67588
56337
62358
68946
70899
68384
66453
67900
67124
65441
66492
65025
66972
63357
67677
67642
64780
68213
64536
59060
65835
62648
63941
63781
65768
67568
64434
66409
65483
67535
66814
63740
59686
62492
66697
66407
63696
64463
62904
65515
66201
62814
69113
66444
69478
65368
63490
67165
63247
65047
63422
60890
63525
66572
64949
62007
61805
65108
64406
63370
65373
64320
65080
66516
64280
69042
64692
64786
65207
64069
63631
62154
67629
65241
68895
65472
63226
64887
67701
64992
63809
68159
72057
70696
61413
63562
57856
69265
60872
68531
66280
64005
62493
65551
65452
56828
71411
68407
64569
63437
66139
60961
65263
66262
60672
68270
67839
69721
73323
65566
67421
60581
68401
76051
67343
65533
61956
67998
60789
69385
66885
60343
66407
59015
62179
62984
57391
62004
60882
70569
72386
61022
69052
65979
65286
64673
61731
66609
65959
62248
67446
64711
67081
74254
69264
66575
65226
69123
67170
66177
70671
67692
61595
70483
71041
69421
65991
70087
63964
67076
63914
66689
65737
62980
62092
59818
63936
74922
69761
61324
62966
66372
65713
67621
70944
59366
69847
64430
64256
69292
65971
59315
68869
57468
62113
68231
68727
69338
64355
63512
66288
70456
67113
66577
65668
60083
69901
62708
65420
59831
68569
62268
66195
67615
59690
70745
67567
63475
63281
71474
68686
64963
67621
68169
71177
62815
61902
66382
66231
63168
68446
66573
64002
65799
64247
63523
71231
65356
63557
65706
68797
70931
62743
69553
60916
62398
65030
63512
65170
61430
66126
65989
63634
63209
65367
65107
68853
68208
64468
64689
62618
64034
76869
62356
74341
68587
63789
64601
62426
73760
63744
63601
65682
64388
57876
64251
60829
63012
63074
63986
62099
69135
64730
68293
67963
64557
66028
65231
66664
66625
66573
64811
72768
71514
62429
64949
67662
57621
67385
61541
67663
65279
71147
65595
69752
62410
67583
58628
69663
65707
59986
68090
66360
66901
63381
70435
64677
66005
66874
71504
63354
62162
63705
65770
66811
69593
67314
66904
64719
71308
62987
70728
66342
70843
60984
63852
67667
63285
66051
68242
68629
64486
65107
69304
66487
69339
68544
68000
67237
60274
65427
62270
70373
64085
69891
60995
65079
61038
65545
64579
59435
69736
67871
62506
66849
61580
67589
67768
69512
71215
63914
67698
67736
64178
65581
67639
72819
64492
63160
64003
63984
65294
68096
68136
64234
65852
60061
64100
69657
65122
72978
63037
61725
61289
66921
65090
60954
64617
72752
68087
65341
56534
66130
66517
65809
71623
67277
65232
71331
69273
68800
61480
58295
64852
64360
63479
63616
63015
63105
67810
65223
66750
62027
64914
62021
67540
70100
66176
69060
63924
62448
65059
67620
65673
64835
68557
62211
71461
62810
62949
65952
64753
71969
65896
68709
62363
61196
65721
58845
63408
64393
63908
68332
63428
60331
66494
65351
67278
62110
68411
64121
63359
72959
59385
68449
64494
63973
68683
76832
67274
68375
68565
68138
68190
67548
72782
72155
72843
59346
65385
63961
67222
60698
64140
65996
65016
62677
66016
65425
64199
65825
66136
67778
68635
55943
68162
63680
68874
65907
67299
70447
69400
67880
61993
63510
64383
63096
63979
68296
65674
60227
59889
66621
62668
60694
68569
65631
71035
68833
65590
66032
69534
61655
66657
65746
58780
64263
65100
71534
60708
68968
68012
66050
68295
66234
67764
67543
67486
65483
66506
68501
63566
67412
63326
66457
60441
59836
58456
59114
70635
66608
67128
61468
63765
65180
62780
67111
60700
66903
70456
69199
59186
59081
