0.165039
0.164754
0.164469
0.164184
0.163901
0.163617
0.163334
0.163052
0.162770
0.162489
0.162208
0.161928
0.161648
0.161369
0.161090
0.160811
0.160534
0.160256
0.159979
0.159703
0.159427
0.159152
0.158877
0.158603
0.158329
0.158055
0.157782
0.157510
0.157238
0.156966
0.156695
0.156425
0.156155
0.155885
0.155616
0.155348
0.155080
0.154812
0.154545
0.154278
0.154012
0.153746
0.153481
0.153216
0.152952
0.152688
0.152424
0.152161
0.151899
0.151637
0.151375
0.151114
0.150854
0.150593
0.150334
0.150074
0.149816
0.149557
0.149299
0.149042
0.148785
0.148528
0.148272
0.148017
0.147762
0.147507
0.147252
0.146999
0.146745
0.146492
0.146240
0.145988
0.145736
0.145485
0.145234
0.144984
0.144734
0.144485
0.144236
0.143987
0.143739
0.143491
0.143244
0.142997
0.142751
0.142505
0.142259
0.142014
0.141770
0.141525
0.141281
0.141038
0.140795
0.140553
0.140310
0.140069
0.139827
0.139587
0.139346
0.139106
0.138866
0.138627
0.138388
0.138150
0.137912
0.137675
0.137437
0.137201
0.136964
0.136729
0.136493
0.136258
0.136023
0.135789
0.135555
0.135322
0.135089
0.134856
0.134624
0.134392
0.134161
0.133930
0.133699
0.133469
0.133239
0.133009
0.132780
0.132552
0.132323
0.132095
0.131868
0.131641
0.131414
0.131188
0.130962
0.130736
0.130511
0.130287
0.130062
0.129838
0.129615
0.129391
0.129169
0.128946
0.128724
0.128502
0.128281
0.128060
0.127840
0.127619
0.127400
0.127180
0.126961
0.126743
0.126524
0.126306
0.126089
0.125872
0.125655
0.125438
0.125222
0.125007
0.124791
0.124576
0.124362
0.124148
0.123934
0.123720
0.123507
0.123294
0.123082
0.122870
0.122658
0.122447
0.122236
0.122025
0.121815
0.121605
0.121396
0.121186
0.120978
0.120769
0.120561
0.120353
0.120146
0.119939
0.119732
0.119526
0.119320
0.119114
0.118909
0.118704
0.118499
0.118295
0.118091
0.117887
0.117684
0.117481
0.117279
0.117077
0.116875
0.116673
0.116472
0.116271
0.116071
0.115870
0.115671
0.115471
0.115272
0.115073
0.114875
0.114677
0.114479
0.114281
0.114084
0.113887
0.113691
0.113495
0.113299
0.113103
0.112908
0.112713
0.112519
0.112325
0.112131
0.111937
0.111744
0.111551
0.111359
0.111166
0.110974
0.110783
0.110591
0.110401
0.110210
0.110020
0.109830
0.109640
0.109450
0.109261
0.109073
0.108884
0.108696
0.108508
0.108321
0.108134
0.107947
0.107760
0.107574
0.107388
0.107203
0.107017
0.106832
0.106648
0.106463
0.106279
0.106095
0.105912
0.105729
0.105546
0.105363
0.105181
0.104999
0.104818
0.104636
0.104455
0.104274
0.104094
0.103914
0.103734
0.103555
0.103375
0.103196
0.103018
0.102839
0.102661
0.102484
0.102306
0.102129
0.101952
0.101775
0.101599
0.101423
0.101247
0.101072
0.100897
0.100722
0.100547
0.100373
0.100199
0.100026
0.099852
0.099679
0.099506
0.099334
0.099161
0.098989
0.098818
0.098646
0.098475
0.098304
0.098134
0.097963
0.097793
0.097624
0.097454
0.097285
0.097116
0.096948
0.096779
0.096611
0.096443
0.096276
0.096109
0.095942
0.095775
0.095609
0.095442
0.095277
0.095111
0.094946
0.094781
0.094616
0.094451
0.094287
0.094123
0.093959
0.093796
0.093633
0.093470
0.093307
0.093145
0.092983
0.092821
0.092659
0.092498
0.092337
0.092176
0.092016
0.091855
0.091695
0.091536
0.091376
0.091217
0.091058
0.090899
0.090741
0.090583
0.090425
0.090267
0.090110
0.089952
0.089796
0.089639
0.089483
0.089326
0.089171
0.089015
0.088859
0.088704
0.088549
0.088395
0.088241
0.088086
0.087933
0.087779
0.087626
0.087472
0.087320
0.087167
0.087015
0.086862
0.086711
0.086559
0.086408
0.086256
0.086105
0.085955
0.085804
0.085654
0.085504
0.085355
0.085205
0.085056
0.084907
0.084758
0.084610
0.084462
0.084314
0.084166
0.084018
0.083871
0.083724
0.083577
0.083431
0.083284
0.083138
0.082992
0.082847
0.082701
0.082556
0.082411
0.082267
0.082122
0.081978
0.081834
0.081690
0.081547
0.081403
0.081260
0.081117
0.080975
0.080832
0.080690
0.080548
0.080407
0.080265
0.080124
0.079983
0.079842
0.079702
0.079561
0.079421
0.079281
0.079142
0.079002
0.078863
0.078724
0.078585
0.078447
0.078309
0.078170
0.078033
0.077895
0.077758
0.077620
0.077483
0.077347
0.077210
0.077074
0.076938
0.076802
0.076666
0.076531
0.076395
0.076260
0.076126
0.075991
0.075857
0.075722
0.075589
0.075455
0.075321
0.075188
0.075055
0.074922
0.074789
0.074657
0.074525
0.074393
0.074261
0.074129
0.073998
0.073867
0.073736
0.073605
0.073474
0.073344
0.073214
0.073084
0.072954
0.072825
0.072695
0.072566
0.072437
0.072309
0.072180
0.072052
0.071924
0.071796
0.071668
0.071541
0.071414
0.071287
0.071160
0.071033
0.070907
0.070780
0.070654
0.070528
0.070403
0.070277
0.070152
0.070027
0.069902
0.069778
0.069653
0.069529
0.069405
0.069281
0.069157
0.069034
0.068910
0.068787
0.068665
0.068542
0.068419
0.068297
0.068175
0.068053
0.067931
0.067810
0.067689
0.067567
0.067446
0.067326
0.067205
0.067085
0.066965
0.066845
0.066725
0.066605
0.066486
0.066367
0.066248
0.066129
0.066010
0.065892
0.065773
0.065655
0.065537
0.065420
0.065302
0.065185
0.065068
0.064951
0.064834
0.064717
0.064601
0.064485
0.064369
0.064253
0.064137
0.064022
0.063906
0.063791
0.063676
0.063561
0.063447
0.063332
0.063218
0.063104
0.062990
0.062877
0.062763
0.062650
0.062537
0.062424
0.062311
0.062198
0.062086
0.061974
0.061862
0.061750
0.061638
0.061527
0.061415
0.061304
0.061193
0.061082
0.060972
0.060861
0.060751
0.060641
0.060531
0.060421
0.060311
0.060202
0.060093
0.059984
0.059875
0.059766
0.059657
0.059549
0.059441
0.059333
0.059225
0.059117
0.059010
0.058902
0.058795
0.058688
0.058581
0.058474
0.058368
0.058262
0.058155
0.058049
0.057943
0.057838
0.057732
0.057627
0.057522
0.057417
0.057312
0.057207
0.057103
0.056998
0.056894
0.056790
0.056686
0.056583
0.056479
0.056376
0.056272
0.056169
0.056067
0.055964
0.055861
0.055759
0.055657
0.055555
0.055453
0.055351
0.055249
0.055148
0.055047
0.054946
0.054845
0.054744
0.054643
0.054543
0.054442
0.054342
0.054242
0.054143
0.054043
0.053943
0.053844
0.053745
0.053646
0.053547
0.053448
0.053350
0.053251
0.053153
0.053055
0.052957
0.052859
0.052761
0.052664
0.052567
0.052469
0.052372
0.052276
0.052179
0.052082
0.051986
0.051890
0.051794
0.051698
0.051602
0.051506
0.051411
0.051315
0.051220
0.051125
0.051030
0.050935
0.050841
0.050746
0.050652
0.050558
0.050464
0.050370
0.050276
0.050183
0.050089
0.049996
0.049903
0.049810
0.049717
0.049625
0.049532
0.049440
0.049348
0.049255
0.049164
0.049072
0.048980
0.048889
0.048797
0.048706
0.048615
0.048524
0.048433
0.048343
0.048252
0.048162
0.048072
0.047982
0.047892
0.047802
0.047712
0.047623
0.047534
0.047444
0.047355
0.047266
0.047178
0.047089
0.047000
0.046912
0.046824
0.046736
0.046648
0.046560
0.046472
0.046385
0.046298
0.046210
0.046123
0.046036
0.045949
0.045863
0.045776
0.045690
0.045604
0.045517
0.045431
0.045346
0.045260
0.045174
0.045089
0.045003
0.044918
0.044833
0.044748
0.044664
0.044579
0.044494
0.044410
0.044326
0.044242
0.044158
0.044074
0.043990
0.043907
0.043823
0.043740
0.043657
0.043574
0.043491
0.043408
0.043325
0.043243
0.043161
0.043078
0.042996
0.042914
0.042832
0.042751
0.042669
0.042588
0.042506
0.042425
0.042344
0.042263
0.042182
0.042102
0.042021
0.041941
0.041860
0.041780
0.041700
0.041620
0.041540
0.041461
0.041381
0.041302
0.041222
0.041143
0.041064
0.040985
0.040907
0.040828
0.040749
0.040671
0.040593
0.040515
0.040437
0.040359
0.040281
0.040203
0.040126
0.040048
0.039971
0.039894
0.039817
0.039740
0.039663
0.039587
0.039510
0.039434
0.039357
0.039281
0.039205
0.039129
0.039054
0.038978
0.038902
0.038827
0.038752
0.038676
0.038601
0.038526
0.038452
0.038377
0.038302
0.038228
0.038153
0.038079
0.038005
0.037931
0.037857
0.037784
0.037710
0.037636
0.037563
0.037490
0.037417
0.037344
0.037271
0.037198
0.037125
0.037053
0.036980
0.036908
0.036836
0.036763
0.036691
0.036620
0.036548
0.036476
0.036405
0.036333
0.036262
0.036191
0.036120
0.036049
0.035978
0.035907
0.035837
0.035766
0.035696
0.035625
0.035555
0.035485
0.035415
0.035346
0.035276
0.035206
0.035137
0.035067
0.034998
0.034929
0.034860
0.034791
0.034722
0.034654
0.034585
0.034517
0.034448
0.034380
0.034312
0.034244
0.034176
0.034108
0.034040
0.033973
0.033905
0.033838
0.033771
0.033704
0.033637
0.033570
0.033503
0.033436
0.033370
0.033303
0.033237
0.033170
0.033104
0.033038
0.032972
0.032906
0.032841
0.032775
0.032710
0.032644
0.032579
0.032514
0.032449
0.032384
0.032319
0.032254
0.032189
0.032125
0.032060
0.031996
0.031932
0.031868
0.031804
0.031740
0.031676
0.031612
0.031548
0.031485
0.031422
0.031358
0.031295
0.031232
0.031169
0.031106
0.031043
0.030981
0.030918
0.030856
0.030793
0.030731
0.030669
0.030607
0.030545
0.030483
0.030421
0.030359
0.030298
0.030236
0.030175
0.030114
0.030053
0.029992
0.029931
0.029870
0.029809
0.029748
0.029688
0.029627
0.029567
0.029507
0.029447
0.029386
0.029327
0.029267
0.029207
0.029147
0.029088
0.029028
0.028969
0.028910
0.028850
0.028791
0.028732
0.028674
0.028615
0.028556
0.028497
0.028439
0.028381
0.028322
0.028264
0.028206
0.028148
0.028090
0.028032
0.027975
0.027917
0.027859
0.027802
0.027745
0.027687
0.027630
0.027573
0.027516
0.027459
0.027403
0.027346
0.027289
0.027233
0.027177
0.027120
0.027064
0.027008
0.026952
0.026896
0.026840
0.026784
0.026729
0.026673
0.026618
0.026562
0.026507
0.026452
0.026397
0.026342
0.026287
0.026232
0.026178
0.026123
0.026068
0.026014
0.025960
0.025905
0.025851
0.025797
0.025743
0.025689
0.025635
0.025582
0.025528
0.025475
0.025421
0.025368
0.025315
0.025261
0.025208
0.025155
0.025102
0.025050
0.024997
0.024944
0.024892
0.024839
0.024787
0.024734
0.024682
0.024630
0.024578
0.024526
0.024474
0.024423
0.024371
0.024319
0.024268
0.024216
0.024165
0.024114
0.024063
0.024012
0.023961
0.023910
0.023859
0.023808
0.023758
0.023707
0.023657
0.023606
0.023556
0.023506
0.023456
0.023406
0.023356
0.023306
0.023256
0.023206
0.023157
0.023107
0.023058
0.023008
0.022959
0.022910
0.022861
0.022812
0.022763
0.022714
0.022665
0.022617
0.022568
0.022519
0.022471
0.022423
0.022374
0.022326
0.022278
0.022230
0.022182
0.022134
0.022086
0.022039
0.021991
0.021944
0.021896
0.021849
0.021801
0.021754
0.021707
0.021660
0.021613
0.021566
0.021519
0.021473
0.021426
0.021379
0.021333
0.021286
0.021240
0.021194
0.021148
0.021102
0.021056
0.021010
0.020964
0.020918
0.020872
0.020827
0.020781
0.020736
0.020690
0.020645
0.020600
0.020555
0.020510
0.020465
0.020420
0.020375
0.020330
0.020285
0.020241
0.020196
0.020152
0.020107
0.020063
0.020019
0.019975
0.019931
0.019887
0.019843
0.019799
0.019755
0.019711
0.019668
0.019624
0.019581
0.019537
0.019494
0.019451
0.019408
0.019365
0.019322
0.019279
0.019236
0.019193
0.019150
0.019108
0.019065
0.019023
0.018980
0.018938
0.018896
0.018853
0.018811
0.018769
0.018727
0.018685
0.018644
0.018602
0.018560
0.018518
0.018477
0.018435
0.018394
0.018353
0.018311
0.018270
0.018229
0.018188
0.018147
0.018106
0.018066
0.018025
0.017984
0.017943
0.017903
0.017863
0.017822
0.017782
0.017742
0.017701
0.017661
0.017621
0.017581
0.017541
0.017502
0.017462
0.017422
0.017382
0.017343
0.017303
0.017264
0.017225
0.017185
0.017146
0.017107
0.017068
0.017029
0.016990
0.016951
0.016912
0.016874
0.016835
0.016797
0.016758
0.016720
0.016681
0.016643
0.016605
0.016566
0.016528
0.016490
0.016452
0.016414
0.016377
0.016339
0.016301
0.016263
0.016226
0.016188
0.016151
0.016114
0.016076
0.016039
0.016002
0.015965
0.015928
0.015891
0.015854
0.015817
0.015780
0.015743
0.015707
0.015670
0.015634
0.015597
0.015561
0.015525
0.015488
0.015452
0.015416
0.015380
0.015344
0.015308
0.015272
0.015236
0.015201
0.015165
0.015129
0.015094
0.015058
0.015023
0.014987
0.014952
0.014917
0.014882
0.014847
0.014811
0.014776
0.014742
0.014707
0.014672
0.014637
0.014602
0.014568
0.014533
0.014499
0.014464
0.014430
0.014396
0.014361
0.014327
0.014293
0.014259
0.014225
0.014191
0.014157
0.014123
0.014090
0.014056
0.014022
0.013989
0.013955
0.013922
0.013888
0.013855
0.013822
0.013789
0.013755
0.013722
0.013689
0.013656
0.013623
0.013591
0.013558
0.013525
0.013492
0.013460
0.013427
0.013395
0.013362
0.013330
0.013297
0.013265
0.013233
0.013201
0.013169
0.013137
0.013105
0.013073
0.013041
0.013009
0.012977
0.012946
0.012914
0.012882
0.012851
0.012819
0.012788
0.012757
0.012725
0.012694
0.012663
0.012632
0.012601
0.012570
0.012539
0.012508
0.012477
0.012446
0.012415
0.012385
0.012354
0.012324
0.012293
0.012263
0.012232
0.012202
0.012171
0.012141
0.012111
0.012081
0.012051
0.012021
0.011991
0.011961
0.011931
0.011901
0.011872
0.011842
0.011812
0.011783
0.011753
0.011724
0.011694
0.011665
0.011635
0.011606
0.011577
0.011548
0.011519
0.011490
0.011461
0.011432
0.011403
0.011374
0.011345
0.011316
0.011288
0.011259
0.011230
0.011202
0.011173
0.011145
0.011117
0.011088
0.011060
0.011032
0.011004
0.010975
0.010947
0.010919
0.010891
0.010863
0.010835
0.010808
0.010780
0.010752
0.010725
0.010697
0.010669
0.010642
0.010614
0.010587
0.010560
0.010532
0.010505
0.010478
0.010451
0.010423
0.010396
0.010369
0.010342
0.010315
0.010288
0.010262
0.010235
0.010208
0.010181
0.010155
0.010128
0.010102
0.010075
0.010049
0.010022
0.009996
0.009970
0.009943
0.009917
0.009891
0.009865
0.009839
0.009813
0.009787
0.009761
0.009735
0.009709
0.009683
0.009658
0.009632
0.009606
0.009581
0.009555
0.009530
0.009504
0.009479
0.009453
0.009428
0.009403
0.009378
0.009352
0.009327
0.009302
0.009277
0.009252
0.009227
0.009202
0.009177
0.009153
0.009128
0.009103
0.009078
0.009054
0.009029
0.009005
0.008980
0.008956
0.008931
0.008907
0.008882
0.008858
0.008834
0.008810
0.008786
0.008761
0.008737
0.008713
0.008689
0.008665
0.008642
0.008618
0.008594
0.008570
0.008546
0.008523
0.008499
0.008475
0.008452
0.008428
0.008405
0.008381
0.008358
0.008335
0.008311
0.008288
0.008265
0.008242
0.008218
0.008195
0.008172
0.008149
0.008126
0.008103
0.008080
0.008058
0.008035
0.008012
0.007989
0.007967
0.007944
0.007921
0.007899
0.007876
0.007854
0.007831
0.007809
0.007786
0.007764
0.007742
0.007720
0.007697
0.007675
0.007653
0.007631
0.007609
0.007587
0.007565
0.007543
0.007521
0.007499
0.007477
0.007456
0.007434
0.007412
0.007390
0.007369
0.007347
0.007326
0.007304
0.007283
0.007261
0.007240
0.007218
0.007197
0.007176
0.007155
0.007133
0.007112
0.007091
0.007070
0.007049
0.007028
0.007007
0.006986
0.006965
0.006944
0.006923
0.006902
0.006882
0.006861
0.006840
0.006819
0.006799
0.006778
0.006758
0.006737
0.006717
0.006696
0.006676
0.006655
0.006635
0.006615
0.006594
0.006574
0.006554
0.006534
0.006514
0.006493
0.006473
0.006453
0.006433
0.006413
0.006393
0.006373
0.006354
0.006334
0.006314
0.006294
0.006274
0.006255
0.006235
0.006215
0.006196
0.006176
0.006157
0.006137
0.006118
0.006098
0.006079
0.006060
0.006040
0.006021
0.006002
0.005982
0.005963
0.005944
0.005925
0.005906
0.005887
0.005868
0.005849
0.005830
0.005811
0.005792
0.005773
0.005754
0.005735
0.005716
0.005698
0.005679
0.005660
0.005641
0.005623
0.005604
0.005586
0.005567
0.005548
0.005530
0.005512
0.005493
0.005475
0.005456
0.005438
0.005420
0.005401
0.005383
0.005365
0.005347
0.005329
0.005310
0.005292
0.005274
0.005256
0.005238
0.005220
0.005202
0.005184
0.005166
0.005149
0.005131
0.005113
0.005095
0.005077
0.005060
0.005042
0.005024
0.005007
0.004989
0.004971
0.004954
0.004936
0.004919
0.004901
0.004884
0.004866
0.004849
0.004832
0.004814
0.004797
0.004780
0.004762
0.004745
0.004728
0.004711
0.004694
0.004676
0.004659
0.004642
0.004625
0.004608
0.004591
0.004574
0.004557
0.004540
0.004523
0.004507
0.004490
0.004473
0.004456
0.004439
0.004423
0.004406
0.004389
0.004373
0.004356
0.004339
0.004323
0.004306
0.004290
0.004273
0.004257
0.004240
0.004224
0.004207
0.004191
0.004174
0.004158
0.004142
0.004125
0.004109
0.004093
0.004077
0.004060
0.004044
0.004028
0.004012
0.003996
0.003980
0.003964
0.003948
0.003932
0.003916
0.003900
0.003884
0.003868
0.003852
0.003836
0.003820
0.003804
0.003788
0.003772
0.003757
0.003741
0.003725
0.003709
0.003694
0.003678
0.003662
0.003647
0.003631
0.003616
0.003600
0.003584
0.003569
0.003553
0.003538
0.003522
0.003507
0.003492
0.003476
0.003461
0.003445
0.003430
0.003415
0.003399
0.003384
0.003369
0.003354
0.003338
0.003323
0.003308
0.003293
0.003278
0.003263
0.003247
0.003232
0.003217
0.003202
0.003187
0.003172
0.003157
0.003142
0.003127
0.003112
0.003097
0.003082
0.003068
0.003053
0.003038
0.003023
0.003008
0.002993
0.002979
0.002964
0.002949
0.002934
0.002920
0.002905
0.002890
0.002876
0.002861
0.002846
0.002832
0.002817
0.002803
0.002788
0.002774
0.002759
0.002744
0.002730
0.002716
0.002701
0.002687
0.002672
0.002658
0.002643
0.002629
0.002615
0.002600
0.002586
0.002572
0.002557
0.002543
0.002529
0.002514
0.002500
0.002486
0.002472
0.002458
0.002443
0.002429
0.002415
0.002401
0.002387
0.002373
0.002359
0.002345
0.002330
0.002316
0.002302
0.002288
0.002274
0.002260
0.002246
0.002232
0.002218
0.002204
0.002191
0.002177
0.002163
0.002149
0.002135
0.002121
0.002107
0.002093
0.002080
0.002066
0.002052
0.002038
0.002024
0.002011
0.001997
0.001983
0.001969
0.001956
0.001942
0.001928
0.001915
0.001901
0.001887
0.001874
0.001860
0.001846
0.001833
0.001819
0.001806
0.001792
0.001778
0.001765
0.001751
0.001738
0.001724
0.001711
0.001697
0.001684
0.001670
0.001657
0.001643
0.001630
0.001616
0.001603
0.001589
0.001576
0.001563
0.001549
0.001536
0.001523
0.001509
0.001496
0.001482
0.001469
0.001456
0.001442
0.001429
0.001416
0.001402
0.001389
0.001376
0.001363
0.001349
0.001336
0.001323
0.001310
0.001296
0.001283
0.001270
0.001257
0.001244
0.001230
0.001217
0.001204
0.001191
0.001178
0.001165
0.001151
0.001138
0.001125
0.001112
0.001099
0.001086
0.001073
0.001060
0.001046
0.001033
0.001020
0.001007
0.000994
0.000981
0.000968
0.000955
0.000942
0.000929
0.000916
0.000903
0.000890
0.000877
0.000864
0.000851
0.000838
0.000825
0.000812
0.000799
0.000786
0.000773
0.000760
0.000747
0.000734
0.000721
0.000708
0.000695
0.000682
0.000669
0.000656
0.000643
0.000630
0.000617
0.000604
0.000592
0.000579
0.000566
0.000553
0.000540
0.000527
0.000514
0.000501
0.000488
0.000475
0.000463
0.000450
0.000437
0.000424
0.000411
0.000398
0.000385
0.000372
0.000360
0.000347
0.000334
0.000321
0.000308
0.000295
0.000282
0.000270
0.000257
0.000244
0.000231
0.000218
0.000205
0.000193
0.000180
0.000167
0.000154
0.000141
0.000128
0.000115
0.000103
0.000090
0.000077
0.000064
0.000051
0.000038
0.000026
0.000013
0.000000
-0.000013
-0.000026
-0.000038
-0.000051
-0.000064
-0.000077
-0.000090
-0.000103
-0.000115
-0.000128
-0.000141
-0.000154
-0.000167
-0.000180
-0.000193
-0.000205
-0.000218
-0.000231
-0.000244
-0.000257
-0.000270
-0.000282
-0.000295
-0.000308
-0.000321
-0.000334
-0.000347
-0.000360
-0.000372
-0.000385
-0.000398
-0.000411
-0.000424
-0.000437
-0.000450
-0.000463
-0.000475
-0.000488
-0.000501
-0.000514
-0.000527
-0.000540
-0.000553
-0.000566
-0.000579
-0.000592
-0.000604
-0.000617
-0.000630
-0.000643
-0.000656
-0.000669
-0.000682
-0.000695
-0.000708
-0.000721
-0.000734
-0.000747
-0.000760
-0.000773
-0.000786
-0.000799
-0.000812
-0.000825
-0.000838
-0.000851
-0.000864
-0.000877
-0.000890
-0.000903
-0.000916
-0.000929
-0.000942
-0.000955
-0.000968
-0.000981
-0.000994
-0.001007
-0.001020
-0.001033
-0.001046
-0.001060
-0.001073
-0.001086
-0.001099
-0.001112
-0.001125
-0.001138
-0.001151
-0.001165
-0.001178
-0.001191
-0.001204
-0.001217
-0.001230
-0.001244
-0.001257
-0.001270
-0.001283
-0.001296
-0.001310
-0.001323
-0.001336
-0.001349
-0.001363
-0.001376
-0.001389
-0.001402
-0.001416
-0.001429
-0.001442
-0.001456
-0.001469
-0.001482
-0.001496
-0.001509
-0.001523
-0.001536
-0.001549
-0.001563
-0.001576
-0.001589
-0.001603
-0.001616
-0.001630
-0.001643
-0.001657
-0.001670
-0.001684
-0.001697
-0.001711
-0.001724
-0.001738
-0.001751
-0.001765
-0.001778
-0.001792
-0.001806
-0.001819
-0.001833
-0.001846
-0.001860
-0.001874
-0.001887
-0.001901
-0.001915
-0.001928
-0.001942
-0.001956
-0.001969
-0.001983
-0.001997
-0.002011
-0.002024
-0.002038
-0.002052
-0.002066
-0.002080
-0.002093
-0.002107
-0.002121
-0.002135
-0.002149
-0.002163
-0.002177
-0.002191
-0.002204
-0.002218
-0.002232
-0.002246
-0.002260
-0.002274
-0.002288
-0.002302
-0.002316
-0.002330
-0.002345
-0.002359
-0.002373
-0.002387
-0.002401
-0.002415
-0.002429
-0.002443
-0.002458
-0.002472
-0.002486
-0.002500
-0.002514
-0.002529
-0.002543
-0.002557
-0.002572
-0.002586
-0.002600
-0.002615
-0.002629
-0.002643
-0.002658
-0.002672
-0.002687
-0.002701
-0.002716
-0.002730
-0.002744
-0.002759
-0.002774
-0.002788
-0.002803
-0.002817
-0.002832
-0.002846
-0.002861
-0.002876
-0.002890
-0.002905
-0.002920
-0.002934
-0.002949
-0.002964
-0.002979
-0.002993
-0.003008
-0.003023
-0.003038
-0.003053
-0.003068
-0.003082
-0.003097
-0.003112
-0.003127
-0.003142
-0.003157
-0.003172
-0.003187
-0.003202
-0.003217
-0.003232
-0.003247
-0.003263
-0.003278
-0.003293
-0.003308
-0.003323
-0.003338
-0.003354
-0.003369
-0.003384
-0.003399
-0.003415
-0.003430
-0.003445
-0.003461
-0.003476
-0.003492
-0.003507
-0.003522
-0.003538
-0.003553
-0.003569
-0.003584
-0.003600
-0.003616
-0.003631
-0.003647
-0.003662
-0.003678
-0.003694
-0.003709
-0.003725
-0.003741
-0.003757
-0.003772
-0.003788
-0.003804
-0.003820
-0.003836
-0.003852
-0.003868
-0.003884
-0.003900
-0.003916
-0.003932
-0.003948
-0.003964
-0.003980
-0.003996
-0.004012
-0.004028
-0.004044
-0.004060
-0.004077
-0.004093
-0.004109
-0.004125
-0.004142
-0.004158
-0.004174
-0.004191
-0.004207
-0.004224
-0.004240
-0.004257
-0.004273
-0.004290
-0.004306
-0.004323
-0.004339
-0.004356
-0.004373
-0.004389
-0.004406
-0.004423
-0.004439
-0.004456
-0.004473
-0.004490
-0.004507
-0.004523
-0.004540
-0.004557
-0.004574
-0.004591
-0.004608
-0.004625
-0.004642
-0.004659
-0.004676
-0.004694
-0.004711
-0.004728
-0.004745
-0.004762
-0.004780
-0.004797
-0.004814
-0.004832
-0.004849
-0.004866
-0.004884
-0.004901
-0.004919
-0.004936
-0.004954
-0.004971
-0.004989
-0.005007
-0.005024
-0.005042
-0.005060
-0.005077
-0.005095
-0.005113
-0.005131
-0.005149
-0.005166
-0.005184
-0.005202
-0.005220
-0.005238
-0.005256
-0.005274
-0.005292
-0.005310
-0.005329
-0.005347
-0.005365
-0.005383
-0.005401
-0.005420
-0.005438
-0.005456
-0.005475
-0.005493
-0.005512
-0.005530
-0.005548
-0.005567
-0.005586
-0.005604
-0.005623
-0.005641
-0.005660
-0.005679
-0.005698
-0.005716
-0.005735
-0.005754
-0.005773
-0.005792
-0.005811
-0.005830
-0.005849
-0.005868
-0.005887
-0.005906
-0.005925
-0.005944
-0.005963
-0.005982
-0.006002
-0.006021
-0.006040
-0.006060
-0.006079
-0.006098
-0.006118
-0.006137
-0.006157
-0.006176
-0.006196
-0.006215
-0.006235
-0.006255
-0.006274
-0.006294
-0.006314
-0.006334
-0.006354
-0.006373
-0.006393
-0.006413
-0.006433
-0.006453
-0.006473
-0.006493
-0.006514
-0.006534
-0.006554
-0.006574
-0.006594
-0.006615
-0.006635
-0.006655
-0.006676
-0.006696
-0.006717
-0.006737
-0.006758
-0.006778
-0.006799
-0.006819
-0.006840
-0.006861
-0.006882
-0.006902
-0.006923
-0.006944
-0.006965
-0.006986
-0.007007
-0.007028
-0.007049
-0.007070
-0.007091
-0.007112
-0.007133
-0.007155
-0.007176
-0.007197
-0.007218
-0.007240
-0.007261
-0.007283
-0.007304
-0.007326
-0.007347
-0.007369
-0.007390
-0.007412
-0.007434
-0.007456
-0.007477
-0.007499
-0.007521
-0.007543
-0.007565
-0.007587
-0.007609
-0.007631
-0.007653
-0.007675
-0.007697
-0.007720
-0.007742
-0.007764
-0.007786
-0.007809
-0.007831
-0.007854
-0.007876
-0.007899
-0.007921
-0.007944
-0.007967
-0.007989
-0.008012
-0.008035
-0.008058
-0.008080
-0.008103
-0.008126
-0.008149
-0.008172
-0.008195
-0.008218
-0.008242
-0.008265
-0.008288
-0.008311
-0.008335
-0.008358
-0.008381
-0.008405
-0.008428
-0.008452
-0.008475
-0.008499
-0.008523
-0.008546
-0.008570
-0.008594
-0.008618
-0.008642
-0.008665
-0.008689
-0.008713
-0.008737
-0.008761
-0.008786
-0.008810
-0.008834
-0.008858
-0.008882
-0.008907
-0.008931
-0.008956
-0.008980
-0.009005
-0.009029
-0.009054
-0.009078
-0.009103
-0.009128
-0.009153
-0.009177
-0.009202
-0.009227
-0.009252
-0.009277
-0.009302
-0.009327
-0.009352
-0.009378
-0.009403
-0.009428
-0.009453
-0.009479
-0.009504
-0.009530
-0.009555
-0.009581
-0.009606
-0.009632
-0.009658
-0.009683
-0.009709
-0.009735
-0.009761
-0.009787
-0.009813
-0.009839
-0.009865
-0.009891
-0.009917
-0.009943
-0.009970
-0.009996
-0.010022
-0.010049
-0.010075
-0.010102
-0.010128
-0.010155
-0.010181
-0.010208
-0.010235
-0.010262
-0.010288
-0.010315
-0.010342
-0.010369
-0.010396
-0.010423
-0.010451
-0.010478
-0.010505
-0.010532
-0.010560
-0.010587
-0.010614
-0.010642
-0.010669
-0.010697
-0.010725
-0.010752
-0.010780
-0.010808
-0.010835
-0.010863
-0.010891
-0.010919
-0.010947
-0.010975
-0.011004
-0.011032
-0.011060
-0.011088
-0.011117
-0.011145
-0.011173
-0.011202
-0.011230
-0.011259
-0.011288
-0.011316
-0.011345
-0.011374
-0.011403
-0.011432
-0.011461
-0.011490
-0.011519
-0.011548
-0.011577
-0.011606
-0.011635
-0.011665
-0.011694
-0.011724
-0.011753
-0.011783
-0.011812
-0.011842
-0.011872
-0.011901
-0.011931
-0.011961
-0.011991
-0.012021
-0.012051
-0.012081
-0.012111
-0.012141
-0.012171
-0.012202
-0.012232
-0.012263
-0.012293
-0.012324
-0.012354
-0.012385
-0.012415
-0.012446
-0.012477
-0.012508
-0.012539
-0.012570
-0.012601
-0.012632
-0.012663
-0.012694
-0.012725
-0.012757
-0.012788
-0.012819
-0.012851
-0.012882
-0.012914
-0.012946
-0.012977
-0.013009
-0.013041
-0.013073
-0.013105
-0.013137
-0.013169
-0.013201
-0.013233
-0.013265
-0.013297
-0.013330
-0.013362
-0.013395
-0.013427
-0.013460
-0.013492
-0.013525
-0.013558
-0.013591
-0.013623
-0.013656
-0.013689
-0.013722
-0.013755
-0.013789
-0.013822
-0.013855
-0.013888
-0.013922
-0.013955
-0.013989
-0.014022
-0.014056
-0.014090
-0.014123
-0.014157
-0.014191
-0.014225
-0.014259
-0.014293
-0.014327
-0.014361
-0.014396
-0.014430
-0.014464
-0.014499
-0.014533
-0.014568
-0.014602
-0.014637
-0.014672
-0.014707
-0.014742
-0.014776
-0.014811
-0.014847
-0.014882
-0.014917
-0.014952
-0.014987
-0.015023
-0.015058
-0.015094
-0.015129
-0.015165
-0.015201
-0.015236
-0.015272
-0.015308
-0.015344
-0.015380
-0.015416
-0.015452
-0.015488
-0.015525
-0.015561
-0.015597
-0.015634
-0.015670
-0.015707
-0.015743
-0.015780
-0.015817
-0.015854
-0.015891
-0.015928
-0.015965
-0.016002
-0.016039
-0.016076
-0.016114
-0.016151
-0.016188
-0.016226
-0.016263
-0.016301
-0.016339
-0.016377
-0.016414
-0.016452
-0.016490
-0.016528
-0.016566
-0.016605
-0.016643
-0.016681
-0.016720
-0.016758
-0.016797
-0.016835
-0.016874
-0.016912
-0.016951
-0.016990
-0.017029
-0.017068
-0.017107
-0.017146
-0.017185
-0.017225
-0.017264
-0.017303
-0.017343
-0.017382
-0.017422
-0.017462
-0.017502
-0.017541
-0.017581
-0.017621
-0.017661
-0.017701
-0.017742
-0.017782
-0.017822
-0.017863
-0.017903
-0.017943
-0.017984
-0.018025
-0.018066
-0.018106
-0.018147
-0.018188
-0.018229
-0.018270
-0.018311
-0.018353
-0.018394
-0.018435
-0.018477
-0.018518
-0.018560
-0.018602
-0.018644
-0.018685
-0.018727
-0.018769
-0.018811
-0.018853
-0.018896
-0.018938
-0.018980
-0.019023
-0.019065
-0.019108
-0.019150
-0.019193
-0.019236
-0.019279
-0.019322
-0.019365
-0.019408
-0.019451
-0.019494
-0.019537
-0.019581
-0.019624
-0.019668
-0.019711
-0.019755
-0.019799
-0.019843
-0.019887
-0.019931
-0.019975
-0.020019
-0.020063
-0.020107
-0.020152
-0.020196
-0.020241
-0.020285
-0.020330
-0.020375
-0.020420
-0.020465
-0.020510
-0.020555
-0.020600
-0.020645
-0.020690
-0.020736
-0.020781
-0.020827
-0.020872
-0.020918
-0.020964
-0.021010
-0.021056
-0.021102
-0.021148
-0.021194
-0.021240
-0.021286
-0.021333
-0.021379
-0.021426
-0.021473
-0.021519
-0.021566
-0.021613
-0.021660
-0.021707
-0.021754
-0.021801
-0.021849
-0.021896
-0.021944
-0.021991
-0.022039
-0.022086
-0.022134
-0.022182
-0.022230
-0.022278
-0.022326
-0.022374
-0.022423
-0.022471
-0.022519
-0.022568
-0.022617
-0.022665
-0.022714
-0.022763
-0.022812
-0.022861
-0.022910
-0.022959
-0.023008
-0.023058
-0.023107
-0.023157
-0.023206
-0.023256
-0.023306
-0.023356
-0.023406
-0.023456
-0.023506
-0.023556
-0.023606
-0.023657
-0.023707
-0.023758
-0.023808
-0.023859
-0.023910
-0.023961
-0.024012
-0.024063
-0.024114
-0.024165
-0.024216
-0.024268
-0.024319
-0.024371
-0.024423
-0.024474
-0.024526
-0.024578
-0.024630
-0.024682
-0.024734
-0.024787
-0.024839
-0.024892
-0.024944
-0.024997
-0.025050
-0.025102
-0.025155
-0.025208
-0.025261
-0.025315
-0.025368
-0.025421
-0.025475
-0.025528
-0.025582
-0.025635
-0.025689
-0.025743
-0.025797
-0.025851
-0.025905
-0.025960
-0.026014
-0.026068
-0.026123
-0.026178
-0.026232
-0.026287
-0.026342
-0.026397
-0.026452
-0.026507
-0.026562
-0.026618
-0.026673
-0.026729
-0.026784
-0.026840
-0.026896
-0.026952
-0.027008
-0.027064
-0.027120
-0.027177
-0.027233
-0.027289
-0.027346
-0.027403
-0.027459
-0.027516
-0.027573
-0.027630
-0.027687
-0.027745
-0.027802
-0.027859
-0.027917
-0.027975
-0.028032
-0.028090
-0.028148
-0.028206
-0.028264
-0.028322
-0.028381
-0.028439
-0.028497
-0.028556
-0.028615
-0.028674
-0.028732
-0.028791
-0.028850
-0.028910
-0.028969
-0.029028
-0.029088
-0.029147
-0.029207
-0.029267
-0.029327
-0.029386
-0.029447
-0.029507
-0.029567
-0.029627
-0.029688
-0.029748
-0.029809
-0.029870
-0.029931
-0.029992
-0.030053
-0.030114
-0.030175
-0.030236
-0.030298
-0.030359
-0.030421
-0.030483
-0.030545
-0.030607
-0.030669
-0.030731
-0.030793
-0.030856
-0.030918
-0.030981
-0.031043
-0.031106
-0.031169
-0.031232
-0.031295
-0.031358
-0.031422
-0.031485
-0.031548
-0.031612
-0.031676
-0.031740
-0.031804
-0.031868
-0.031932
-0.031996
-0.032060
-0.032125
-0.032189
-0.032254
-0.032319
-0.032384
-0.032449
-0.032514
-0.032579
-0.032644
-0.032710
-0.032775
-0.032841
-0.032906
-0.032972
-0.033038
-0.033104
-0.033170
-0.033237
-0.033303
-0.033370
-0.033436
-0.033503
-0.033570
-0.033637
-0.033704
-0.033771
-0.033838
-0.033905
-0.033973
-0.034040
-0.034108
-0.034176
-0.034244
-0.034312
-0.034380
-0.034448
-0.034517
-0.034585
-0.034654
-0.034722
-0.034791
-0.034860
-0.034929
-0.034998
-0.035067
-0.035137
-0.035206
-0.035276
-0.035346
-0.035415
-0.035485
-0.035555
-0.035625
-0.035696
-0.035766
-0.035837
-0.035907
-0.035978
-0.036049
-0.036120
-0.036191
-0.036262
-0.036333
-0.036405
-0.036476
-0.036548
-0.036620
-0.036691
-0.036763
-0.036836
-0.036908
-0.036980
-0.037053
-0.037125
-0.037198
-0.037271
-0.037344
-0.037417
-0.037490
-0.037563
-0.037636
-0.037710
-0.037784
-0.037857
-0.037931
-0.038005
-0.038079
-0.038153
-0.038228
-0.038302
-0.038377
-0.038452
-0.038526
-0.038601
-0.038676
-0.038752
-0.038827
-0.038902
-0.038978
-0.039054
-0.039129
-0.039205
-0.039281
-0.039357
-0.039434
-0.039510
-0.039587
-0.039663
-0.039740
-0.039817
-0.039894
-0.039971
-0.040048
-0.040126
-0.040203
-0.040281
-0.040359
-0.040437
-0.040515
-0.040593
-0.040671
-0.040749
-0.040828
-0.040907
-0.040985
-0.041064
-0.041143
-0.041222
-0.041302
-0.041381
-0.041461
-0.041540
-0.041620
-0.041700
-0.041780
-0.041860
-0.041941
-0.042021
-0.042102
-0.042182
-0.042263
-0.042344
-0.042425
-0.042506
-0.042588
-0.042669
-0.042751
-0.042832
-0.042914
-0.042996
-0.043078
-0.043161
-0.043243
-0.043325
-0.043408
-0.043491
-0.043574
-0.043657
-0.043740
-0.043823
-0.043907
-0.043990
-0.044074
-0.044158
-0.044242
-0.044326
-0.044410
-0.044494
-0.044579
-0.044664
-0.044748
-0.044833
-0.044918
-0.045003
-0.045089
-0.045174
-0.045260
-0.045346
-0.045431
-0.045517
-0.045604
-0.045690
-0.045776
-0.045863
-0.045949
-0.046036
-0.046123
-0.046210
-0.046298
-0.046385
-0.046472
-0.046560
-0.046648
-0.046736
-0.046824
-0.046912
-0.047000
-0.047089
-0.047178
-0.047266
-0.047355
-0.047444
-0.047534
-0.047623
-0.047712
-0.047802
-0.047892
-0.047982
-0.048072
-0.048162
-0.048252
-0.048343
-0.048433
-0.048524
-0.048615
-0.048706
-0.048797
-0.048889
-0.048980
-0.049072
-0.049164
-0.049255
-0.049348
-0.049440
-0.049532
-0.049625
-0.049717
-0.049810
-0.049903
-0.049996
-0.050089
-0.050183
-0.050276
-0.050370
-0.050464
-0.050558
-0.050652
-0.050746
-0.050841
-0.050935
-0.051030
-0.051125
-0.051220
-0.051315
-0.051411
-0.051506
-0.051602
-0.051698
-0.051794
-0.051890
-0.051986
-0.052082
-0.052179
-0.052276
-0.052372
-0.052469
-0.052567
-0.052664
-0.052761
-0.052859
-0.052957
-0.053055
-0.053153
-0.053251
-0.053350
-0.053448
-0.053547
-0.053646
-0.053745
-0.053844
-0.053943
-0.054043
-0.054143
-0.054242
-0.054342
-0.054442
-0.054543
-0.054643
-0.054744
-0.054845
-0.054946
-0.055047
-0.055148
-0.055249
-0.055351
-0.055453
-0.055555
-0.055657
-0.055759
-0.055861
-0.055964
-0.056067
-0.056169
-0.056272
-0.056376
-0.056479
-0.056583
-0.056686
-0.056790
-0.056894
-0.056998
-0.057103
-0.057207
-0.057312
-0.057417
-0.057522
-0.057627
-0.057732
-0.057838
-0.057943
-0.058049
-0.058155
-0.058262
-0.058368
-0.058474
-0.058581
-0.058688
-0.058795
-0.058902
-0.059010
-0.059117
-0.059225
-0.059333
-0.059441
-0.059549
-0.059657
-0.059766
-0.059875
-0.059984
-0.060093
-0.060202
-0.060311
-0.060421
-0.060531
-0.060641
-0.060751
-0.060861
-0.060972
-0.061082
-0.061193
-0.061304
-0.061415
-0.061527
-0.061638
-0.061750
-0.061862
-0.061974
-0.062086
-0.062198
-0.062311
-0.062424
-0.062537
-0.062650
-0.062763
-0.062877
-0.062990
-0.063104
-0.063218
-0.063332
-0.063447
-0.063561
-0.063676
-0.063791
-0.063906
-0.064022
-0.064137
-0.064253
-0.064369
-0.064485
-0.064601
-0.064717
-0.064834
-0.064951
-0.065068
-0.065185
-0.065302
-0.065420
-0.065537
-0.065655
-0.065773
-0.065892
-0.066010
-0.066129
-0.066248
-0.066367
-0.066486
-0.066605
-0.066725
-0.066845
-0.066965
-0.067085
-0.067205
-0.067326
-0.067446
-0.067567
-0.067689
-0.067810
-0.067931
-0.068053
-0.068175
-0.068297
-0.068419
-0.068542
-0.068665
-0.068787
-0.068910
-0.069034
-0.069157
-0.069281
-0.069405
-0.069529
-0.069653
-0.069778
-0.069902
-0.070027
-0.070152
-0.070277
-0.070403
-0.070528
-0.070654
-0.070780
-0.070907
-0.071033
-0.071160
-0.071287
-0.071414
-0.071541
-0.071668
-0.071796
-0.071924
-0.072052
-0.072180
-0.072309
-0.072437
-0.072566
-0.072695
-0.072825
-0.072954
-0.073084
-0.073214
-0.073344
-0.073474
-0.073605
-0.073736
-0.073867
-0.073998
-0.074129
-0.074261
-0.074393
-0.074525
-0.074657
-0.074789
-0.074922
-0.075055
-0.075188
-0.075321
-0.075455
-0.075589
-0.075722
-0.075857
-0.075991
-0.076126
-0.076260
-0.076395
-0.076531
-0.076666
-0.076802
-0.076938
-0.077074
-0.077210
-0.077347
-0.077483
-0.077620
-0.077758
-0.077895
-0.078033
-0.078170
-0.078309
-0.078447
-0.078585
-0.078724
-0.078863
-0.079002
-0.079142
-0.079281
-0.079421
-0.079561
-0.079702
-0.079842
-0.079983
-0.080124
-0.080265
-0.080407
-0.080548
-0.080690
-0.080832
-0.080975
-0.081117
-0.081260
-0.081403
-0.081547
-0.081690
-0.081834
-0.081978
-0.082122
-0.082267
-0.082411
-0.082556
-0.082701
-0.082847
-0.082992
-0.083138
-0.083284
-0.083431
-0.083577
-0.083724
-0.083871
-0.084018
-0.084166
-0.084314
-0.084462
-0.084610
-0.084758
-0.084907
-0.085056
-0.085205
-0.085355
-0.085504
-0.085654
-0.085804
-0.085955
-0.086105
-0.086256
-0.086408
-0.086559
-0.086711
-0.086862
-0.087015
-0.087167
-0.087320
-0.087472
-0.087626
-0.087779
-0.087933
-0.088086
-0.088241
-0.088395
-0.088549
-0.088704
-0.088859
-0.089015
-0.089171
-0.089326
-0.089483
-0.089639
-0.089796
-0.089952
-0.090110
-0.090267
-0.090425
-0.090583
-0.090741
-0.090899
-0.091058
-0.091217
-0.091376
-0.091536
-0.091695
-0.091855
-0.092016
-0.092176
-0.092337
-0.092498
-0.092659
-0.092821
-0.092983
-0.093145
-0.093307
-0.093470
-0.093633
-0.093796
-0.093959
-0.094123
-0.094287
-0.094451
-0.094616
-0.094781
-0.094946
-0.095111
-0.095277
-0.095442
-0.095609
-0.095775
-0.095942
-0.096109
-0.096276
-0.096443
-0.096611
-0.096779
-0.096948
-0.097116
-0.097285
-0.097454
-0.097624
-0.097793
-0.097963
-0.098134
-0.098304
-0.098475
-0.098646
-0.098818
-0.098989
-0.099161
-0.099334
-0.099506
-0.099679
-0.099852
-0.100026
-0.100199
-0.100373
-0.100547
-0.100722
-0.100897
-0.101072
-0.101247
-0.101423
-0.101599
-0.101775
-0.101952
-0.102129
-0.102306
-0.102484
-0.102661
-0.102839
-0.103018
-0.103196
-0.103375
-0.103555
-0.103734
-0.103914
-0.104094
-0.104274
-0.104455
-0.104636
-0.104818
-0.104999
-0.105181
-0.105363
-0.105546
-0.105729
-0.105912
-0.106095
-0.106279
-0.106463
-0.106648
-0.106832
-0.107017
-0.107203
-0.107388
-0.107574
-0.107760
-0.107947
-0.108134
-0.108321
-0.108508
-0.108696
-0.108884
-0.109073
-0.109261
-0.109450
-0.109640
-0.109830
-0.110020
-0.110210
-0.110401
-0.110591
-0.110783
-0.110974
-0.111166
-0.111359
-0.111551
-0.111744
-0.111937
-0.112131
-0.112325
-0.112519
-0.112713
-0.112908
-0.113103
-0.113299
-0.113495
-0.113691
-0.113887
-0.114084
-0.114281
-0.114479
-0.114677
-0.114875
-0.115073
-0.115272
-0.115471
-0.115671
-0.115870
-0.116071
-0.116271
-0.116472
-0.116673
-0.116875
-0.117077
-0.117279
-0.117481
-0.117684
-0.117887
-0.118091
-0.118295
-0.118499
-0.118704
-0.118909
-0.119114
-0.119320
-0.119526
-0.119732
-0.119939
-0.120146
-0.120353
-0.120561
-0.120769
-0.120978
-0.121186
-0.121396
-0.121605
-0.121815
-0.122025
-0.122236
-0.122447
-0.122658
-0.122870
-0.123082
-0.123294
-0.123507
-0.123720
-0.123934
-0.124148
-0.124362
-0.124576
-0.124791
-0.125007
-0.125222
-0.125438
-0.125655
-0.125872
-0.126089
-0.126306
-0.126524
-0.126743
-0.126961
-0.127180
-0.127400
-0.127619
-0.127840
-0.128060
-0.128281
-0.128502
-0.128724
-0.128946
-0.129169
-0.129391
-0.129615
-0.129838
-0.130062
-0.130287
-0.130511
-0.130736
-0.130962
-0.131188
-0.131414
-0.131641
-0.131868
-0.132095
-0.132323
-0.132552
-0.132780
-0.133009
-0.133239
-0.133469
-0.133699
-0.133930
-0.134161
-0.134392
-0.134624
-0.134856
-0.135089
-0.135322
-0.135555
-0.135789
-0.136023
-0.136258
-0.136493
-0.136729
-0.136964
-0.137201
-0.137437
-0.137675
-0.137912
-0.138150
-0.138388
-0.138627
-0.138866
-0.139106
-0.139346
-0.139587
-0.139827
-0.140069
-0.140310
-0.140553
-0.140795
-0.141038
-0.141281
-0.141525
-0.141770
-0.142014
-0.142259
-0.142505
-0.142751
-0.142997
-0.143244
-0.143491
-0.143739
-0.143987
-0.144236
-0.144485
-0.144734
-0.144984
-0.145234
-0.145485
-0.145736
-0.145988
-0.146240
-0.146492
-0.146745
-0.146999
-0.147252
-0.147507
-0.147762
-0.148017
-0.148272
-0.148528
-0.148785
-0.149042
-0.149299
-0.149557
-0.149816
-0.150074
-0.150334
-0.150593
-0.150854
-0.151114
-0.151375
-0.151637
-0.151899
-0.152161
-0.152424
-0.152688
-0.152952
-0.153216
-0.153481
-0.153746
-0.154012
-0.154278
-0.154545
-0.154812
-0.155080
-0.155348
-0.155616
-0.155885
-0.156155
-0.156425
-0.156695
-0.156966
-0.157238
-0.157510
-0.157782
-0.158055
-0.158329
-0.158603
-0.158877
-0.159152
-0.159427
-0.159703
-0.159979
-0.160256
-0.160534
-0.160811
-0.161090
-0.161369
-0.161648
-0.161928
-0.162208
-0.162489
-0.162770
-0.163052
-0.163334
-0.163617
-0.163901
-0.164184
-0.164469
-0.164754
