0.120000
0.119780
0.119561
0.119342
0.119123
0.118905
0.118687
0.118469
0.118252
0.118035
0.117819
0.117603
0.117387
0.117172
0.116957
0.116742
0.116528
0.116314
0.116101
0.115888
0.115675
0.115463
0.115251
0.115039
0.114828
0.114617
0.114406
0.114196
0.113986
0.113777
0.113568
0.113359
0.113150
0.112942
0.112735
0.112527
0.112320
0.112114
0.111907
0.111701
0.111496
0.111291
0.111086
0.110881
0.110677
0.110473
0.110270
0.110067
0.109864
0.109661
0.109459
0.109257
0.109056
0.108855
0.108654
0.108454
0.108254
0.108054
0.107855
0.107656
0.107457
0.107259
0.107061
0.106863
0.106665
0.106468
0.106272
0.106075
0.105879
0.105684
0.105488
0.105293
0.105099
0.104904
0.104710
0.104516
0.104323
0.104130
0.103937
0.103745
0.103553
0.103361
0.103169
0.102978
0.102788
0.102597
0.102407
0.102217
0.102027
0.101838
0.101649
0.101461
0.101273
0.101085
0.100897
0.100710
0.100523
0.100336
0.100150
0.099964
0.099778
0.099592
0.099407
0.099222
0.099038
0.098854
0.098670
0.098486
0.098303
0.098120
0.097937
0.097755
0.097573
0.097391
0.097210
0.097029
0.096848
0.096667
0.096487
0.096307
0.096127
0.095948
0.095769
0.095590
0.095412
0.095234
0.095056
0.094878
0.094701
0.094524
0.094347
0.094171
0.093995
0.093819
0.093644
0.093468
0.093293
0.093119
0.092945
0.092770
0.092597
0.092423
0.092250
0.092077
0.091905
0.091732
0.091560
0.091388
0.091217
0.091046
0.090875
0.090704
0.090534
0.090364
0.090194
0.090025
0.089855
0.089686
0.089518
0.089349
0.089181
0.089013
0.088846
0.088679
0.088512
0.088345
0.088178
0.088012
0.087846
0.087681
0.087515
0.087350
0.087185
0.087021
0.086857
0.086693
0.086529
0.086365
0.086202
0.086039
0.085877
0.085714
0.085552
0.085390
0.085229
0.085067
0.084906
0.084746
0.084585
0.084425
0.084265
0.084105
0.083946
0.083786
0.083627
0.083469
0.083310
0.083152
0.082994
0.082837
0.082679
0.082522
0.082365
0.082208
0.082052
0.081896
0.081740
0.081584
0.081429
0.081274
0.081119
0.080965
0.080810
0.080656
0.080502
0.080349
0.080195
0.080042
0.079889
0.079737
0.079585
0.079432
0.079281
0.079129
0.078978
0.078827
0.078676
0.078525
0.078375
0.078225
0.078075
0.077925
0.077776
0.077627
0.077478
0.077329
0.077181
0.077032
0.076884
0.076737
0.076589
0.076442
0.076295
0.076148
0.076002
0.075856
0.075710
0.075564
0.075418
0.075273
0.075128
0.074983
0.074838
0.074694
0.074550
0.074406
0.074262
0.074119
0.073976
0.073833
0.073690
0.073547
0.073405
0.073263
0.073121
0.072980
0.072838
0.072697
0.072556
0.072416
0.072275
0.072135
0.071995
0.071855
0.071716
0.071576
0.071437
0.071298
0.071160
0.071021
0.070883
0.070745
0.070607
0.070470
0.070333
0.070196
0.070059
0.069922
0.069786
0.069649
0.069513
0.069378
0.069242
0.069107
0.068972
0.068837
0.068702
0.068568
0.068434
0.068300
0.068166
0.068032
0.067899
0.067766
0.067633
0.067500
0.067367
0.067235
0.067103
0.066971
0.066840
0.066708
0.066577
0.066446
0.066315
0.066184
0.066054
0.065924
0.065794
0.065664
0.065535
0.065405
0.065276
0.065147
0.065019
0.064890
0.064762
0.064634
0.064506
0.064378
0.064251
0.064123
0.063996
0.063869
0.063743
0.063616
0.063490
0.063364
0.063238
0.063113
0.062987
0.062862
0.062737
0.062612
0.062487
0.062363
0.062239
0.062115
0.061991
0.061867
0.061744
0.061621
0.061498
0.061375
0.061252
0.061130
0.061007
0.060885
0.060764
0.060642
0.060520
0.060399
0.060278
0.060157
0.060037
0.059916
0.059796
0.059676
0.059556
0.059436
0.059316
0.059197
0.059078
0.058959
0.058840
0.058722
0.058603
0.058485
0.058367
0.058249
0.058132
0.058014
0.057897
0.057780
0.057663
0.057547
0.057430
0.057314
0.057198
0.057082
0.056966
0.056851
0.056735
0.056620
0.056505
0.056390
0.056276
0.056161
0.056047
0.055933
0.055819
0.055705
0.055592
0.055478
0.055365
0.055252
0.055140
0.055027
0.054915
0.054802
0.054690
0.054578
0.054467
0.054355
0.054244
0.054133
0.054022
0.053911
0.053800
0.053690
0.053579
0.053469
0.053359
0.053250
0.053140
0.053031
0.052922
0.052813
0.052704
0.052595
0.052487
0.052378
0.052270
0.052162
0.052054
0.051947
0.051839
0.051732
0.051625
0.051518
0.051411
0.051304
0.051198
0.051092
0.050986
0.050880
0.050774
0.050669
0.050563
0.050458
0.050353
0.050248
0.050143
0.050039
0.049934
0.049830
0.049726
0.049622
0.049519
0.049415
0.049312
0.049208
0.049105
0.049003
0.048900
0.048797
0.048695
0.048593
0.048491
0.048389
0.048287
0.048186
0.048084
0.047983
0.047882
0.047781
0.047680
0.047580
0.047479
0.047379
0.047279
0.047179
0.047079
0.046980
0.046880
0.046781
0.046682
0.046583
0.046484
0.046386
0.046287
0.046189
0.046091
0.045993
0.045895
0.045797
0.045700
0.045602
0.045505
0.045408
0.045311
0.045215
0.045118
0.045022
0.044925
0.044829
0.044733
0.044638
0.044542
0.044447
0.044351
0.044256
0.044161
0.044066
0.043972
0.043877
0.043783
0.043689
0.043594
0.043501
0.043407
0.043313
0.043220
0.043126
0.043033
0.042940
0.042847
0.042755
0.042662
0.042570
0.042478
0.042386
0.042294
0.042202
0.042110
0.042019
0.041927
0.041836
0.041745
0.041654
0.041563
0.041473
0.041382
0.041292
0.041202
0.041112
0.041022
0.040932
0.040843
0.040754
0.040664
0.040575
0.040486
0.040397
0.040309
0.040220
0.040132
0.040044
0.039955
0.039868
0.039780
0.039692
0.039605
0.039517
0.039430
0.039343
0.039256
0.039169
0.039082
0.038996
0.038910
0.038823
0.038737
0.038651
0.038566
0.038480
0.038394
0.038309
0.038224
0.038139
0.038054
0.037969
0.037884
0.037800
0.037715
0.037631
0.037547
0.037463
0.037379
0.037296
0.037212
0.037129
0.037045
0.036962
0.036879
0.036796
0.036714
0.036631
0.036549
0.036466
0.036384
0.036302
0.036220
0.036139
0.036057
0.035975
0.035894
0.035813
0.035732
0.035651
0.035570
0.035489
0.035409
0.035328
0.035248
0.035168
0.035088
0.035008
0.034929
0.034849
0.034769
0.034690
0.034611
0.034532
0.034453
0.034374
0.034295
0.034217
0.034139
0.034060
0.033982
0.033904
0.033826
0.033749
0.033671
0.033593
0.033516
0.033439
0.033362
0.033285
0.033208
0.033131
0.033055
0.032978
0.032902
0.032826
0.032750
0.032674
0.032598
0.032522
0.032447
0.032371
0.032296
0.032221
0.032146
0.032071
0.031996
0.031922
0.031847
0.031773
0.031698
0.031624
0.031550
0.031476
0.031403
0.031329
0.031256
0.031182
0.031109
0.031036
0.030963
0.030890
0.030817
0.030745
0.030672
0.030600
0.030527
0.030455
0.030383
0.030311
0.030240
0.030168
0.030096
0.030025
0.029954
0.029883
0.029812
0.029741
0.029670
0.029599
0.029529
0.029458
0.029388
0.029318
0.029248
0.029178
0.029108
0.029038
0.028969
0.028899
0.028830
0.028761
0.028692
0.028623
0.028554
0.028485
0.028416
0.028348
0.028280
0.028211
0.028143
0.028075
0.028007
0.027939
0.027872
0.027804
0.027737
0.027670
0.027602
0.027535
0.027468
0.027401
0.027335
0.027268
0.027202
0.027135
0.027069
0.027003
0.026937
0.026871
0.026805
0.026739
0.026674
0.026608
0.026543
0.026478
0.026413
0.026348
0.026283
0.026218
0.026153
0.026089
0.026025
0.025960
0.025896
0.025832
0.025768
0.025704
0.025640
0.025577
0.025513
0.025450
0.025387
0.025323
0.025260
0.025197
0.025135
0.025072
0.025009
0.024947
0.024884
0.024822
0.024760
0.024698
0.024636
0.024574
0.024512
0.024451
0.024389
0.024328
0.024266
0.024205
0.024144
0.024083
0.024022
0.023962
0.023901
0.023841
0.023780
0.023720
0.023660
0.023600
0.023540
0.023480
0.023420
0.023360
0.023301
0.023241
0.023182
0.023123
0.023064
0.023005
0.022946
0.022887
0.022828
0.022770
0.022711
0.022653
0.022595
0.022536
0.022478
0.022420
0.022363
0.022305
0.022247
0.022190
0.022132
0.022075
0.022018
0.021961
0.021904
0.021847
0.021790
0.021733
0.021677
0.021620
0.021564
0.021508
0.021451
0.021395
0.021339
0.021284
0.021228
0.021172
0.021117
0.021061
0.021006
0.020951
0.020896
0.020840
0.020786
0.020731
0.020676
0.020621
0.020567
0.020512
0.020458
0.020404
0.020350
0.020296
0.020242
0.020188
0.020134
0.020081
0.020027
0.019974
0.019920
0.019867
0.019814
0.019761
0.019708
0.019655
0.019603
0.019550
0.019498
0.019445
0.019393
0.019341
0.019288
0.019236
0.019185
0.019133
0.019081
0.019029
0.018978
0.018926
0.018875
0.018824
0.018773
0.018722
0.018671
0.018620
0.018569
0.018518
0.018468
0.018417
0.018367
0.018317
0.018267
0.018216
0.018166
0.018117
0.018067
0.018017
0.017968
0.017918
0.017869
0.017819
0.017770
0.017721
0.017672
0.017623
0.017574
0.017525
0.017477
0.017428
0.017380
0.017331
0.017283
0.017235
0.017187
0.017139
0.017091
0.017043
0.016995
0.016948
0.016900
0.016853
0.016806
0.016758
0.016711
0.016664
0.016617
0.016570
0.016523
0.016477
0.016430
0.016384
0.016337
0.016291
0.016245
0.016198
0.016152
0.016106
0.016061
0.016015
0.015969
0.015924
0.015878
0.015833
0.015787
0.015742
0.015697
0.015652
0.015607
0.015562
0.015517
0.015472
0.015428
0.015383
0.015339
0.015295
0.015250
0.015206
0.015162
0.015118
0.015074
0.015030
0.014987
0.014943
0.014899
0.014856
0.014813
0.014769
0.014726
0.014683
0.014640
0.014597
0.014554
0.014511
0.014469
0.014426
0.014384
0.014341
0.014299
0.014257
0.014215
0.014173
0.014131
0.014089
0.014047
0.014005
0.013963
0.013922
0.013880
0.013839
0.013798
0.013757
0.013715
0.013674
0.013633
0.013593
0.013552
0.013511
0.013470
0.013430
0.013390
0.013349
0.013309
0.013269
0.013229
0.013189
0.013149
0.013109
0.013069
0.013029
0.012990
0.012950
0.012911
0.012871
0.012832
0.012793
0.012754
0.012715
0.012676
0.012637
0.012598
0.012559
0.012521
0.012482
0.012444
0.012405
0.012367
0.012329
0.012291
0.012253
0.012215
0.012177
0.012139
0.012101
0.012064
0.012026
0.011989
0.011951
0.011914
0.011877
0.011839
0.011802
0.011765
0.011728
0.011692
0.011655
0.011618
0.011582
0.011545
0.011509
0.011472
0.011436
0.011400
0.011364
0.011328
0.011292
0.011256
0.011220
0.011184
0.011148
0.011113
0.011077
0.011042
0.011007
0.010971
0.010936
0.010901
0.010866
0.010831
0.010796
0.010761
0.010727
0.010692
0.010657
0.010623
0.010588
0.010554
0.010520
0.010486
0.010451
0.010417
0.010383
0.010350
0.010316
0.010282
0.010248
0.010215
0.010181
0.010148
0.010114
0.010081
0.010048
0.010015
0.009982
0.009949
0.009916
0.009883
0.009850
0.009818
0.009785
0.009752
0.009720
0.009688
0.009655
0.009623
0.009591
0.009559
0.009527
0.009495
0.009463
0.009431
0.009399
0.009368
0.009336
0.009305
0.009273
0.009242
0.009210
0.009179
0.009148
0.009117
0.009086
0.009055
0.009024
0.008993
0.008963
0.008932
0.008902
0.008871
0.008841
0.008810
0.008780
0.008750
0.008720
0.008689
0.008659
0.008630
0.008600
0.008570
0.008540
0.008511
0.008481
0.008451
0.008422
0.008393
0.008363
0.008334
0.008305
0.008276
0.008247
0.008218
0.008189
0.008160
0.008131
0.008103
0.008074
0.008046
0.008017
0.007989
0.007960
0.007932
0.007904
0.007876
0.007848
0.007820
0.007792
0.007764
0.007736
0.007708
0.007681
0.007653
0.007626
0.007598
0.007571
0.007544
0.007516
0.007489
0.007462
0.007435
0.007408
0.007381
0.007354
0.007327
0.007301
0.007274
0.007248
0.007221
0.007195
0.007168
0.007142
0.007116
0.007089
0.007063
0.007037
0.007011
0.006985
0.006959
0.006934
0.006908
0.006882
0.006857
0.006831
0.006806
0.006780
0.006755
0.006730
0.006704
0.006679
0.006654
0.006629
0.006604
0.006579
0.006554
0.006530
0.006505
0.006480
0.006456
0.006431
0.006407
0.006382
0.006358
0.006334
0.006310
0.006286
0.006261
0.006237
0.006214
0.006190
0.006166
0.006142
0.006118
0.006095
0.006071
0.006048
0.006024
0.006001
0.005977
0.005954
0.005931
0.005908
0.005885
0.005862
0.005839
0.005816
0.005793
0.005770
0.005748
0.005725
0.005702
0.005680
0.005657
0.005635
0.005613
0.005590
0.005568
0.005546
0.005524
0.005502
0.005480
0.005458
0.005436
0.005414
0.005392
0.005371
0.005349
0.005327
0.005306
0.005285
0.005263
0.005242
0.005220
0.005199
0.005178
0.005157
0.005136
0.005115
0.005094
0.005073
0.005052
0.005032
0.005011
0.004990
0.004970
0.004949
0.004929
0.004908
0.004888
0.004868
0.004847
0.004827
0.004807
0.004787
0.004767
0.004747
0.004727
0.004707
0.004687
0.004668
0.004648
0.004628
0.004609
0.004589
0.004570
0.004551
0.004531
0.004512
0.004493
0.004473
0.004454
0.004435
0.004416
0.004397
0.004378
0.004360
0.004341
0.004322
0.004303
0.004285
0.004266
0.004248
0.004229
0.004211
0.004192
0.004174
0.004156
0.004138
0.004120
0.004102
0.004083
0.004066
0.004048
0.004030
0.004012
0.003994
0.003976
0.003959
0.003941
0.003924
0.003906
0.003889
0.003871
0.003854
0.003837
0.003819
0.003802
0.003785
0.003768
0.003751
0.003734
0.003717
0.003700
0.003683
0.003667
0.003650
0.003633
0.003617
0.003600
0.003584
0.003567
0.003551
0.003534
0.003518
0.003502
0.003486
0.003469
0.003453
0.003437
0.003421
0.003405
0.003389
0.003374
0.003358
0.003342
0.003326
0.003311
0.003295
0.003280
0.003264
0.003249
0.003233
0.003218
0.003203
0.003187
0.003172
0.003157
0.003142
0.003127
0.003112
0.003097
0.003082
0.003067
0.003052
0.003037
0.003023
0.003008
0.002993
0.002979
0.002964
0.002950
0.002935
0.002921
0.002907
0.002892
0.002878
0.002864
0.002850
0.002836
0.002822
0.002808
0.002794
0.002780
0.002766
0.002752
0.002738
0.002724
0.002711
0.002697
0.002684
0.002670
0.002657
0.002643
0.002630
0.002616
0.002603
0.002590
0.002577
0.002563
0.002550
0.002537
0.002524
0.002511
0.002498
0.002485
0.002472
0.002460
0.002447
0.002434
0.002421
0.002409
0.002396
0.002384
0.002371
0.002359
0.002346
0.002334
0.002322
0.002309
0.002297
0.002285
0.002273
0.002261
0.002248
0.002236
0.002224
0.002213
0.002201
0.002189
0.002177
0.002165
0.002153
0.002142
0.002130
0.002119
0.002107
0.002096
0.002084
0.002073
0.002061
0.002050
0.002039
0.002027
0.002016
0.002005
0.001994
0.001983
0.001972
0.001961
0.001950
0.001939
0.001928
0.001917
0.001906
0.001895
0.001885
0.001874
0.001863
0.001853
0.001842
0.001832
0.001821
0.001811
0.001800
0.001790
0.001780
0.001770
0.001759
0.001749
0.001739
0.001729
0.001719
0.001709
0.001699
0.001689
0.001679
0.001669
0.001659
0.001649
0.001640
0.001630
0.001620
0.001611
0.001601
0.001591
0.001582
0.001572
0.001563
0.001553
0.001544
0.001535
0.001525
0.001516
0.001507
0.001498
0.001489
0.001479
0.001470
0.001461
0.001452
0.001443
0.001434
0.001426
0.001417
0.001408
0.001399
0.001390
0.001382
0.001373
0.001364
0.001356
0.001347
0.001339
0.001330
0.001322
0.001313
0.001305
0.001297
0.001288
0.001280
0.001272
0.001264
0.001255
0.001247
0.001239
0.001231
0.001223
0.001215
0.001207
0.001199
0.001191
0.001184
0.001176
0.001168
0.001160
0.001153
0.001145
0.001137
0.001130
0.001122
0.001114
0.001107
0.001100
0.001092
0.001085
0.001077
0.001070
0.001063
0.001055
0.001048
0.001041
0.001034
0.001027
0.001020
0.001012
0.001005
0.000998
0.000991
0.000985
0.000978
0.000971
0.000964
0.000957
0.000950
0.000944
0.000937
0.000930
0.000924
0.000917
0.000910
0.000904
0.000897
0.000891
0.000884
0.000878
0.000872
0.000865
0.000859
0.000853
0.000846
0.000840
0.000834
0.000828
0.000821
0.000815
0.000809
0.000803
0.000797
0.000791
0.000785
0.000779
0.000773
0.000768
0.000762
0.000756
0.000750
0.000744
0.000739
0.000733
0.000727
0.000722
0.000716
0.000710
0.000705
0.000699
0.000694
0.000688
0.000683
0.000678
0.000672
0.000667
0.000661
0.000656
0.000651
0.000646
0.000641
0.000635
0.000630
0.000625
0.000620
0.000615
0.000610
0.000605
0.000600
0.000595
0.000590
0.000585
0.000580
0.000575
0.000571
0.000566
0.000561
0.000556
0.000552
0.000547
0.000542
0.000538
0.000533
0.000528
0.000524
0.000519
0.000515
0.000510
0.000506
0.000501
0.000497
0.000493
0.000488
0.000484
0.000480
0.000476
0.000471
0.000467
0.000463
0.000459
0.000455
0.000450
0.000446
0.000442
0.000438
0.000434
0.000430
0.000426
0.000422
0.000418
0.000415
0.000411
0.000407
0.000403
0.000399
0.000395
0.000392
0.000388
0.000384
0.000381
0.000377
0.000373
0.000370
0.000366
0.000363
0.000359
0.000355
0.000352
0.000349
0.000345
0.000342
0.000338
0.000335
0.000332
0.000328
0.000325
0.000322
0.000318
0.000315
0.000312
0.000309
0.000306
0.000302
0.000299
0.000296
0.000293
0.000290
0.000287
0.000284
0.000281
0.000278
0.000275
0.000272
0.000269
0.000266
0.000263
0.000260
0.000258
0.000255
0.000252
0.000249
0.000246
0.000244
0.000241
0.000238
0.000236
0.000233
0.000230
0.000228
0.000225
0.000223
0.000220
0.000218
0.000215
0.000213
0.000210
0.000208
0.000205
0.000203
0.000200
0.000198
0.000196
0.000193
0.000191
0.000189
0.000186
0.000184
0.000182
0.000180
0.000177
0.000175
0.000173
0.000171
0.000169
0.000167
0.000165
0.000162
0.000160
0.000158
0.000156
0.000154
0.000152
0.000150
0.000148
0.000146
0.000144
0.000143
0.000141
0.000139
0.000137
0.000135
0.000133
0.000131
0.000130
0.000128
0.000126
0.000124
0.000123
0.000121
0.000119
0.000118
0.000116
0.000114
0.000113
0.000111
0.000109
0.000108
0.000106
0.000105
0.000103
0.000102
0.000100
0.000099
0.000097
0.000096
0.000094
0.000093
0.000091
0.000090
0.000089
0.000087
0.000086
0.000084
0.000083
0.000082
0.000081
0.000079
0.000078
0.000077
0.000075
0.000074
0.000073
0.000072
0.000071
0.000069
0.000068
0.000067
0.000066
0.000065
0.000064
0.000063
0.000061
0.000060
0.000059
0.000058
0.000057
0.000056
0.000055
0.000054
0.000053
0.000052
0.000051
0.000050
0.000049
0.000048
0.000047
0.000047
0.000046
0.000045
0.000044
0.000043
0.000042
0.000041
0.000041
0.000040
0.000039
0.000038
0.000037
0.000037
0.000036
0.000035
0.000034
0.000034
0.000033
0.000032
0.000031
0.000031
0.000030
0.000029
0.000029
0.000028
0.000027
0.000027
0.000026
0.000026
0.000025
0.000024
0.000024
0.000023
0.000023
0.000022
0.000022
0.000021
0.000021
0.000020
0.000020
0.000019
0.000019
0.000018
0.000018
0.000017
0.000017
0.000016
0.000016
0.000015
0.000015
0.000014
0.000014
0.000014
0.000013
0.000013
0.000013
0.000012
0.000012
0.000011
0.000011
0.000011
0.000010
0.000010
0.000010
0.000009
0.000009
0.000009
0.000009
0.000008
0.000008
0.000008
0.000007
0.000007
0.000007
0.000007
0.000006
0.000006
0.000006
0.000006
0.000005
0.000005
0.000005
0.000005
0.000005
0.000004
0.000004
0.000004
0.000004
0.000004
0.000004
0.000003
0.000003
0.000003
0.000003
0.000003
0.000003
0.000003
0.000002
0.000002
0.000002
0.000002
0.000002
0.000002
0.000002
0.000002
0.000002
0.000001
0.000001
0.000001
0.000001
0.000001
0.000001
0.000001
0.000001
0.000001
0.000001
0.000001
0.000001
0.000001
0.000001
0.000001
0.000000
0.000000
0.000000
0.000000
0.000000
0.000000
0.000000
0.000000
0.000000
0.000000
0.000000
0.000000
0.000000
0.000000
0.000000
0.000000
0.000000
0.000000
0.000000
0.000000
0.000000
0.000000
0.000000
0.000000
0.000000
0.000000
0.000000
0.000000
0.000000
0.000000
0.000000
0.000000
0.000000
0.000000
0.000000
-0.000000
-0.000000
-0.000000
-0.000000
-0.000000
-0.000000
-0.000000
-0.000000
-0.000000
-0.000000
-0.000000
-0.000000
-0.000000
-0.000000
-0.000000
-0.000000
-0.000000
-0.000000
-0.000000
-0.000000
-0.000000
-0.000000
-0.000000
-0.000000
-0.000000
-0.000000
-0.000000
-0.000000
-0.000000
-0.000000
-0.000000
-0.000000
-0.000000
-0.000000
-0.000001
-0.000001
-0.000001
-0.000001
-0.000001
-0.000001
-0.000001
-0.000001
-0.000001
-0.000001
-0.000001
-0.000001
-0.000001
-0.000001
-0.000001
-0.000002
-0.000002
-0.000002
-0.000002
-0.000002
-0.000002
-0.000002
-0.000002
-0.000002
-0.000003
-0.000003
-0.000003
-0.000003
-0.000003
-0.000003
-0.000003
-0.000004
-0.000004
-0.000004
-0.000004
-0.000004
-0.000004
-0.000005
-0.000005
-0.000005
-0.000005
-0.000005
-0.000006
-0.000006
-0.000006
-0.000006
-0.000007
-0.000007
-0.000007
-0.000007
-0.000008
-0.000008
-0.000008
-0.000009
-0.000009
-0.000009
-0.000009
-0.000010
-0.000010
-0.000010
-0.000011
-0.000011
-0.000011
-0.000012
-0.000012
-0.000013
-0.000013
-0.000013
-0.000014
-0.000014
-0.000014
-0.000015
-0.000015
-0.000016
-0.000016
-0.000017
-0.000017
-0.000018
-0.000018
-0.000019
-0.000019
-0.000020
-0.000020
-0.000021
-0.000021
-0.000022
-0.000022
-0.000023
-0.000023
-0.000024
-0.000024
-0.000025
-0.000026
-0.000026
-0.000027
-0.000027
-0.000028
-0.000029
-0.000029
-0.000030
-0.000031
-0.000031
-0.000032
-0.000033
-0.000034
-0.000034
-0.000035
-0.000036
-0.000037
-0.000037
-0.000038
-0.000039
-0.000040
-0.000041
-0.000041
-0.000042
-0.000043
-0.000044
-0.000045
-0.000046
-0.000047
-0.000047
-0.000048
-0.000049
-0.000050
-0.000051
-0.000052
-0.000053
-0.000054
-0.000055
-0.000056
-0.000057
-0.000058
-0.000059
-0.000060
-0.000061
-0.000063
-0.000064
-0.000065
-0.000066
-0.000067
-0.000068
-0.000069
-0.000071
-0.000072
-0.000073
-0.000074
-0.000075
-0.000077
-0.000078
-0.000079
-0.000081
-0.000082
-0.000083
-0.000084
-0.000086
-0.000087
-0.000089
-0.000090
-0.000091
-0.000093
-0.000094
-0.000096
-0.000097
-0.000099
-0.000100
-0.000102
-0.000103
-0.000105
-0.000106
-0.000108
-0.000109
-0.000111
-0.000113
-0.000114
-0.000116
-0.000118
-0.000119
-0.000121
-0.000123
-0.000124
-0.000126
-0.000128
-0.000130
-0.000131
-0.000133
-0.000135
-0.000137
-0.000139
-0.000141
-0.000143
-0.000144
-0.000146
-0.000148
-0.000150
-0.000152
-0.000154
-0.000156
-0.000158
-0.000160
-0.000162
-0.000165
-0.000167
-0.000169
-0.000171
-0.000173
-0.000175
-0.000177
-0.000180
-0.000182
-0.000184
-0.000186
-0.000189
-0.000191
-0.000193
-0.000196
-0.000198
-0.000200
-0.000203
-0.000205
-0.000208
-0.000210
-0.000213
-0.000215
-0.000218
-0.000220
-0.000223
-0.000225
-0.000228
-0.000230
-0.000233
-0.000236
-0.000238
-0.000241
-0.000244
-0.000246
-0.000249
-0.000252
-0.000255
-0.000258
-0.000260
-0.000263
-0.000266
-0.000269
-0.000272
-0.000275
-0.000278
-0.000281
-0.000284
-0.000287
-0.000290
-0.000293
-0.000296
-0.000299
-0.000302
-0.000306
-0.000309
-0.000312
-0.000315
-0.000318
-0.000322
-0.000325
-0.000328
-0.000332
-0.000335
-0.000338
-0.000342
-0.000345
-0.000349
-0.000352
-0.000355
-0.000359
-0.000363
-0.000366
-0.000370
-0.000373
-0.000377
-0.000381
-0.000384
-0.000388
-0.000392
-0.000395
-0.000399
-0.000403
-0.000407
-0.000411
-0.000415
-0.000418
-0.000422
-0.000426
-0.000430
-0.000434
-0.000438
-0.000442
-0.000446
-0.000450
-0.000455
-0.000459
-0.000463
-0.000467
-0.000471
-0.000476
-0.000480
-0.000484
-0.000488
-0.000493
-0.000497
-0.000501
-0.000506
-0.000510
-0.000515
-0.000519
-0.000524
-0.000528
-0.000533
-0.000538
-0.000542
-0.000547
-0.000552
-0.000556
-0.000561
-0.000566
-0.000571
-0.000575
-0.000580
-0.000585
-0.000590
-0.000595
-0.000600
-0.000605
-0.000610
-0.000615
-0.000620
-0.000625
-0.000630
-0.000635
-0.000641
-0.000646
-0.000651
-0.000656
-0.000661
-0.000667
-0.000672
-0.000678
-0.000683
-0.000688
-0.000694
-0.000699
-0.000705
-0.000710
-0.000716
-0.000722
-0.000727
-0.000733
-0.000739
-0.000744
-0.000750
-0.000756
-0.000762
-0.000768
-0.000773
-0.000779
-0.000785
-0.000791
-0.000797
-0.000803
-0.000809
-0.000815
-0.000821
-0.000828
-0.000834
-0.000840
-0.000846
-0.000853
-0.000859
-0.000865
-0.000872
-0.000878
-0.000884
-0.000891
-0.000897
-0.000904
-0.000910
-0.000917
-0.000924
-0.000930
-0.000937
-0.000944
-0.000950
-0.000957
-0.000964
-0.000971
-0.000978
-0.000985
-0.000991
-0.000998
-0.001005
-0.001012
-0.001020
-0.001027
-0.001034
-0.001041
-0.001048
-0.001055
-0.001063
-0.001070
-0.001077
-0.001085
-0.001092
-0.001100
-0.001107
-0.001114
-0.001122
-0.001130
-0.001137
-0.001145
-0.001153
-0.001160
-0.001168
-0.001176
-0.001184
-0.001191
-0.001199
-0.001207
-0.001215
-0.001223
-0.001231
-0.001239
-0.001247
-0.001255
-0.001264
-0.001272
-0.001280
-0.001288
-0.001297
-0.001305
-0.001313
-0.001322
-0.001330
-0.001339
-0.001347
-0.001356
-0.001364
-0.001373
-0.001382
-0.001390
-0.001399
-0.001408
-0.001417
-0.001426
-0.001434
-0.001443
-0.001452
-0.001461
-0.001470
-0.001479
-0.001489
-0.001498
-0.001507
-0.001516
-0.001525
-0.001535
-0.001544
-0.001553
-0.001563
-0.001572
-0.001582
-0.001591
-0.001601
-0.001611
-0.001620
-0.001630
-0.001640
-0.001649
-0.001659
-0.001669
-0.001679
-0.001689
-0.001699
-0.001709
-0.001719
-0.001729
-0.001739
-0.001749
-0.001759
-0.001770
-0.001780
-0.001790
-0.001800
-0.001811
-0.001821
-0.001832
-0.001842
-0.001853
-0.001863
-0.001874
-0.001885
-0.001895
-0.001906
-0.001917
-0.001928
-0.001939
-0.001950
-0.001961
-0.001972
-0.001983
-0.001994
-0.002005
-0.002016
-0.002027
-0.002039
-0.002050
-0.002061
-0.002073
-0.002084
-0.002096
-0.002107
-0.002119
-0.002130
-0.002142
-0.002153
-0.002165
-0.002177
-0.002189
-0.002201
-0.002213
-0.002224
-0.002236
-0.002248
-0.002261
-0.002273
-0.002285
-0.002297
-0.002309
-0.002322
-0.002334
-0.002346
-0.002359
-0.002371
-0.002384
-0.002396
-0.002409
-0.002421
-0.002434
-0.002447
-0.002460
-0.002472
-0.002485
-0.002498
-0.002511
-0.002524
-0.002537
-0.002550
-0.002563
-0.002577
-0.002590
-0.002603
-0.002616
-0.002630
-0.002643
-0.002657
-0.002670
-0.002684
-0.002697
-0.002711
-0.002724
-0.002738
-0.002752
-0.002766
-0.002780
-0.002794
-0.002808
-0.002822
-0.002836
-0.002850
-0.002864
-0.002878
-0.002892
-0.002907
-0.002921
-0.002935
-0.002950
-0.002964
-0.002979
-0.002993
-0.003008
-0.003023
-0.003037
-0.003052
-0.003067
-0.003082
-0.003097
-0.003112
-0.003127
-0.003142
-0.003157
-0.003172
-0.003187
-0.003203
-0.003218
-0.003233
-0.003249
-0.003264
-0.003280
-0.003295
-0.003311
-0.003326
-0.003342
-0.003358
-0.003374
-0.003389
-0.003405
-0.003421
-0.003437
-0.003453
-0.003469
-0.003486
-0.003502
-0.003518
-0.003534
-0.003551
-0.003567
-0.003584
-0.003600
-0.003617
-0.003633
-0.003650
-0.003667
-0.003683
-0.003700
-0.003717
-0.003734
-0.003751
-0.003768
-0.003785
-0.003802
-0.003819
-0.003837
-0.003854
-0.003871
-0.003889
-0.003906
-0.003924
-0.003941
-0.003959
-0.003976
-0.003994
-0.004012
-0.004030
-0.004048
-0.004066
-0.004083
-0.004102
-0.004120
-0.004138
-0.004156
-0.004174
-0.004192
-0.004211
-0.004229
-0.004248
-0.004266
-0.004285
-0.004303
-0.004322
-0.004341
-0.004360
-0.004378
-0.004397
-0.004416
-0.004435
-0.004454
-0.004473
-0.004493
-0.004512
-0.004531
-0.004551
-0.004570
-0.004589
-0.004609
-0.004628
-0.004648
-0.004668
-0.004687
-0.004707
-0.004727
-0.004747
-0.004767
-0.004787
-0.004807
-0.004827
-0.004847
-0.004868
-0.004888
-0.004908
-0.004929
-0.004949
-0.004970
-0.004990
-0.005011
-0.005032
-0.005052
-0.005073
-0.005094
-0.005115
-0.005136
-0.005157
-0.005178
-0.005199
-0.005220
-0.005242
-0.005263
-0.005285
-0.005306
-0.005327
-0.005349
-0.005371
-0.005392
-0.005414
-0.005436
-0.005458
-0.005480
-0.005502
-0.005524
-0.005546
-0.005568
-0.005590
-0.005613
-0.005635
-0.005657
-0.005680
-0.005702
-0.005725
-0.005748
-0.005770
-0.005793
-0.005816
-0.005839
-0.005862
-0.005885
-0.005908
-0.005931
-0.005954
-0.005977
-0.006001
-0.006024
-0.006048
-0.006071
-0.006095
-0.006118
-0.006142
-0.006166
-0.006190
-0.006214
-0.006237
-0.006261
-0.006286
-0.006310
-0.006334
-0.006358
-0.006382
-0.006407
-0.006431
-0.006456
-0.006480
-0.006505
-0.006530
-0.006554
-0.006579
-0.006604
-0.006629
-0.006654
-0.006679
-0.006704
-0.006730
-0.006755
-0.006780
-0.006806
-0.006831
-0.006857
-0.006882
-0.006908
-0.006934
-0.006959
-0.006985
-0.007011
-0.007037
-0.007063
-0.007089
-0.007116
-0.007142
-0.007168
-0.007195
-0.007221
-0.007248
-0.007274
-0.007301
-0.007327
-0.007354
-0.007381
-0.007408
-0.007435
-0.007462
-0.007489
-0.007516
-0.007544
-0.007571
-0.007598
-0.007626
-0.007653
-0.007681
-0.007708
-0.007736
-0.007764
-0.007792
-0.007820
-0.007848
-0.007876
-0.007904
-0.007932
-0.007960
-0.007989
-0.008017
-0.008046
-0.008074
-0.008103
-0.008131
-0.008160
-0.008189
-0.008218
-0.008247
-0.008276
-0.008305
-0.008334
-0.008363
-0.008393
-0.008422
-0.008451
-0.008481
-0.008511
-0.008540
-0.008570
-0.008600
-0.008630
-0.008659
-0.008689
-0.008720
-0.008750
-0.008780
-0.008810
-0.008841
-0.008871
-0.008902
-0.008932
-0.008963
-0.008993
-0.009024
-0.009055
-0.009086
-0.009117
-0.009148
-0.009179
-0.009210
-0.009242
-0.009273
-0.009305
-0.009336
-0.009368
-0.009399
-0.009431
-0.009463
-0.009495
-0.009527
-0.009559
-0.009591
-0.009623
-0.009655
-0.009688
-0.009720
-0.009752
-0.009785
-0.009818
-0.009850
-0.009883
-0.009916
-0.009949
-0.009982
-0.010015
-0.010048
-0.010081
-0.010114
-0.010148
-0.010181
-0.010215
-0.010248
-0.010282
-0.010316
-0.010350
-0.010383
-0.010417
-0.010451
-0.010486
-0.010520
-0.010554
-0.010588
-0.010623
-0.010657
-0.010692
-0.010727
-0.010761
-0.010796
-0.010831
-0.010866
-0.010901
-0.010936
-0.010971
-0.011007
-0.011042
-0.011077
-0.011113
-0.011148
-0.011184
-0.011220
-0.011256
-0.011292
-0.011328
-0.011364
-0.011400
-0.011436
-0.011472
-0.011509
-0.011545
-0.011582
-0.011618
-0.011655
-0.011692
-0.011728
-0.011765
-0.011802
-0.011839
-0.011877
-0.011914
-0.011951
-0.011989
-0.012026
-0.012064
-0.012101
-0.012139
-0.012177
-0.012215
-0.012253
-0.012291
-0.012329
-0.012367
-0.012405
-0.012444
-0.012482
-0.012521
-0.012559
-0.012598
-0.012637
-0.012676
-0.012715
-0.012754
-0.012793
-0.012832
-0.012871
-0.012911
-0.012950
-0.012990
-0.013029
-0.013069
-0.013109
-0.013149
-0.013189
-0.013229
-0.013269
-0.013309
-0.013349
-0.013390
-0.013430
-0.013470
-0.013511
-0.013552
-0.013593
-0.013633
-0.013674
-0.013715
-0.013757
-0.013798
-0.013839
-0.013880
-0.013922
-0.013963
-0.014005
-0.014047
-0.014089
-0.014131
-0.014173
-0.014215
-0.014257
-0.014299
-0.014341
-0.014384
-0.014426
-0.014469
-0.014511
-0.014554
-0.014597
-0.014640
-0.014683
-0.014726
-0.014769
-0.014813
-0.014856
-0.014899
-0.014943
-0.014987
-0.015030
-0.015074
-0.015118
-0.015162
-0.015206
-0.015250
-0.015295
-0.015339
-0.015383
-0.015428
-0.015472
-0.015517
-0.015562
-0.015607
-0.015652
-0.015697
-0.015742
-0.015787
-0.015833
-0.015878
-0.015924
-0.015969
-0.016015
-0.016061
-0.016106
-0.016152
-0.016198
-0.016245
-0.016291
-0.016337
-0.016384
-0.016430
-0.016477
-0.016523
-0.016570
-0.016617
-0.016664
-0.016711
-0.016758
-0.016806
-0.016853
-0.016900
-0.016948
-0.016995
-0.017043
-0.017091
-0.017139
-0.017187
-0.017235
-0.017283
-0.017331
-0.017380
-0.017428
-0.017477
-0.017525
-0.017574
-0.017623
-0.017672
-0.017721
-0.017770
-0.017819
-0.017869
-0.017918
-0.017968
-0.018017
-0.018067
-0.018117
-0.018166
-0.018216
-0.018267
-0.018317
-0.018367
-0.018417
-0.018468
-0.018518
-0.018569
-0.018620
-0.018671
-0.018722
-0.018773
-0.018824
-0.018875
-0.018926
-0.018978
-0.019029
-0.019081
-0.019133
-0.019185
-0.019236
-0.019288
-0.019341
-0.019393
-0.019445
-0.019498
-0.019550
-0.019603
-0.019655
-0.019708
-0.019761
-0.019814
-0.019867
-0.019920
-0.019974
-0.020027
-0.020081
-0.020134
-0.020188
-0.020242
-0.020296
-0.020350
-0.020404
-0.020458
-0.020512
-0.020567
-0.020621
-0.020676
-0.020731
-0.020786
-0.020840
-0.020896
-0.020951
-0.021006
-0.021061
-0.021117
-0.021172
-0.021228
-0.021284
-0.021339
-0.021395
-0.021451
-0.021508
-0.021564
-0.021620
-0.021677
-0.021733
-0.021790
-0.021847
-0.021904
-0.021961
-0.022018
-0.022075
-0.022132
-0.022190
-0.022247
-0.022305
-0.022363
-0.022420
-0.022478
-0.022536
-0.022595
-0.022653
-0.022711
-0.022770
-0.022828
-0.022887
-0.022946
-0.023005
-0.023064
-0.023123
-0.023182
-0.023241
-0.023301
-0.023360
-0.023420
-0.023480
-0.023540
-0.023600
-0.023660
-0.023720
-0.023780
-0.023841
-0.023901
-0.023962
-0.024022
-0.024083
-0.024144
-0.024205
-0.024266
-0.024328
-0.024389
-0.024451
-0.024512
-0.024574
-0.024636
-0.024698
-0.024760
-0.024822
-0.024884
-0.024947
-0.025009
-0.025072
-0.025135
-0.025197
-0.025260
-0.025323
-0.025387
-0.025450
-0.025513
-0.025577
-0.025640
-0.025704
-0.025768
-0.025832
-0.025896
-0.025960
-0.026025
-0.026089
-0.026153
-0.026218
-0.026283
-0.026348
-0.026413
-0.026478
-0.026543
-0.026608
-0.026674
-0.026739
-0.026805
-0.026871
-0.026937
-0.027003
-0.027069
-0.027135
-0.027202
-0.027268
-0.027335
-0.027401
-0.027468
-0.027535
-0.027602
-0.027670
-0.027737
-0.027804
-0.027872
-0.027939
-0.028007
-0.028075
-0.028143
-0.028211
-0.028280
-0.028348
-0.028416
-0.028485
-0.028554
-0.028623
-0.028692
-0.028761
-0.028830
-0.028899
-0.028969
-0.029038
-0.029108
-0.029178
-0.029248
-0.029318
-0.029388
-0.029458
-0.029529
-0.029599
-0.029670
-0.029741
-0.029812
-0.029883
-0.029954
-0.030025
-0.030096
-0.030168
-0.030240
-0.030311
-0.030383
-0.030455
-0.030527
-0.030600
-0.030672
-0.030745
-0.030817
-0.030890
-0.030963
-0.031036
-0.031109
-0.031182
-0.031256
-0.031329
-0.031403
-0.031476
-0.031550
-0.031624
-0.031698
-0.031773
-0.031847
-0.031922
-0.031996
-0.032071
-0.032146
-0.032221
-0.032296
-0.032371
-0.032447
-0.032522
-0.032598
-0.032674
-0.032750
-0.032826
-0.032902
-0.032978
-0.033055
-0.033131
-0.033208
-0.033285
-0.033362
-0.033439
-0.033516
-0.033593
-0.033671
-0.033749
-0.033826
-0.033904
-0.033982
-0.034060
-0.034139
-0.034217
-0.034295
-0.034374
-0.034453
-0.034532
-0.034611
-0.034690
-0.034769
-0.034849
-0.034929
-0.035008
-0.035088
-0.035168
-0.035248
-0.035328
-0.035409
-0.035489
-0.035570
-0.035651
-0.035732
-0.035813
-0.035894
-0.035975
-0.036057
-0.036139
-0.036220
-0.036302
-0.036384
-0.036466
-0.036549
-0.036631
-0.036714
-0.036796
-0.036879
-0.036962
-0.037045
-0.037129
-0.037212
-0.037296
-0.037379
-0.037463
-0.037547
-0.037631
-0.037715
-0.037800
-0.037884
-0.037969
-0.038054
-0.038139
-0.038224
-0.038309
-0.038394
-0.038480
-0.038566
-0.038651
-0.038737
-0.038823
-0.038910
-0.038996
-0.039082
-0.039169
-0.039256
-0.039343
-0.039430
-0.039517
-0.039605
-0.039692
-0.039780
-0.039868
-0.039955
-0.040044
-0.040132
-0.040220
-0.040309
-0.040397
-0.040486
-0.040575
-0.040664
-0.040754
-0.040843
-0.040932
-0.041022
-0.041112
-0.041202
-0.041292
-0.041382
-0.041473
-0.041563
-0.041654
-0.041745
-0.041836
-0.041927
-0.042019
-0.042110
-0.042202
-0.042294
-0.042386
-0.042478
-0.042570
-0.042662
-0.042755
-0.042847
-0.042940
-0.043033
-0.043126
-0.043220
-0.043313
-0.043407
-0.043501
-0.043594
-0.043689
-0.043783
-0.043877
-0.043972
-0.044066
-0.044161
-0.044256
-0.044351
-0.044447
-0.044542
-0.044638
-0.044733
-0.044829
-0.044925
-0.045022
-0.045118
-0.045215
-0.045311
-0.045408
-0.045505
-0.045602
-0.045700
-0.045797
-0.045895
-0.045993
-0.046091
-0.046189
-0.046287
-0.046386
-0.046484
-0.046583
-0.046682
-0.046781
-0.046880
-0.046980
-0.047079
-0.047179
-0.047279
-0.047379
-0.047479
-0.047580
-0.047680
-0.047781
-0.047882
-0.047983
-0.048084
-0.048186
-0.048287
-0.048389
-0.048491
-0.048593
-0.048695
-0.048797
-0.048900
-0.049003
-0.049105
-0.049208
-0.049312
-0.049415
-0.049519
-0.049622
-0.049726
-0.049830
-0.049934
-0.050039
-0.050143
-0.050248
-0.050353
-0.050458
-0.050563
-0.050669
-0.050774
-0.050880
-0.050986
-0.051092
-0.051198
-0.051304
-0.051411
-0.051518
-0.051625
-0.051732
-0.051839
-0.051947
-0.052054
-0.052162
-0.052270
-0.052378
-0.052487
-0.052595
-0.052704
-0.052813
-0.052922
-0.053031
-0.053140
-0.053250
-0.053359
-0.053469
-0.053579
-0.053690
-0.053800
-0.053911
-0.054022
-0.054133
-0.054244
-0.054355
-0.054467
-0.054578
-0.054690
-0.054802
-0.054915
-0.055027
-0.055140
-0.055252
-0.055365
-0.055478
-0.055592
-0.055705
-0.055819
-0.055933
-0.056047
-0.056161
-0.056276
-0.056390
-0.056505
-0.056620
-0.056735
-0.056851
-0.056966
-0.057082
-0.057198
-0.057314
-0.057430
-0.057547
-0.057663
-0.057780
-0.057897
-0.058014
-0.058132
-0.058249
-0.058367
-0.058485
-0.058603
-0.058722
-0.058840
-0.058959
-0.059078
-0.059197
-0.059316
-0.059436
-0.059556
-0.059676
-0.059796
-0.059916
-0.060037
-0.060157
-0.060278
-0.060399
-0.060520
-0.060642
-0.060764
-0.060885
-0.061007
-0.061130
-0.061252
-0.061375
-0.061498
-0.061621
-0.061744
-0.061867
-0.061991
-0.062115
-0.062239
-0.062363
-0.062487
-0.062612
-0.062737
-0.062862
-0.062987
-0.063113
-0.063238
-0.063364
-0.063490
-0.063616
-0.063743
-0.063869
-0.063996
-0.064123
-0.064251
-0.064378
-0.064506
-0.064634
-0.064762
-0.064890
-0.065019
-0.065147
-0.065276
-0.065405
-0.065535
-0.065664
-0.065794
-0.065924
-0.066054
-0.066184
-0.066315
-0.066446
-0.066577
-0.066708
-0.066840
-0.066971
-0.067103
-0.067235
-0.067367
-0.067500
-0.067633
-0.067766
-0.067899
-0.068032
-0.068166
-0.068300
-0.068434
-0.068568
-0.068702
-0.068837
-0.068972
-0.069107
-0.069242
-0.069378
-0.069513
-0.069649
-0.069786
-0.069922
-0.070059
-0.070196
-0.070333
-0.070470
-0.070607
-0.070745
-0.070883
-0.071021
-0.071160
-0.071298
-0.071437
-0.071576
-0.071716
-0.071855
-0.071995
-0.072135
-0.072275
-0.072416
-0.072556
-0.072697
-0.072838
-0.072980
-0.073121
-0.073263
-0.073405
-0.073547
-0.073690
-0.073833
-0.073976
-0.074119
-0.074262
-0.074406
-0.074550
-0.074694
-0.074838
-0.074983
-0.075128
-0.075273
-0.075418
-0.075564
-0.075710
-0.075856
-0.076002
-0.076148
-0.076295
-0.076442
-0.076589
-0.076737
-0.076884
-0.077032
-0.077181
-0.077329
-0.077478
-0.077627
-0.077776
-0.077925
-0.078075
-0.078225
-0.078375
-0.078525
-0.078676
-0.078827
-0.078978
-0.079129
-0.079281
-0.079432
-0.079585
-0.079737
-0.079889
-0.080042
-0.080195
-0.080349
-0.080502
-0.080656
-0.080810
-0.080965
-0.081119
-0.081274
-0.081429
-0.081584
-0.081740
-0.081896
-0.082052
-0.082208
-0.082365
-0.082522
-0.082679
-0.082837
-0.082994
-0.083152
-0.083310
-0.083469
-0.083627
-0.083786
-0.083946
-0.084105
-0.084265
-0.084425
-0.084585
-0.084746
-0.084906
-0.085067
-0.085229
-0.085390
-0.085552
-0.085714
-0.085877
-0.086039
-0.086202
-0.086365
-0.086529
-0.086693
-0.086857
-0.087021
-0.087185
-0.087350
-0.087515
-0.087681
-0.087846
-0.088012
-0.088178
-0.088345
-0.088512
-0.088679
-0.088846
-0.089013
-0.089181
-0.089349
-0.089518
-0.089686
-0.089855
-0.090025
-0.090194
-0.090364
-0.090534
-0.090704
-0.090875
-0.091046
-0.091217
-0.091388
-0.091560
-0.091732
-0.091905
-0.092077
-0.092250
-0.092423
-0.092597
-0.092770
-0.092945
-0.093119
-0.093293
-0.093468
-0.093644
-0.093819
-0.093995
-0.094171
-0.094347
-0.094524
-0.094701
-0.094878
-0.095056
-0.095234
-0.095412
-0.095590
-0.095769
-0.095948
-0.096127
-0.096307
-0.096487
-0.096667
-0.096848
-0.097029
-0.097210
-0.097391
-0.097573
-0.097755
-0.097937
-0.098120
-0.098303
-0.098486
-0.098670
-0.098854
-0.099038
-0.099222
-0.099407
-0.099592
-0.099778
-0.099964
-0.100150
-0.100336
-0.100523
-0.100710
-0.100897
-0.101085
-0.101273
-0.101461
-0.101649
-0.101838
-0.102027
-0.102217
-0.102407
-0.102597
-0.102788
-0.102978
-0.103169
-0.103361
-0.103553
-0.103745
-0.103937
-0.104130
-0.104323
-0.104516
-0.104710
-0.104904
-0.105099
-0.105293
-0.105488
-0.105684
-0.105879
-0.106075
-0.106272
-0.106468
-0.106665
-0.106863
-0.107061
-0.107259
-0.107457
-0.107656
-0.107855
-0.108054
-0.108254
-0.108454
-0.108654
-0.108855
-0.109056
-0.109257
-0.109459
-0.109661
-0.109864
-0.110067
-0.110270
-0.110473
-0.110677
-0.110881
-0.111086
-0.111291
-0.111496
-0.111701
-0.111907
-0.112114
-0.112320
-0.112527
-0.112735
-0.112942
-0.113150
-0.113359
-0.113568
-0.113777
-0.113986
-0.114196
-0.114406
-0.114617
-0.114828
-0.115039
-0.115251
-0.115463
-0.115675
-0.115888
-0.116101
-0.116314
-0.116528
-0.116742
-0.116957
-0.117172
-0.117387
-0.117603
-0.117819
-0.118035
-0.118252
-0.118469
-0.118687
-0.118905
-0.119123
-0.119342
-0.119561
-0.119780
