-0.082520
-0.082418
-0.082317
-0.082216
-0.082115
-0.082014
-0.081913
-0.081812
-0.081712
-0.081612
-0.081512
-0.081412
-0.081312
-0.081212
-0.081113
-0.081013
-0.080914
-0.080815
-0.080716
-0.080617
-0.080519
-0.080420
-0.080322
-0.080224
-0.080126
-0.080028
-0.079930
-0.079833
-0.079735
-0.079638
-0.079541
-0.079444
-0.079347
-0.079250
-0.079154
-0.079057
-0.078961
-0.078865
-0.078769
-0.078673
-0.078577
-0.078482
-0.078387
-0.078291
-0.078196
-0.078101
-0.078006
-0.077912
-0.077817
-0.077723
-0.077628
-0.077534
-0.077440
-0.077346
-0.077253
-0.077159
-0.077066
-0.076972
-0.076879
-0.076786
-0.076693
-0.076601
-0.076508
-0.076415
-0.076323
-0.076231
-0.076139
-0.076047
-0.075955
-0.075863
-0.075772
-0.075681
-0.075589
-0.075498
-0.075407
-0.075316
-0.075226
-0.075135
-0.075045
-0.074954
-0.074864
-0.074774
-0.074684
-0.074594
-0.074505
-0.074415
-0.074326
-0.074236
-0.074147
-0.074058
-0.073969
-0.073881
-0.073792
-0.073703
-0.073615
-0.073527
-0.073439
-0.073351
-0.073263
-0.073175
-0.073088
-0.073000
-0.072913
-0.072826
-0.072738
-0.072652
-0.072565
-0.072478
-0.072391
-0.072305
-0.072219
-0.072132
-0.072046
-0.071960
-0.071874
-0.071789
-0.071703
-0.071618
-0.071532
-0.071447
-0.071362
-0.071277
-0.071192
-0.071107
-0.071023
-0.070938
-0.070854
-0.070770
-0.070686
-0.070602
-0.070518
-0.070434
-0.070350
-0.070267
-0.070183
-0.070100
-0.070017
-0.069934
-0.069851
-0.069768
-0.069685
-0.069603
-0.069520
-0.069438
-0.069356
-0.069274
-0.069192
-0.069110
-0.069028
-0.068946
-0.068865
-0.068783
-0.068702
-0.068621
-0.068540
-0.068459
-0.068378
-0.068297
-0.068217
-0.068136
-0.068056
-0.067975
-0.067895
-0.067815
-0.067735
-0.067655
-0.067576
-0.067496
-0.067417
-0.067337
-0.067258
-0.067179
-0.067100
-0.067021
-0.066942
-0.066863
-0.066785
-0.066706
-0.066628
-0.066549
-0.066471
-0.066393
-0.066315
-0.066237
-0.066160
-0.066082
-0.066004
-0.065927
-0.065850
-0.065773
-0.065695
-0.065618
-0.065542
-0.065465
-0.065388
-0.065312
-0.065235
-0.065159
-0.065083
-0.065006
-0.064930
-0.064854
-0.064779
-0.064703
-0.064627
-0.064552
-0.064476
-0.064401
-0.064326
-0.064251
-0.064176
-0.064101
-0.064026
-0.063951
-0.063877
-0.063802
-0.063728
-0.063654
-0.063580
-0.063506
-0.063432
-0.063358
-0.063284
-0.063210
-0.063137
-0.063063
-0.062990
-0.062917
-0.062843
-0.062770
-0.062697
-0.062625
-0.062552
-0.062479
-0.062406
-0.062334
-0.062262
-0.062189
-0.062117
-0.062045
-0.061973
-0.061901
-0.061829
-0.061758
-0.061686
-0.061615
-0.061543
-0.061472
-0.061401
-0.061330
-0.061259
-0.061188
-0.061117
-0.061046
-0.060976
-0.060905
-0.060835
-0.060764
-0.060694
-0.060624
-0.060554
-0.060484
-0.060414
-0.060344
-0.060274
-0.060205
-0.060135
-0.060066
-0.059996
-0.059927
-0.059858
-0.059789
-0.059720
-0.059651
-0.059582
-0.059514
-0.059445
-0.059377
-0.059308
-0.059240
-0.059172
-0.059104
-0.059036
-0.058968
-0.058900
-0.058832
-0.058764
-0.058697
-0.058629
-0.058562
-0.058494
-0.058427
-0.058360
-0.058293
-0.058226
-0.058159
-0.058092
-0.058026
-0.057959
-0.057893
-0.057826
-0.057760
-0.057693
-0.057627
-0.057561
-0.057495
-0.057429
-0.057363
-0.057298
-0.057232
-0.057166
-0.057101
-0.057035
-0.056970
-0.056905
-0.056840
-0.056775
-0.056710
-0.056645
-0.056580
-0.056515
-0.056451
-0.056386
-0.056322
-0.056257
-0.056193
-0.056129
-0.056065
-0.056000
-0.055936
-0.055873
-0.055809
-0.055745
-0.055681
-0.055618
-0.055554
-0.055491
-0.055428
-0.055364
-0.055301
-0.055238
-0.055175
-0.055112
-0.055049
-0.054987
-0.054924
-0.054861
-0.054799
-0.054737
-0.054674
-0.054612
-0.054550
-0.054488
-0.054426
-0.054364
-0.054302
-0.054240
-0.054178
-0.054117
-0.054055
-0.053994
-0.053932
-0.053871
-0.053810
-0.053748
-0.053687
-0.053626
-0.053565
-0.053505
-0.053444
-0.053383
-0.053323
-0.053262
-0.053202
-0.053141
-0.053081
-0.053021
-0.052960
-0.052900
-0.052840
-0.052780
-0.052721
-0.052661
-0.052601
-0.052541
-0.052482
-0.052422
-0.052363
-0.052304
-0.052244
-0.052185
-0.052126
-0.052067
-0.052008
-0.051949
-0.051891
-0.051832
-0.051773
-0.051715
-0.051656
-0.051598
-0.051539
-0.051481
-0.051423
-0.051365
-0.051307
-0.051249
-0.051191
-0.051133
-0.051075
-0.051017
-0.050960
-0.050902
-0.050845
-0.050787
-0.050730
-0.050673
-0.050615
-0.050558
-0.050501
-0.050444
-0.050387
-0.050330
-0.050274
-0.050217
-0.050160
-0.050104
-0.050047
-0.049991
-0.049934
-0.049878
-0.049822
-0.049766
-0.049710
-0.049654
-0.049598
-0.049542
-0.049486
-0.049430
-0.049375
-0.049319
-0.049263
-0.049208
-0.049153
-0.049097
-0.049042
-0.048987
-0.048932
-0.048877
-0.048822
-0.048767
-0.048712
-0.048657
-0.048602
-0.048548
-0.048493
-0.048439
-0.048384
-0.048330
-0.048276
-0.048221
-0.048167
-0.048113
-0.048059
-0.048005
-0.047951
-0.047897
-0.047843
-0.047790
-0.047736
-0.047682
-0.047629
-0.047576
-0.047522
-0.047469
-0.047416
-0.047362
-0.047309
-0.047256
-0.047203
-0.047150
-0.047097
-0.047045
-0.046992
-0.046939
-0.046886
-0.046834
-0.046781
-0.046729
-0.046677
-0.046624
-0.046572
-0.046520
-0.046468
-0.046416
-0.046364
-0.046312
-0.046260
-0.046208
-0.046156
-0.046105
-0.046053
-0.046002
-0.045950
-0.045899
-0.045847
-0.045796
-0.045745
-0.045694
-0.045643
-0.045592
-0.045541
-0.045490
-0.045439
-0.045388
-0.045337
-0.045286
-0.045236
-0.045185
-0.045135
-0.045084
-0.045034
-0.044984
-0.044933
-0.044883
-0.044833
-0.044783
-0.044733
-0.044683
-0.044633
-0.044583
-0.044533
-0.044484
-0.044434
-0.044384
-0.044335
-0.044285
-0.044236
-0.044187
-0.044137
-0.044088
-0.044039
-0.043990
-0.043941
-0.043892
-0.043843
-0.043794
-0.043745
-0.043696
-0.043647
-0.043599
-0.043550
-0.043502
-0.043453
-0.043405
-0.043356
-0.043308
-0.043260
-0.043212
-0.043163
-0.043115
-0.043067
-0.043019
-0.042971
-0.042923
-0.042876
-0.042828
-0.042780
-0.042733
-0.042685
-0.042637
-0.042590
-0.042543
-0.042495
-0.042448
-0.042401
-0.042353
-0.042306
-0.042259
-0.042212
-0.042165
-0.042118
-0.042071
-0.042025
-0.041978
-0.041931
-0.041885
-0.041838
-0.041791
-0.041745
-0.041699
-0.041652
-0.041606
-0.041560
-0.041513
-0.041467
-0.041421
-0.041375
-0.041329
-0.041283
-0.041237
-0.041192
-0.041146
-0.041100
-0.041054
-0.041009
-0.040963
-0.040918
-0.040872
-0.040827
-0.040781
-0.040736
-0.040691
-0.040646
-0.040601
-0.040556
-0.040511
-0.040466
-0.040421
-0.040376
-0.040331
-0.040286
-0.040241
-0.040197
-0.040152
-0.040108
-0.040063
-0.040019
-0.039974
-0.039930
-0.039886
-0.039841
-0.039797
-0.039753
-0.039709
-0.039665
-0.039621
-0.039577
-0.039533
-0.039489
-0.039445
-0.039402
-0.039358
-0.039314
-0.039271
-0.039227
-0.039184
-0.039140
-0.039097
-0.039054
-0.039010
-0.038967
-0.038924
-0.038881
-0.038838
-0.038795
-0.038752
-0.038709
-0.038666
-0.038623
-0.038580
-0.038538
-0.038495
-0.038452
-0.038410
-0.038367
-0.038325
-0.038282
-0.038240
-0.038197
-0.038155
-0.038113
-0.038071
-0.038029
-0.037987
-0.037944
-0.037902
-0.037861
-0.037819
-0.037777
-0.037735
-0.037693
-0.037651
-0.037610
-0.037568
-0.037527
-0.037485
-0.037444
-0.037402
-0.037361
-0.037320
-0.037278
-0.037237
-0.037196
-0.037155
-0.037114
-0.037073
-0.037032
-0.036991
-0.036950
-0.036909
-0.036868
-0.036827
-0.036787
-0.036746
-0.036705
-0.036665
-0.036624
-0.036584
-0.036543
-0.036503
-0.036463
-0.036422
-0.036382
-0.036342
-0.036302
-0.036262
-0.036222
-0.036182
-0.036142
-0.036102
-0.036062
-0.036022
-0.035982
-0.035943
-0.035903
-0.035863
-0.035824
-0.035784
-0.035745
-0.035705
-0.035666
-0.035626
-0.035587
-0.035548
-0.035509
-0.035469
-0.035430
-0.035391
-0.035352
-0.035313
-0.035274
-0.035235
-0.035196
-0.035157
-0.035119
-0.035080
-0.035041
-0.035003
-0.034964
-0.034925
-0.034887
-0.034848
-0.034810
-0.034772
-0.034733
-0.034695
-0.034657
-0.034618
-0.034580
-0.034542
-0.034504
-0.034466
-0.034428
-0.034390
-0.034352
-0.034314
-0.034277
-0.034239
-0.034201
-0.034163
-0.034126
-0.034088
-0.034051
-0.034013
-0.033976
-0.033938
-0.033901
-0.033863
-0.033826
-0.033789
-0.033752
-0.033715
-0.033677
-0.033640
-0.033603
-0.033566
-0.033529
-0.033492
-0.033456
-0.033419
-0.033382
-0.033345
-0.033309
-0.033272
-0.033235
-0.033199
-0.033162
-0.033126
-0.033089
-0.033053
-0.033016
-0.032980
-0.032944
-0.032908
-0.032871
-0.032835
-0.032799
-0.032763
-0.032727
-0.032691
-0.032655
-0.032619
-0.032583
-0.032548
-0.032512
-0.032476
-0.032440
-0.032405
-0.032369
-0.032333
-0.032298
-0.032262
-0.032227
-0.032192
-0.032156
-0.032121
-0.032086
-0.032050
-0.032015
-0.031980
-0.031945
-0.031910
-0.031875
-0.031840
-0.031805
-0.031770
-0.031735
-0.031700
-0.031665
-0.031631
-0.031596
-0.031561
-0.031527
-0.031492
-0.031457
-0.031423
-0.031388
-0.031354
-0.031320
-0.031285
-0.031251
-0.031217
-0.031182
-0.031148
-0.031114
-0.031080
-0.031046
-0.031012
-0.030978
-0.030944
-0.030910
-0.030876
-0.030842
-0.030808
-0.030775
-0.030741
-0.030707
-0.030673
-0.030640
-0.030606
-0.030573
-0.030539
-0.030506
-0.030472
-0.030439
-0.030406
-0.030372
-0.030339
-0.030306
-0.030273
-0.030240
-0.030206
-0.030173
-0.030140
-0.030107
-0.030074
-0.030042
-0.030009
-0.029976
-0.029943
-0.029910
-0.029878
-0.029845
-0.029812
-0.029780
-0.029747
-0.029715
-0.029682
-0.029650
-0.029617
-0.029585
-0.029552
-0.029520
-0.029488
-0.029456
-0.029424
-0.029391
-0.029359
-0.029327
-0.029295
-0.029263
-0.029231
-0.029199
-0.029167
-0.029136
-0.029104
-0.029072
-0.029040
-0.029009
-0.028977
-0.028945
-0.028914
-0.028882
-0.028851
-0.028819
-0.028788
-0.028756
-0.028725
-0.028694
-0.028662
-0.028631
-0.028600
-0.028569
-0.028538
-0.028506
-0.028475
-0.028444
-0.028413
-0.028382
-0.028351
-0.028321
-0.028290
-0.028259
-0.028228
-0.028197
-0.028167
-0.028136
-0.028105
-0.028075
-0.028044
-0.028014
-0.027983
-0.027953
-0.027922
-0.027892
-0.027862
-0.027831
-0.027801
-0.027771
-0.027741
-0.027711
-0.027681
-0.027650
-0.027620
-0.027590
-0.027560
-0.027530
-0.027501
-0.027471
-0.027441
-0.027411
-0.027381
-0.027352
-0.027322
-0.027292
-0.027263
-0.027233
-0.027204
-0.027174
-0.027145
-0.027115
-0.027086
-0.027056
-0.027027
-0.026998
-0.026968
-0.026939
-0.026910
-0.026881
-0.026852
-0.026823
-0.026794
-0.026765
-0.026736
-0.026707
-0.026678
-0.026649
-0.026620
-0.026591
-0.026562
-0.026534
-0.026505
-0.026476
-0.026448
-0.026419
-0.026391
-0.026362
-0.026334
-0.026305
-0.026277
-0.026248
-0.026220
-0.026192
-0.026163
-0.026135
-0.026107
-0.026079
-0.026051
-0.026023
-0.025994
-0.025966
-0.025938
-0.025910
-0.025883
-0.025855
-0.025827
-0.025799
-0.025771
-0.025743
-0.025716
-0.025688
-0.025660
-0.025633
-0.025605
-0.025578
-0.025550
-0.025522
-0.025495
-0.025468
-0.025440
-0.025413
-0.025386
-0.025358
-0.025331
-0.025304
-0.025277
-0.025249
-0.025222
-0.025195
-0.025168
-0.025141
-0.025114
-0.025087
-0.025060
-0.025033
-0.025007
-0.024980
-0.024953
-0.024926
-0.024900
-0.024873
-0.024846
-0.024820
-0.024793
-0.024767
-0.024740
-0.024714
-0.024687
-0.024661
-0.024634
-0.024608
-0.024582
-0.024555
-0.024529
-0.024503
-0.024477
-0.024451
-0.024424
-0.024398
-0.024372
-0.024346
-0.024320
-0.024294
-0.024269
-0.024243
-0.024217
-0.024191
-0.024165
-0.024139
-0.024114
-0.024088
-0.024062
-0.024037
-0.024011
-0.023986
-0.023960
-0.023935
-0.023909
-0.023884
-0.023858
-0.023833
-0.023808
-0.023782
-0.023757
-0.023732
-0.023707
-0.023682
-0.023656
-0.023631
-0.023606
-0.023581
-0.023556
-0.023531
-0.023506
-0.023482
-0.023457
-0.023432
-0.023407
-0.023382
-0.023358
-0.023333
-0.023308
-0.023284
-0.023259
-0.023234
-0.023210
-0.023185
-0.023161
-0.023136
-0.023112
-0.023088
-0.023063
-0.023039
-0.023015
-0.022990
-0.022966
-0.022942
-0.022918
-0.022894
-0.022870
-0.022845
-0.022821
-0.022797
-0.022774
-0.022750
-0.022726
-0.022702
-0.022678
-0.022654
-0.022630
-0.022607
-0.022583
-0.022559
-0.022536
-0.022512
-0.022488
-0.022465
-0.022441
-0.022418
-0.022394
-0.022371
-0.022348
-0.022324
-0.022301
-0.022278
-0.022254
-0.022231
-0.022208
-0.022185
-0.022162
-0.022138
-0.022115
-0.022092
-0.022069
-0.022046
-0.022023
-0.022000
-0.021978
-0.021955
-0.021932
-0.021909
-0.021886
-0.021864
-0.021841
-0.021818
-0.021796
-0.021773
-0.021750
-0.021728
-0.021705
-0.021683
-0.021660
-0.021638
-0.021615
-0.021593
-0.021571
-0.021549
-0.021526
-0.021504
-0.021482
-0.021460
-0.021437
-0.021415
-0.021393
-0.021371
-0.021349
-0.021327
-0.021305
-0.021283
-0.021261
-0.021240
-0.021218
-0.021196
-0.021174
-0.021152
-0.021131
-0.021109
-0.021087
-0.021066
-0.021044
-0.021023
-0.021001
-0.020980
-0.020958
-0.020937
-0.020915
-0.020894
-0.020873
-0.020851
-0.020830
-0.020809
-0.020787
-0.020766
-0.020745
-0.020724
-0.020703
-0.020682
-0.020661
-0.020640
-0.020619
-0.020598
-0.020577
-0.020556
-0.020535
-0.020514
-0.020493
-0.020473
-0.020452
-0.020431
-0.020411
-0.020390
-0.020369
-0.020349
-0.020328
-0.020308
-0.020287
-0.020267
-0.020246
-0.020226
-0.020205
-0.020185
-0.020165
-0.020145
-0.020124
-0.020104
-0.020084
-0.020064
-0.020044
-0.020023
-0.020003
-0.019983
-0.019963
-0.019943
-0.019923
-0.019903
-0.019884
-0.019864
-0.019844
-0.019824
-0.019804
-0.019785
-0.019765
-0.019745
-0.019725
-0.019706
-0.019686
-0.019667
-0.019647
-0.019628
-0.019608
-0.019589
-0.019569
-0.019550
-0.019531
-0.019511
-0.019492
-0.019473
-0.019453
-0.019434
-0.019415
-0.019396
-0.019377
-0.019358
-0.019339
-0.019320
-0.019301
-0.019282
-0.019263
-0.019244
-0.019225
-0.019206
-0.019187
-0.019168
-0.019150
-0.019131
-0.019112
-0.019094
-0.019075
-0.019056
-0.019038
-0.019019
-0.019001
-0.018982
-0.018964
-0.018945
-0.018927
-0.018908
-0.018890
-0.018872
-0.018853
-0.018835
-0.018817
-0.018799
-0.018780
-0.018762
-0.018744
-0.018726
-0.018708
-0.018690
-0.018672
-0.018654
-0.018636
-0.018618
-0.018600
-0.018582
-0.018565
-0.018547
-0.018529
-0.018511
-0.018494
-0.018476
-0.018458
-0.018441
-0.018423
-0.018405
-0.018388
-0.018370
-0.018353
-0.018335
-0.018318
-0.018301
-0.018283
-0.018266
-0.018249
-0.018231
-0.018214
-0.018197
-0.018180
-0.018163
-0.018145
-0.018128
-0.018111
-0.018094
-0.018077
-0.018060
-0.018043
-0.018026
-0.018009
-0.017993
-0.017976
-0.017959
-0.017942
-0.017925
-0.017909
-0.017892
-0.017875
-0.017859
-0.017842
-0.017825
-0.017809
-0.017792
-0.017776
-0.017759
-0.017743
-0.017726
-0.017710
-0.017694
-0.017677
-0.017661
-0.017645
-0.017629
-0.017612
-0.017596
-0.017580
-0.017564
-0.017548
-0.017532
-0.017516
-0.017500
-0.017484
-0.017468
-0.017452
-0.017436
-0.017420
-0.017404
-0.017388
-0.017373
-0.017357
-0.017341
-0.017325
-0.017310
-0.017294
-0.017278
-0.017263
-0.017247
-0.017232
-0.017216
-0.017201
-0.017185
-0.017170
-0.017155
-0.017139
-0.017124
-0.017109
-0.017093
-0.017078
-0.017063
-0.017048
-0.017033
-0.017017
-0.017002
-0.016987
-0.016972
-0.016957
-0.016942
-0.016927
-0.016912
-0.016897
-0.016882
-0.016868
-0.016853
-0.016838
-0.016823
-0.016809
-0.016794
-0.016779
-0.016764
-0.016750
-0.016735
-0.016721
-0.016706
-0.016692
-0.016677
-0.016663
-0.016648
-0.016634
-0.016619
-0.016605
-0.016591
-0.016577
-0.016562
-0.016548
-0.016534
-0.016520
-0.016506
-0.016491
-0.016477
-0.016463
-0.016449
-0.016435
-0.016421
-0.016407
-0.016393
-0.016379
-0.016366
-0.016352
-0.016338
-0.016324
-0.016310
-0.016297
-0.016283
-0.016269
-0.016256
-0.016242
-0.016228
-0.016215
-0.016201
-0.016188
-0.016174
-0.016161
-0.016148
-0.016134
-0.016121
-0.016107
-0.016094
-0.016081
-0.016068
-0.016054
-0.016041
-0.016028
-0.016015
-0.016002
-0.015989
-0.015976
-0.015963
-0.015950
-0.015937
-0.015924
-0.015911
-0.015898
-0.015885
-0.015872
-0.015859
-0.015847
-0.015834
-0.015821
-0.015808
-0.015796
-0.015783
-0.015770
-0.015758
-0.015745
-0.015733
-0.015720
-0.015708
-0.015695
-0.015683
-0.015671
-0.015658
-0.015646
-0.015634
-0.015621
-0.015609
-0.015597
-0.015585
-0.015572
-0.015560
-0.015548
-0.015536
-0.015524
-0.015512
-0.015500
-0.015488
-0.015476
-0.015464
-0.015452
-0.015440
-0.015428
-0.015417
-0.015405
-0.015393
-0.015381
-0.015370
-0.015358
-0.015346
-0.015335
-0.015323
-0.015312
-0.015300
-0.015288
-0.015277
-0.015266
-0.015254
-0.015243
-0.015231
-0.015220
-0.015209
-0.015197
-0.015186
-0.015175
-0.015164
-0.015152
-0.015141
-0.015130
-0.015119
-0.015108
-0.015097
-0.015086
-0.015075
-0.015064
-0.015053
-0.015042
-0.015031
-0.015020
-0.015010
-0.014999
-0.014988
-0.014977
-0.014967
-0.014956
-0.014945
-0.014935
-0.014924
-0.014913
-0.014903
-0.014892
-0.014882
-0.014871
-0.014861
-0.014850
-0.014840
-0.014830
-0.014819
-0.014809
-0.014799
-0.014789
-0.014778
-0.014768
-0.014758
-0.014748
-0.014738
-0.014728
-0.014717
-0.014707
-0.014697
-0.014687
-0.014678
-0.014668
-0.014658
-0.014648
-0.014638
-0.014628
-0.014618
-0.014609
-0.014599
-0.014589
-0.014579
-0.014570
-0.014560
-0.014551
-0.014541
-0.014531
-0.014522
-0.014512
-0.014503
-0.014494
-0.014484
-0.014475
-0.014465
-0.014456
-0.014447
-0.014437
-0.014428
-0.014419
-0.014410
-0.014401
-0.014391
-0.014382
-0.014373
-0.014364
-0.014355
-0.014346
-0.014337
-0.014328
-0.014319
-0.014310
-0.014302
-0.014293
-0.014284
-0.014275
-0.014266
-0.014258
-0.014249
-0.014240
-0.014231
-0.014223
-0.014214
-0.014206
-0.014197
-0.014189
-0.014180
-0.014172
-0.014163
-0.014155
-0.014146
-0.014138
-0.014130
-0.014121
-0.014113
-0.014105
-0.014097
-0.014088
-0.014080
-0.014072
-0.014064
-0.014056
-0.014048
-0.014040
-0.014032
-0.014024
-0.014016
-0.014008
-0.014000
-0.013992
-0.013984
-0.013977
-0.013969
-0.013961
-0.013953
-0.013946
-0.013938
-0.013930
-0.013923
-0.013915
-0.013907
-0.013900
-0.013892
-0.013885
-0.013877
-0.013870
-0.013862
-0.013855
-0.013848
-0.013840
-0.013833
-0.013826
-0.013818
-0.013811
-0.013804
-0.013797
-0.013790
-0.013783
-0.013775
-0.013768
-0.013761
-0.013754
-0.013747
-0.013740
-0.013733
-0.013727
-0.013720
-0.013713
-0.013706
-0.013699
-0.013692
-0.013686
-0.013679
-0.013672
-0.013666
-0.013659
-0.013652
-0.013646
-0.013639
-0.013633
-0.013626
-0.013620
-0.013613
-0.013607
-0.013600
-0.013594
-0.013588
-0.013581
-0.013575
-0.013569
-0.013562
-0.013556
-0.013550
-0.013544
-0.013538
-0.013532
-0.013526
-0.013520
-0.013514
-0.013508
-0.013502
-0.013496
-0.013490
-0.013484
-0.013478
-0.013472
-0.013466
-0.013460
-0.013455
-0.013449
-0.013443
-0.013438
-0.013432
-0.013426
-0.013421
-0.013415
-0.013410
-0.013404
-0.013399
-0.013393
-0.013388
-0.013382
-0.013377
-0.013371
-0.013366
-0.013361
-0.013356
-0.013350
-0.013345
-0.013340
-0.013335
-0.013330
-0.013324
-0.013319
-0.013314
-0.013309
-0.013304
-0.013299
-0.013294
-0.013289
-0.013284
-0.013280
-0.013275
-0.013270
-0.013265
-0.013260
-0.013256
-0.013251
-0.013246
-0.013241
-0.013237
-0.013232
-0.013228
-0.013223
-0.013218
-0.013214
-0.013209
-0.013205
-0.013201
-0.013196
-0.013192
-0.013187
-0.013183
-0.013179
-0.013175
-0.013170
-0.013166
-0.013162
-0.013158
-0.013154
-0.013149
-0.013145
-0.013141
-0.013137
-0.013133
-0.013129
-0.013125
-0.013121
-0.013118
-0.013114
-0.013110
-0.013106
-0.013102
-0.013098
-0.013095
-0.013091
-0.013087
-0.013084
-0.013080
-0.013076
-0.013073
-0.013069
-0.013066
-0.013062
-0.013059
-0.013055
-0.013052
-0.013048
-0.013045
-0.013042
-0.013038
-0.013035
-0.013032
-0.013029
-0.013025
-0.013022
-0.013019
-0.013016
-0.013013
-0.013010
-0.013007
-0.013004
-0.013001
-0.012998
-0.012995
-0.012992
-0.012989
-0.012986
-0.012983
-0.012980
-0.012978
-0.012975
-0.012972
-0.012969
-0.012967
-0.012964
-0.012961
-0.012959
-0.012956
-0.012954
-0.012951
-0.012949
-0.012946
-0.012944
-0.012941
-0.012939
-0.012937
-0.012934
-0.012932
-0.012930
-0.012927
-0.012925
-0.012923
-0.012921
-0.012919
-0.012917
-0.012914
-0.012912
-0.012910
-0.012908
-0.012906
-0.012904
-0.012902
-0.012900
-0.012899
-0.012897
-0.012895
-0.012893
-0.012891
-0.012890
-0.012888
-0.012886
-0.012884
-0.012883
-0.012881
-0.012880
-0.012878
-0.012876
-0.012875
-0.012873
-0.012872
-0.012871
-0.012869
-0.012868
-0.012866
-0.012865
-0.012864
-0.012862
-0.012861
-0.012860
-0.012859
-0.012858
-0.012856
-0.012855
-0.012854
-0.012853
-0.012852
-0.012851
-0.012850
-0.012849
-0.012848
-0.012847
-0.012846
-0.012846
-0.012845
-0.012844
-0.012843
-0.012842
-0.012842
-0.012841
-0.012840
-0.012840
-0.012839
-0.012838
-0.012838
-0.012837
-0.012837
-0.012836
-0.012836
-0.012835
-0.012835
-0.012835
-0.012834
-0.012834
-0.012834
-0.012833
-0.012833
-0.012833
-0.012833
-0.012833
-0.012832
-0.012832
-0.012832
-0.012832
-0.012832
-0.012832
-0.012832
-0.012832
-0.012832
-0.012832
-0.012832
-0.012833
-0.012833
-0.012833
-0.012833
-0.012833
-0.012834
-0.012834
-0.012834
-0.012835
-0.012835
-0.012835
-0.012836
-0.012836
-0.012837
-0.012837
-0.012838
-0.012838
-0.012839
-0.012840
-0.012840
-0.012841
-0.012842
-0.012842
-0.012843
-0.012844
-0.012845
-0.012846
-0.012846
-0.012847
-0.012848
-0.012849
-0.012850
-0.012851
-0.012852
-0.012853
-0.012854
-0.012855
-0.012856
-0.012858
-0.012859
-0.012860
-0.012861
-0.012862
-0.012864
-0.012865
-0.012866
-0.012868
-0.012869
-0.012871
-0.012872
-0.012873
-0.012875
-0.012876
-0.012878
-0.012880
-0.012881
-0.012883
-0.012884
-0.012886
-0.012888
-0.012890
-0.012891
-0.012893
-0.012895
-0.012897
-0.012899
-0.012900
-0.012902
-0.012904
-0.012906
-0.012908
-0.012910
-0.012912
-0.012914
-0.012917
-0.012919
-0.012921
-0.012923
-0.012925
-0.012927
-0.012930
-0.012932
-0.012934
-0.012937
-0.012939
-0.012941
-0.012944
-0.012946
-0.012949
-0.012951
-0.012954
-0.012956
-0.012959
-0.012961
-0.012964
-0.012967
-0.012969
-0.012972
-0.012975
-0.012978
-0.012980
-0.012983
-0.012986
-0.012989
-0.012992
-0.012995
-0.012998
-0.013001
-0.013004
-0.013007
-0.013010
-0.013013
-0.013016
-0.013019
-0.013022
-0.013025
-0.013029
-0.013032
-0.013035
-0.013038
-0.013042
-0.013045
-0.013048
-0.013052
-0.013055
-0.013059
-0.013062
-0.013066
-0.013069
-0.013073
-0.013076
-0.013080
-0.013084
-0.013087
-0.013091
-0.013095
-0.013098
-0.013102
-0.013106
-0.013110
-0.013114
-0.013118
-0.013121
-0.013125
-0.013129
-0.013133
-0.013137
-0.013141
-0.013145
-0.013149
-0.013154
-0.013158
-0.013162
-0.013166
-0.013170
-0.013175
-0.013179
-0.013183
-0.013187
-0.013192
-0.013196
-0.013201
-0.013205
-0.013209
-0.013214
-0.013218
-0.013223
-0.013228
-0.013232
-0.013237
-0.013241
-0.013246
-0.013251
-0.013256
-0.013260
-0.013265
-0.013270
-0.013275
-0.013280
-0.013284
-0.013289
-0.013294
-0.013299
-0.013304
-0.013309
-0.013314
-0.013319
-0.013324
-0.013330
-0.013335
-0.013340
-0.013345
-0.013350
-0.013356
-0.013361
-0.013366
-0.013371
-0.013377
-0.013382
-0.013388
-0.013393
-0.013399
-0.013404
-0.013410
-0.013415
-0.013421
-0.013426
-0.013432
-0.013438
-0.013443
-0.013449
-0.013455
-0.013460
-0.013466
-0.013472
-0.013478
-0.013484
-0.013490
-0.013496
-0.013502
-0.013508
-0.013514
-0.013520
-0.013526
-0.013532
-0.013538
-0.013544
-0.013550
-0.013556
-0.013562
-0.013569
-0.013575
-0.013581
-0.013588
-0.013594
-0.013600
-0.013607
-0.013613
-0.013620
-0.013626
-0.013633
-0.013639
-0.013646
-0.013652
-0.013659
-0.013666
-0.013672
-0.013679
-0.013686
-0.013692
-0.013699
-0.013706
-0.013713
-0.013720
-0.013727
-0.013733
-0.013740
-0.013747
-0.013754
-0.013761
-0.013768
-0.013775
-0.013783
-0.013790
-0.013797
-0.013804
-0.013811
-0.013818
-0.013826
-0.013833
-0.013840
-0.013848
-0.013855
-0.013862
-0.013870
-0.013877
-0.013885
-0.013892
-0.013900
-0.013907
-0.013915
-0.013923
-0.013930
-0.013938
-0.013946
-0.013953
-0.013961
-0.013969
-0.013977
-0.013984
-0.013992
-0.014000
-0.014008
-0.014016
-0.014024
-0.014032
-0.014040
-0.014048
-0.014056
-0.014064
-0.014072
-0.014080
-0.014088
-0.014097
-0.014105
-0.014113
-0.014121
-0.014130
-0.014138
-0.014146
-0.014155
-0.014163
-0.014172
-0.014180
-0.014189
-0.014197
-0.014206
-0.014214
-0.014223
-0.014231
-0.014240
-0.014249
-0.014258
-0.014266
-0.014275
-0.014284
-0.014293
-0.014302
-0.014310
-0.014319
-0.014328
-0.014337
-0.014346
-0.014355
-0.014364
-0.014373
-0.014382
-0.014391
-0.014401
-0.014410
-0.014419
-0.014428
-0.014437
-0.014447
-0.014456
-0.014465
-0.014475
-0.014484
-0.014494
-0.014503
-0.014512
-0.014522
-0.014531
-0.014541
-0.014551
-0.014560
-0.014570
-0.014579
-0.014589
-0.014599
-0.014609
-0.014618
-0.014628
-0.014638
-0.014648
-0.014658
-0.014668
-0.014678
-0.014687
-0.014697
-0.014707
-0.014717
-0.014728
-0.014738
-0.014748
-0.014758
-0.014768
-0.014778
-0.014789
-0.014799
-0.014809
-0.014819
-0.014830
-0.014840
-0.014850
-0.014861
-0.014871
-0.014882
-0.014892
-0.014903
-0.014913
-0.014924
-0.014935
-0.014945
-0.014956
-0.014967
-0.014977
-0.014988
-0.014999
-0.015010
-0.015020
-0.015031
-0.015042
-0.015053
-0.015064
-0.015075
-0.015086
-0.015097
-0.015108
-0.015119
-0.015130
-0.015141
-0.015152
-0.015164
-0.015175
-0.015186
-0.015197
-0.015209
-0.015220
-0.015231
-0.015243
-0.015254
-0.015266
-0.015277
-0.015288
-0.015300
-0.015312
-0.015323
-0.015335
-0.015346
-0.015358
-0.015370
-0.015381
-0.015393
-0.015405
-0.015417
-0.015428
-0.015440
-0.015452
-0.015464
-0.015476
-0.015488
-0.015500
-0.015512
-0.015524
-0.015536
-0.015548
-0.015560
-0.015572
-0.015585
-0.015597
-0.015609
-0.015621
-0.015634
-0.015646
-0.015658
-0.015671
-0.015683
-0.015695
-0.015708
-0.015720
-0.015733
-0.015745
-0.015758
-0.015770
-0.015783
-0.015796
-0.015808
-0.015821
-0.015834
-0.015847
-0.015859
-0.015872
-0.015885
-0.015898
-0.015911
-0.015924
-0.015937
-0.015950
-0.015963
-0.015976
-0.015989
-0.016002
-0.016015
-0.016028
-0.016041
-0.016054
-0.016068
-0.016081
-0.016094
-0.016107
-0.016121
-0.016134
-0.016148
-0.016161
-0.016174
-0.016188
-0.016201
-0.016215
-0.016228
-0.016242
-0.016256
-0.016269
-0.016283
-0.016297
-0.016310
-0.016324
-0.016338
-0.016352
-0.016366
-0.016379
-0.016393
-0.016407
-0.016421
-0.016435
-0.016449
-0.016463
-0.016477
-0.016491
-0.016506
-0.016520
-0.016534
-0.016548
-0.016562
-0.016577
-0.016591
-0.016605
-0.016619
-0.016634
-0.016648
-0.016663
-0.016677
-0.016692
-0.016706
-0.016721
-0.016735
-0.016750
-0.016764
-0.016779
-0.016794
-0.016809
-0.016823
-0.016838
-0.016853
-0.016868
-0.016882
-0.016897
-0.016912
-0.016927
-0.016942
-0.016957
-0.016972
-0.016987
-0.017002
-0.017017
-0.017033
-0.017048
-0.017063
-0.017078
-0.017093
-0.017109
-0.017124
-0.017139
-0.017155
-0.017170
-0.017185
-0.017201
-0.017216
-0.017232
-0.017247
-0.017263
-0.017278
-0.017294
-0.017310
-0.017325
-0.017341
-0.017357
-0.017373
-0.017388
-0.017404
-0.017420
-0.017436
-0.017452
-0.017468
-0.017484
-0.017500
-0.017516
-0.017532
-0.017548
-0.017564
-0.017580
-0.017596
-0.017612
-0.017629
-0.017645
-0.017661
-0.017677
-0.017694
-0.017710
-0.017726
-0.017743
-0.017759
-0.017776
-0.017792
-0.017809
-0.017825
-0.017842
-0.017859
-0.017875
-0.017892
-0.017909
-0.017925
-0.017942
-0.017959
-0.017976
-0.017993
-0.018009
-0.018026
-0.018043
-0.018060
-0.018077
-0.018094
-0.018111
-0.018128
-0.018145
-0.018163
-0.018180
-0.018197
-0.018214
-0.018231
-0.018249
-0.018266
-0.018283
-0.018301
-0.018318
-0.018335
-0.018353
-0.018370
-0.018388
-0.018405
-0.018423
-0.018441
-0.018458
-0.018476
-0.018494
-0.018511
-0.018529
-0.018547
-0.018565
-0.018582
-0.018600
-0.018618
-0.018636
-0.018654
-0.018672
-0.018690
-0.018708
-0.018726
-0.018744
-0.018762
-0.018780
-0.018799
-0.018817
-0.018835
-0.018853
-0.018872
-0.018890
-0.018908
-0.018927
-0.018945
-0.018964
-0.018982
-0.019001
-0.019019
-0.019038
-0.019056
-0.019075
-0.019094
-0.019112
-0.019131
-0.019150
-0.019168
-0.019187
-0.019206
-0.019225
-0.019244
-0.019263
-0.019282
-0.019301
-0.019320
-0.019339
-0.019358
-0.019377
-0.019396
-0.019415
-0.019434
-0.019453
-0.019473
-0.019492
-0.019511
-0.019531
-0.019550
-0.019569
-0.019589
-0.019608
-0.019628
-0.019647
-0.019667
-0.019686
-0.019706
-0.019725
-0.019745
-0.019765
-0.019785
-0.019804
-0.019824
-0.019844
-0.019864
-0.019884
-0.019903
-0.019923
-0.019943
-0.019963
-0.019983
-0.020003
-0.020023
-0.020044
-0.020064
-0.020084
-0.020104
-0.020124
-0.020145
-0.020165
-0.020185
-0.020205
-0.020226
-0.020246
-0.020267
-0.020287
-0.020308
-0.020328
-0.020349
-0.020369
-0.020390
-0.020411
-0.020431
-0.020452
-0.020473
-0.020493
-0.020514
-0.020535
-0.020556
-0.020577
-0.020598
-0.020619
-0.020640
-0.020661
-0.020682
-0.020703
-0.020724
-0.020745
-0.020766
-0.020787
-0.020809
-0.020830
-0.020851
-0.020873
-0.020894
-0.020915
-0.020937
-0.020958
-0.020980
-0.021001
-0.021023
-0.021044
-0.021066
-0.021087
-0.021109
-0.021131
-0.021152
-0.021174
-0.021196
-0.021218
-0.021240
-0.021261
-0.021283
-0.021305
-0.021327
-0.021349
-0.021371
-0.021393
-0.021415
-0.021437
-0.021460
-0.021482
-0.021504
-0.021526
-0.021549
-0.021571
-0.021593
-0.021615
-0.021638
-0.021660
-0.021683
-0.021705
-0.021728
-0.021750
-0.021773
-0.021796
-0.021818
-0.021841
-0.021864
-0.021886
-0.021909
-0.021932
-0.021955
-0.021978
-0.022000
-0.022023
-0.022046
-0.022069
-0.022092
-0.022115
-0.022138
-0.022162
-0.022185
-0.022208
-0.022231
-0.022254
-0.022278
-0.022301
-0.022324
-0.022348
-0.022371
-0.022394
-0.022418
-0.022441
-0.022465
-0.022488
-0.022512
-0.022536
-0.022559
-0.022583
-0.022607
-0.022630
-0.022654
-0.022678
-0.022702
-0.022726
-0.022750
-0.022774
-0.022797
-0.022821
-0.022845
-0.022870
-0.022894
-0.022918
-0.022942
-0.022966
-0.022990
-0.023015
-0.023039
-0.023063
-0.023088
-0.023112
-0.023136
-0.023161
-0.023185
-0.023210
-0.023234
-0.023259
-0.023284
-0.023308
-0.023333
-0.023358
-0.023382
-0.023407
-0.023432
-0.023457
-0.023482
-0.023506
-0.023531
-0.023556
-0.023581
-0.023606
-0.023631
-0.023656
-0.023682
-0.023707
-0.023732
-0.023757
-0.023782
-0.023808
-0.023833
-0.023858
-0.023884
-0.023909
-0.023935
-0.023960
-0.023986
-0.024011
-0.024037
-0.024062
-0.024088
-0.024114
-0.024139
-0.024165
-0.024191
-0.024217
-0.024243
-0.024269
-0.024294
-0.024320
-0.024346
-0.024372
-0.024398
-0.024424
-0.024451
-0.024477
-0.024503
-0.024529
-0.024555
-0.024582
-0.024608
-0.024634
-0.024661
-0.024687
-0.024714
-0.024740
-0.024767
-0.024793
-0.024820
-0.024846
-0.024873
-0.024900
-0.024926
-0.024953
-0.024980
-0.025007
-0.025033
-0.025060
-0.025087
-0.025114
-0.025141
-0.025168
-0.025195
-0.025222
-0.025249
-0.025277
-0.025304
-0.025331
-0.025358
-0.025386
-0.025413
-0.025440
-0.025468
-0.025495
-0.025522
-0.025550
-0.025578
-0.025605
-0.025633
-0.025660
-0.025688
-0.025716
-0.025743
-0.025771
-0.025799
-0.025827
-0.025855
-0.025883
-0.025910
-0.025938
-0.025966
-0.025994
-0.026023
-0.026051
-0.026079
-0.026107
-0.026135
-0.026163
-0.026192
-0.026220
-0.026248
-0.026277
-0.026305
-0.026334
-0.026362
-0.026391
-0.026419
-0.026448
-0.026476
-0.026505
-0.026534
-0.026562
-0.026591
-0.026620
-0.026649
-0.026678
-0.026707
-0.026736
-0.026765
-0.026794
-0.026823
-0.026852
-0.026881
-0.026910
-0.026939
-0.026968
-0.026998
-0.027027
-0.027056
-0.027086
-0.027115
-0.027145
-0.027174
-0.027204
-0.027233
-0.027263
-0.027292
-0.027322
-0.027352
-0.027381
-0.027411
-0.027441
-0.027471
-0.027501
-0.027530
-0.027560
-0.027590
-0.027620
-0.027650
-0.027681
-0.027711
-0.027741
-0.027771
-0.027801
-0.027831
-0.027862
-0.027892
-0.027922
-0.027953
-0.027983
-0.028014
-0.028044
-0.028075
-0.028105
-0.028136
-0.028167
-0.028197
-0.028228
-0.028259
-0.028290
-0.028321
-0.028351
-0.028382
-0.028413
-0.028444
-0.028475
-0.028506
-0.028538
-0.028569
-0.028600
-0.028631
-0.028662
-0.028694
-0.028725
-0.028756
-0.028788
-0.028819
-0.028851
-0.028882
-0.028914
-0.028945
-0.028977
-0.029009
-0.029040
-0.029072
-0.029104
-0.029136
-0.029167
-0.029199
-0.029231
-0.029263
-0.029295
-0.029327
-0.029359
-0.029391
-0.029424
-0.029456
-0.029488
-0.029520
-0.029552
-0.029585
-0.029617
-0.029650
-0.029682
-0.029715
-0.029747
-0.029780
-0.029812
-0.029845
-0.029878
-0.029910
-0.029943
-0.029976
-0.030009
-0.030042
-0.030074
-0.030107
-0.030140
-0.030173
-0.030206
-0.030240
-0.030273
-0.030306
-0.030339
-0.030372
-0.030406
-0.030439
-0.030472
-0.030506
-0.030539
-0.030573
-0.030606
-0.030640
-0.030673
-0.030707
-0.030741
-0.030775
-0.030808
-0.030842
-0.030876
-0.030910
-0.030944
-0.030978
-0.031012
-0.031046
-0.031080
-0.031114
-0.031148
-0.031182
-0.031217
-0.031251
-0.031285
-0.031320
-0.031354
-0.031388
-0.031423
-0.031457
-0.031492
-0.031527
-0.031561
-0.031596
-0.031631
-0.031665
-0.031700
-0.031735
-0.031770
-0.031805
-0.031840
-0.031875
-0.031910
-0.031945
-0.031980
-0.032015
-0.032050
-0.032086
-0.032121
-0.032156
-0.032192
-0.032227
-0.032262
-0.032298
-0.032333
-0.032369
-0.032405
-0.032440
-0.032476
-0.032512
-0.032548
-0.032583
-0.032619
-0.032655
-0.032691
-0.032727
-0.032763
-0.032799
-0.032835
-0.032871
-0.032908
-0.032944
-0.032980
-0.033016
-0.033053
-0.033089
-0.033126
-0.033162
-0.033199
-0.033235
-0.033272
-0.033309
-0.033345
-0.033382
-0.033419
-0.033456
-0.033492
-0.033529
-0.033566
-0.033603
-0.033640
-0.033677
-0.033715
-0.033752
-0.033789
-0.033826
-0.033863
-0.033901
-0.033938
-0.033976
-0.034013
-0.034051
-0.034088
-0.034126
-0.034163
-0.034201
-0.034239
-0.034277
-0.034314
-0.034352
-0.034390
-0.034428
-0.034466
-0.034504
-0.034542
-0.034580
-0.034618
-0.034657
-0.034695
-0.034733
-0.034772
-0.034810
-0.034848
-0.034887
-0.034925
-0.034964
-0.035003
-0.035041
-0.035080
-0.035119
-0.035157
-0.035196
-0.035235
-0.035274
-0.035313
-0.035352
-0.035391
-0.035430
-0.035469
-0.035509
-0.035548
-0.035587
-0.035626
-0.035666
-0.035705
-0.035745
-0.035784
-0.035824
-0.035863
-0.035903
-0.035943
-0.035982
-0.036022
-0.036062
-0.036102
-0.036142
-0.036182
-0.036222
-0.036262
-0.036302
-0.036342
-0.036382
-0.036422
-0.036463
-0.036503
-0.036543
-0.036584
-0.036624
-0.036665
-0.036705
-0.036746
-0.036787
-0.036827
-0.036868
-0.036909
-0.036950
-0.036991
-0.037032
-0.037073
-0.037114
-0.037155
-0.037196
-0.037237
-0.037278
-0.037320
-0.037361
-0.037402
-0.037444
-0.037485
-0.037527
-0.037568
-0.037610
-0.037651
-0.037693
-0.037735
-0.037777
-0.037819
-0.037861
-0.037902
-0.037944
-0.037987
-0.038029
-0.038071
-0.038113
-0.038155
-0.038197
-0.038240
-0.038282
-0.038325
-0.038367
-0.038410
-0.038452
-0.038495
-0.038538
-0.038580
-0.038623
-0.038666
-0.038709
-0.038752
-0.038795
-0.038838
-0.038881
-0.038924
-0.038967
-0.039010
-0.039054
-0.039097
-0.039140
-0.039184
-0.039227
-0.039271
-0.039314
-0.039358
-0.039402
-0.039445
-0.039489
-0.039533
-0.039577
-0.039621
-0.039665
-0.039709
-0.039753
-0.039797
-0.039841
-0.039886
-0.039930
-0.039974
-0.040019
-0.040063
-0.040108
-0.040152
-0.040197
-0.040241
-0.040286
-0.040331
-0.040376
-0.040421
-0.040466
-0.040511
-0.040556
-0.040601
-0.040646
-0.040691
-0.040736
-0.040781
-0.040827
-0.040872
-0.040918
-0.040963
-0.041009
-0.041054
-0.041100
-0.041146
-0.041192
-0.041237
-0.041283
-0.041329
-0.041375
-0.041421
-0.041467
-0.041513
-0.041560
-0.041606
-0.041652
-0.041699
-0.041745
-0.041791
-0.041838
-0.041885
-0.041931
-0.041978
-0.042025
-0.042071
-0.042118
-0.042165
-0.042212
-0.042259
-0.042306
-0.042353
-0.042401
-0.042448
-0.042495
-0.042543
-0.042590
-0.042637
-0.042685
-0.042733
-0.042780
-0.042828
-0.042876
-0.042923
-0.042971
-0.043019
-0.043067
-0.043115
-0.043163
-0.043212
-0.043260
-0.043308
-0.043356
-0.043405
-0.043453
-0.043502
-0.043550
-0.043599
-0.043647
-0.043696
-0.043745
-0.043794
-0.043843
-0.043892
-0.043941
-0.043990
-0.044039
-0.044088
-0.044137
-0.044187
-0.044236
-0.044285
-0.044335
-0.044384
-0.044434
-0.044484
-0.044533
-0.044583
-0.044633
-0.044683
-0.044733
-0.044783
-0.044833
-0.044883
-0.044933
-0.044984
-0.045034
-0.045084
-0.045135
-0.045185
-0.045236
-0.045286
-0.045337
-0.045388
-0.045439
-0.045490
-0.045541
-0.045592
-0.045643
-0.045694
-0.045745
-0.045796
-0.045847
-0.045899
-0.045950
-0.046002
-0.046053
-0.046105
-0.046156
-0.046208
-0.046260
-0.046312
-0.046364
-0.046416
-0.046468
-0.046520
-0.046572
-0.046624
-0.046677
-0.046729
-0.046781
-0.046834
-0.046886
-0.046939
-0.046992
-0.047045
-0.047097
-0.047150
-0.047203
-0.047256
-0.047309
-0.047362
-0.047416
-0.047469
-0.047522
-0.047576
-0.047629
-0.047682
-0.047736
-0.047790
-0.047843
-0.047897
-0.047951
-0.048005
-0.048059
-0.048113
-0.048167
-0.048221
-0.048276
-0.048330
-0.048384
-0.048439
-0.048493
-0.048548
-0.048602
-0.048657
-0.048712
-0.048767
-0.048822
-0.048877
-0.048932
-0.048987
-0.049042
-0.049097
-0.049153
-0.049208
-0.049263
-0.049319
-0.049375
-0.049430
-0.049486
-0.049542
-0.049598
-0.049654
-0.049710
-0.049766
-0.049822
-0.049878
-0.049934
-0.049991
-0.050047
-0.050104
-0.050160
-0.050217
-0.050274
-0.050330
-0.050387
-0.050444
-0.050501
-0.050558
-0.050615
-0.050673
-0.050730
-0.050787
-0.050845
-0.050902
-0.050960
-0.051017
-0.051075
-0.051133
-0.051191
-0.051249
-0.051307
-0.051365
-0.051423
-0.051481
-0.051539
-0.051598
-0.051656
-0.051715
-0.051773
-0.051832
-0.051891
-0.051949
-0.052008
-0.052067
-0.052126
-0.052185
-0.052244
-0.052304
-0.052363
-0.052422
-0.052482
-0.052541
-0.052601
-0.052661
-0.052721
-0.052780
-0.052840
-0.052900
-0.052960
-0.053021
-0.053081
-0.053141
-0.053202
-0.053262
-0.053323
-0.053383
-0.053444
-0.053505
-0.053565
-0.053626
-0.053687
-0.053748
-0.053810
-0.053871
-0.053932
-0.053994
-0.054055
-0.054117
-0.054178
-0.054240
-0.054302
-0.054364
-0.054426
-0.054488
-0.054550
-0.054612
-0.054674
-0.054737
-0.054799
-0.054861
-0.054924
-0.054987
-0.055049
-0.055112
-0.055175
-0.055238
-0.055301
-0.055364
-0.055428
-0.055491
-0.055554
-0.055618
-0.055681
-0.055745
-0.055809
-0.055873
-0.055936
-0.056000
-0.056065
-0.056129
-0.056193
-0.056257
-0.056322
-0.056386
-0.056451
-0.056515
-0.056580
-0.056645
-0.056710
-0.056775
-0.056840
-0.056905
-0.056970
-0.057035
-0.057101
-0.057166
-0.057232
-0.057298
-0.057363
-0.057429
-0.057495
-0.057561
-0.057627
-0.057693
-0.057760
-0.057826
-0.057893
-0.057959
-0.058026
-0.058092
-0.058159
-0.058226
-0.058293
-0.058360
-0.058427
-0.058494
-0.058562
-0.058629
-0.058697
-0.058764
-0.058832
-0.058900
-0.058968
-0.059036
-0.059104
-0.059172
-0.059240
-0.059308
-0.059377
-0.059445
-0.059514
-0.059582
-0.059651
-0.059720
-0.059789
-0.059858
-0.059927
-0.059996
-0.060066
-0.060135
-0.060205
-0.060274
-0.060344
-0.060414
-0.060484
-0.060554
-0.060624
-0.060694
-0.060764
-0.060835
-0.060905
-0.060976
-0.061046
-0.061117
-0.061188
-0.061259
-0.061330
-0.061401
-0.061472
-0.061543
-0.061615
-0.061686
-0.061758
-0.061829
-0.061901
-0.061973
-0.062045
-0.062117
-0.062189
-0.062262
-0.062334
-0.062406
-0.062479
-0.062552
-0.062625
-0.062697
-0.062770
-0.062843
-0.062917
-0.062990
-0.063063
-0.063137
-0.063210
-0.063284
-0.063358
-0.063432
-0.063506
-0.063580
-0.063654
-0.063728
-0.063802
-0.063877
-0.063951
-0.064026
-0.064101
-0.064176
-0.064251
-0.064326
-0.064401
-0.064476
-0.064552
-0.064627
-0.064703
-0.064779
-0.064854
-0.064930
-0.065006
-0.065083
-0.065159
-0.065235
-0.065312
-0.065388
-0.065465
-0.065542
-0.065618
-0.065695
-0.065773
-0.065850
-0.065927
-0.066004
-0.066082
-0.066160
-0.066237
-0.066315
-0.066393
-0.066471
-0.066549
-0.066628
-0.066706
-0.066785
-0.066863
-0.066942
-0.067021
-0.067100
-0.067179
-0.067258
-0.067337
-0.067417
-0.067496
-0.067576
-0.067655
-0.067735
-0.067815
-0.067895
-0.067975
-0.068056
-0.068136
-0.068217
-0.068297
-0.068378
-0.068459
-0.068540
-0.068621
-0.068702
-0.068783
-0.068865
-0.068946
-0.069028
-0.069110
-0.069192
-0.069274
-0.069356
-0.069438
-0.069520
-0.069603
-0.069685
-0.069768
-0.069851
-0.069934
-0.070017
-0.070100
-0.070183
-0.070267
-0.070350
-0.070434
-0.070518
-0.070602
-0.070686
-0.070770
-0.070854
-0.070938
-0.071023
-0.071107
-0.071192
-0.071277
-0.071362
-0.071447
-0.071532
-0.071618
-0.071703
-0.071789
-0.071874
-0.071960
-0.072046
-0.072132
-0.072219
-0.072305
-0.072391
-0.072478
-0.072565
-0.072652
-0.072738
-0.072826
-0.072913
-0.073000
-0.073088
-0.073175
-0.073263
-0.073351
-0.073439
-0.073527
-0.073615
-0.073703
-0.073792
-0.073881
-0.073969
-0.074058
-0.074147
-0.074236
-0.074326
-0.074415
-0.074505
-0.074594
-0.074684
-0.074774
-0.074864
-0.074954
-0.075045
-0.075135
-0.075226
-0.075316
-0.075407
-0.075498
-0.075589
-0.075681
-0.075772
-0.075863
-0.075955
-0.076047
-0.076139
-0.076231
-0.076323
-0.076415
-0.076508
-0.076601
-0.076693
-0.076786
-0.076879
-0.076972
-0.077066
-0.077159
-0.077253
-0.077346
-0.077440
-0.077534
-0.077628
-0.077723
-0.077817
-0.077912
-0.078006
-0.078101
-0.078196
-0.078291
-0.078387
-0.078482
-0.078577
-0.078673
-0.078769
-0.078865
-0.078961
-0.079057
-0.079154
-0.079250
-0.079347
-0.079444
-0.079541
-0.079638
-0.079735
-0.079833
-0.079930
-0.080028
-0.080126
-0.080224
-0.080322
-0.080420
-0.080519
-0.080617
-0.080716
-0.080815
-0.080914
-0.081013
-0.081113
-0.081212
-0.081312
-0.081412
-0.081512
-0.081612
-0.081712
-0.081812
-0.081913
-0.082014
-0.082115
-0.082216
-0.082317
-0.082418
